кэВ    имп*м*м/с
0  1.0965
1  0.1593
2  0.2870
3  0.3330
4  0.4010
5  0.4696
6  0.5151
7  0.5674
8  0.6195
9  0.6627
10  0.6961
11  0.6879
12  0.6336
13  0.5293
14  0.4558
15  0.3692
16  0.3234
17  0.2802
18  0.3274
19  0.3922
20  0.4533
21  0.4570
22  0.4682
23  0.4938
24  0.5625
25  0.6191
26  0.6679
27  0.6495
28  0.6312
29  0.6051
30  0.6171
31  0.6502
32  0.7203
33  0.7925
34  0.8276
35  0.8214
36  0.8179
37  0.8237
38  0.8482
39  0.8624
40  0.9171
41  1.0107
42  1.1687
43  1.3267
44  1.4856
45  1.7043
46  2.0125
47  2.3984
48  2.9381
49  3.5552
50  4.2876
51  5.0180
52  5.9587
53  6.9250
54  7.9259
55  9.0112
56  10.3599
57  12.1078
58  13.6241
59  14.8527
60  16.3794
61  18.8048
62  21.8926
63  24.5191
64  27.0772
65  30.1693
66  34.1007
67  38.2616
68  40.9061
69  43.8636
70  45.8096
71  49.1624
72  50.3845
73  51.6085
74  51.7482
75  51.7852
76  50.6115
77  51.0399
78  51.2830
79  51.7510
80  51.8331
81  52.6040
82  53.6154
83  53.7834
84  54.6647
85  56.1149
86  56.0459
87  55.0710
88  53.8445
89  53.2899
90  53.9555
91  54.3909
92  55.3369
93  56.9451
94  59.9905
95  64.2670
96  66.8808
97  68.7220
98  70.8512
99  73.4971
100  76.9334
101  79.6454
102  79.8788
103  80.5453
104  82.8214
105  86.7078
106  94.0535
107  101.0386
108  111.0745
109  115.7109
110  121.9594
111  129.4607
112  144.4920
113  155.5972
114  168.3892
115  176.4349
116  186.8994
117  188.9216
118  179.3903
119  189.5162
120  215.5531
121  285.1408
122  293.0896
123  287.1544
124  260.0422
125  282.4236
126  296.2067
127  300.8755
128  292.6478
129  290.9248
130  274.3067
131  261.1478
132  244.1164
133  242.4119
134  238.3336
135  231.3623
136  237.4273
137  260.5584
138  276.6383
139  255.9341
140  217.9567
141  194.9813
142  186.7000
143  190.7347
144  193.1582
145  199.6692
146  201.2545
147  205.4600
148  205.0655
149  199.3108
150  196.2823
151  192.7363
152  174.7727
153  158.8269
154  144.1042
155  150.5216
156  146.6863
157  146.3551
158  137.3654
159  130.8312
160  125.7268
161  120.8732
162  124.6798
163  118.7978
164  112.8313
165  106.8673
166  109.2645
167  108.3848
168  107.4586
169  104.2067
170  104.8988
171  99.0647
172  94.5129
173  92.4651
174  95.6458
175  98.5147
176  97.6332
177  92.3919
178  87.8983
179  85.0647
180  88.1990
181  93.9495
182  99.9089
183  103.0996
184  102.2497
185  101.4514
186  100.8679
187  101.1458
188  104.1268
189  98.8316
190  93.5710
191  85.6486
192  85.5737
193  84.0210
194  82.7613
195  79.8283
196  77.8844
197  72.0399
198  66.8148
199  61.1519
200  57.2182
201  56.6383
202  54.5777
203  54.2386
204  50.9258
205  49.5812
206  46.2856
207  43.7073
208  41.8564
209  41.4885
210  41.2671
211  40.5872
212  39.8330
213  38.3091
214  35.1622
215  32.9508
216  31.8924
217  31.8772
218  31.7414
219  31.4428
220  32.3969
221  32.3029
222  31.5357
223  30.0062
224  29.1514
225  28.3208
226  27.7101
227  26.9720
228  26.3403
229  25.7401
230  24.5146
231  23.7544
232  22.9454
233  23.0338
234  22.3710
235  21.9406
236  21.3402
237  21.1843
238  20.8570
239  20.5619
240  20.2859
241  20.0306
242  19.8009
243  19.4491
244  18.9917
245  18.4550
246  17.9031
247  17.5875
248  17.2294
249  16.8528
250  16.8698
251  16.5057
252  16.4446
253  15.9720
254  16.3317
255  16.1369
256  15.9154
257  15.3785
258  15.1702
259  14.9965
260  14.7252
261  14.4955
262  14.1270
263  13.9789
264  13.9307
265  13.8916
266  13.6693
267  13.2180
268  13.0444
269  12.9876
270  13.1786
271  13.0202
272  12.8177
273  12.5136
274  12.3299
275  12.2034
276  11.9909
277  11.8541
278  11.7421
279  11.5759
280  11.5618
281  11.5065
282  11.7078
283  11.7772
284  11.7376
285  11.5684
286  11.2919
287  11.0837
288  10.6805
289  10.5410
290  10.3462
291  10.3446
292  10.0682
293  9.9652
294  10.0168
295  10.2652
296  10.1908
297  10.1557
298  9.8534
299  9.6736
300  9.3452
301  9.0608
302  8.8740
303  8.6891
304  8.6247
305  8.7119
306  8.8452
307  8.9792
308  8.9357
309  8.8493
310  8.7613
311  8.6803
312  8.3565
313  8.2988
314  8.2471
315  8.4695
316  8.3668
317  8.2785
318  8.4180
319  8.4883
320  8.4479
321  8.2511
322  8.1144
323  8.0459
324  7.8072
325  7.7235
326  7.7386
327  7.8036
328  7.7008
329  7.5154
330  7.4695
331  7.5525
332  7.7666
333  7.8314
334  7.6430
335  7.3777
336  7.1793
337  6.9157
338  6.8600
339  6.7980
340  7.0330
341  6.8851
342  6.9364
343  6.8209
344  6.9405
345  6.8871
346  6.8650
347  6.8105
348  6.6473
349  6.4999
350  6.4362
351  6.4289
352  6.5007
353  6.4463
354  6.4158
355  6.2474
356  6.0738
357  5.8712
358  5.7889
359  5.8178
360  5.9020
361  6.0332
362  6.2585
363  6.2654
364  6.2862
365  6.1461
366  6.2056
367  6.2367
368  6.2057
369  6.0824
370  5.9814
371  5.9222
372  5.8468
373  5.7319
374  5.6167
375  5.6328
376  5.5136
377  5.4859
378  5.5306
379  5.6884
380  5.6299
381  5.4991
382  5.4327
383  5.4790
384  5.5353
385  5.6208
386  5.8053
387  5.8273
388  5.7786
389  5.6069
390  5.5382
391  5.3999
392  5.2238
393  5.1444
394  5.2399
395  5.3473
396  5.2735
397  5.1307
398  5.0980
399  5.1230
400  5.1953
401  5.1270
402  5.0693
403  4.8709
404  4.9453
405  4.8824
406  4.9514
407  4.8939
408  5.0054
409  5.0786
410  5.0401
411  4.9357
412  4.8182
413  4.8471
414  5.0052
415  5.2119
416  5.1700
417  5.0299
418  4.7458
419  4.5586
420  4.4714
421  4.4858
422  4.6236
423  4.7624
424  4.8289
425  4.7944
426  4.7322
427  4.7531
428  4.7677
429  4.8027
430  4.7231
431  4.6497
432  4.4655
433  4.4353
434  4.3647
435  4.4094
436  4.4351
437  4.5654
438  4.5311
439  4.3941
440  4.1723
441  4.1345
442  4.1553
443  4.2499
444  4.2653
445  4.2723
446  4.2324
447  4.2278
448  4.2606
449  4.1777
450  4.2371
451  4.2463
452  4.4253
453  4.4065
454  4.4310
455  4.4204
456  4.4029
457  4.3719
458  4.2983
459  4.2577
460  4.1541
461  4.0690
462  4.0060
463  3.9862
464  3.9953
465  3.9578
466  3.7874
467  3.7123
468  3.5922
469  3.5534
470  3.4539
471  3.3330
472  3.2825
473  3.2315
474  3.0991
475  3.0830
476  2.9548
477  2.9137
478  2.7736
479  2.5780
480  2.4932
481  2.3770
482  2.3423
483  2.2533
484  2.1933
485  2.2427
486  2.2849
487  2.1869
488  2.0365
489  1.9196
490  1.9372
491  1.9698
492  1.9648
493  1.9369
494  1.9046
495  1.8556
496  1.8020
497  1.7317
498  1.7048
499  1.6634
500  1.6694
501  1.6698
502  1.6745
503  1.6616
504  1.6237
505  1.6013
506  1.5648
507  1.5579
508  1.5511
509  1.5415
510  1.5339
511  1.4993
512  1.4480
513  1.4160
514  1.4244
515  1.4197
516  1.3551
517  1.2344
518  1.1769
519  1.2124
520  1.2798
521  1.3006
522  1.2718
523  1.2491
524  1.3262
525  1.4022
526  1.4591
527  1.3883
528  1.3120
529  1.1953
530  1.1823
531  1.2550
532  1.3539
533  1.3543
534  1.3052
535  1.3317
536  1.4232
537  1.4708
538  1.4551
539  1.3859
540  1.3500
541  1.3710
542  1.3794
543  1.3680
544  1.3119
545  1.3663
546  1.3169
547  1.2851
548  1.1740
549  1.2234
550  1.2239
551  1.2509
552  1.2371
553  1.2276
554  1.2310
555  1.2078
556  1.2138
557  1.1842
558  1.1547
559  1.1455
560  1.1535
561  1.1619
562  1.1534
563  1.1244
564  1.1039
565  1.1674
566  1.1945
567  1.2090
568  1.1038
569  1.0814
570  1.1231
571  1.1269
572  1.1070
573  1.0505
574  1.0955
575  1.1276
576  1.1501
577  1.1453
578  1.2465
579  1.2627
580  1.3032
581  1.2348
582  1.2028
583  1.1609
584  1.1120
585  1.1133
586  1.0757
587  1.0453
588  1.0233
589  1.0497
590  1.1030
591  1.1541
592  1.1846
593  1.1790
594  1.1187
595  1.1250
596  1.0986
597  1.1002
598  1.0990
599  1.1329
600  1.2274
601  1.2307
602  1.2056
603  1.1688
604  1.1706
605  1.1880
606  1.1470
607  1.1457
608  1.1764
609  1.2462
610  1.2700
611  1.2696
612  1.2563
613  1.2409
614  1.2392
615  1.2384
616  1.2494
617  1.2616
618  1.2809
619  1.3461
620  1.4040
621  1.4331
622  1.3635
623  1.4238
624  1.3911
625  1.4735
626  1.4793
627  1.5671
628  1.6633
629  1.6594
630  1.7315
631  1.7514
632  1.8194
633  1.9461
634  2.0263
635  2.0914
636  2.0425
637  2.0560
638  2.0745
639  2.0948
640  2.1598
641  2.2665
642  2.4074
643  2.4623
644  2.6104
645  2.8318
646  3.1492
647  3.4413
648  3.7988
649  4.2469
650  4.8164
651  5.4609
652  6.2543
653  7.2593
654  8.3694
655  9.4733
656  10.7132
657  11.8377
658  13.1650
659  14.2542
660  15.5885
661  16.5029
662  16.7101
663  16.2708
664  15.4526
665  14.1977
666  12.3177
667  10.2993
668  8.6022
669  7.1966
670  5.8981
671  4.7629
672  3.8912
673  3.0543
674  2.2938
675  1.6398
676  1.2274
677  0.8731
678  0.6104
679  0.3998
680  0.3106
681  0.2906
682  0.2718
683  0.2645
684  0.1968
685  0.1338
686  0.0448
687  0.0076
688  -0.0062
689  0.0143
690  -0.0121
691  -0.0013
692  0.0014
693  0.0289
694  -0.0050
695  -0.0175
696  -0.0369
697  -0.0335
698  -0.0315
699  0.0145
700  0.0500
701  0.0502
702  0.0048
703  -0.0059
704  0.0061
705  0.0321
706  0.0334
707  0.0144
708  -0.0052
709  -0.0149
710  0.0068
711  0.0352
712  0.0503
713  0.0232
714  -0.0050
715  -0.0391
716  -0.0317
717  -0.0314
718  -0.0118
719  -0.0013
720  0.0220
721  0.0445
722  0.0680
723  0.0890
724  0.0578
725  0.0250
726  -0.0188
727  -0.0227
728  -0.0088
729  0.0144
730  0.0597
731  0.0923
732  0.0995
733  0.0911
734  0.0714
735  0.0529
736  0.0438
737  0.0329
738  0.0331
739  0.0100
740  -0.0193
741  -0.0408
742  -0.0298
743  0.0186
744  0.0232
745  0.0502
746  0.0267
747  0.0204
748  -0.0149
749  -0.0241
750  -0.0105
751  -0.0082
752  0.0021
753  0.0209
754  0.0437
755  0.0588
756  0.0329
757  -0.0076
758  -0.0344
759  -0.0051
760  0.0207
761  0.0178
762  -0.0031
763  0.0024
764  0.0156
765  0.0080
766  -0.0039
767  -0.0077
768  0.0020
769  0.0207
770  0.0291
771  0.0395
772  0.0324
773  0.0214
774  -0.0265
775  -0.0634
776  -0.0747
777  -0.0616
778  -0.0412
779  -0.0358
780  -0.0191
781  -0.0377
782  -0.0388
783  -0.0579
784  -0.0759
785  -0.0509
786  -0.0454
787  -0.0176
788  -0.0552
789  -0.0458
790  -0.0554
791  -0.0368
792  -0.0033
793  0.0558
794  0.0485
795  0.0218
796  -0.0205
797  0.0009
798  0.0048
799  0.0243
800  0.0142
801  0.0066
802  -0.0046
803  -0.0055
804  0.0135
805  0.0356
806  0.0371
807  0.0155
808  -0.0228
809  -0.0439
810  -0.0496
811  -0.0280
812  0.0012
813  0.0323
814  -0.0008
815  -0.0139
816  -0.0377
817  -0.0173
818  -0.0264
819  -0.0480
820  -0.0696
821  -0.0832
822  -0.0574
823  -0.0577
824  -0.0382
825  -0.0248
826  -0.0065
827  -0.0084
828  0.0012
829  0.0412
830  0.0912
831  0.1147
832  0.1129
833  0.0899
834  0.0563
835  0.0237
836  -0.0084
837  -0.0343
838  -0.0490
839  -0.0518
840  -0.0399
841  -0.0314
842  -0.0343
843  0.0029
844  -0.0062
845  -0.0109
846  -0.0801
847  -0.0678
848  -0.0662
849  -0.0484
850  -0.0636
851  -0.0508
852  -0.0305
853  -0.0021
854  0.0069
855  -0.0055
856  -0.0255
857  -0.0142
858  0.0187
859  0.0667
860  0.0725
861  0.0375
862  -0.0074
863  -0.0300
864  -0.0386
865  -0.0199
866  -0.0170
867  -0.0055
868  -0.0109
869  -0.0429
870  -0.0626
871  -0.0931
872  -0.0698
873  -0.0631
874  -0.0344
875  0.0025
876  0.0037
877  0.0077
878  -0.0306
879  -0.0312
880  -0.0390
881  -0.0394
882  -0.0199
883  -0.0191
884  -0.0160
885  -0.0159
886  -0.0073
887  0.0068
888  0.0115
889  -0.0032
890  -0.0078
891  -0.0141
892  -0.0144
893  -0.0085
894  0.0074
895  0.0268
896  0.0281
897  0.0323
898  0.0358
899  0.0365
900  0.0204
901  0.0116
902  0.0211
903  0.0358
904  0.0383
905  0.0513
906  0.0301
907  0.0213
908  -0.0062
909  -0.0054
910  -0.0113
911  -0.0175
912  -0.0145
913  -0.0142
914  -0.0361
915  -0.0333
916  -0.0361
917  -0.0263
918  -0.0409
919  -0.0463
920  -0.0285
921  0.0098
922  0.0346
923  0.0597
924  0.0576
925  0.0626
926  0.0483
927  0.0403
928  0.0331
929  0.0225
930  0.0034
931  -0.0050
932  -0.0166
933  -0.0278
934  -0.0396
935  -0.0267
936  0.0087
937  0.0546
938  0.0708
939  0.0491
940  -0.0057
941  -0.0443
942  -0.0595
943  -0.0197
944  0.0084
945  0.0415
946  0.0350
947  0.0289
948  0.0143
949  0.0125
950  0.0339
951  0.0376
952  0.0377
953  0.0081
954  -0.0136
955  -0.0252
956  -0.0087
957  0.0258
958  0.0444
959  0.0494
960  0.0323
961  0.0063
962  -0.0284
963  -0.0228
964  -0.0172
965  0.0017
966  0.0123
967  0.0116
968  0.0154
969  -0.0023
970  0.0015
971  0.0186
972  0.0210
973  0.0279
974  0.0231
975  0.0573
976  0.0641
977  0.0557
978  0.0380
979  0.0538
980  0.0611
981  0.0584
982  0.0399
983  0.0340
984  0.0113
985  -0.0145
986  -0.0330
987  -0.0205
988  0.0002
989  0.0160
990  0.0302
991  0.0544
992  0.0703
993  0.0639
994  0.0536
995  0.0552
996  0.0628
997  0.0445
998  0.0169
999  -0.0086
1000  -0.0114
1001  0.0084
1002  0.0194
1003  0.0224
1004  -0.0006
1005  -0.0089
1006  -0.0385
1007  -0.0547
1008  -0.0661
1009  -0.0423
1010  -0.0144
1011  0.0049
1012  0.0083
1013  0.0149
1014  0.0015
1015  0.0007
1016  -0.0067
1017  -0.0074
1018  -0.0038
1019  -0.0177
1020  -0.0261
1021  -0.0299
1022  -0.0101
1023  0.0186
1024  0.0242
1025  0.0321
1026  -0.0025
1027  0.0180
1028  0.0131
1029  0.0481
1030  0.0310
1031  0.0255
1032  0.0321
1033  0.0521
1034  0.0284
1035  0.0002
1036  -0.0472
1037  -0.0542
1038  -0.0520
1039  0.0039
1040  0.0561
1041  0.0860
1042  0.0437
1043  0.0207
1044  0.0134
1045  0.0459
1046  0.0610
1047  0.0616
1048  0.0385
1049  0.0071
1050  -0.0142
1051  -0.0146
1052  -0.0125
1053  -0.0177
1054  -0.0192
1055  -0.0113
1056  -0.0033
1057  -0.0193
1058  -0.0467
1059  -0.0464
1060  -0.0521
1061  -0.0324
1062  -0.0233
1063  -0.0045
1064  0.0312
1065  0.0359
1066  0.0255
1067  -0.0027
1068  -0.0171
1069  -0.0031
1070  0.0034
1071  0.0056
1072  0.0240
1073  0.0270
1074  0.0297
1075  -0.0094
1076  -0.0019
1077  0.0091
1078  0.0349
1079  0.0007
1080  -0.0215
1081  -0.0263
1082  0.0088
1083  0.0122
1084  0.0173
1085  0.0089
1086  0.0334
1087  0.0478
1088  0.0338
1089  0.0372
1090  0.0247
1091  0.0297
1092  0.0090
1093  -0.0182
1094  -0.0256
1095  -0.0169
1096  0.0195
1097  0.0441
1098  0.0530
1099  0.0481
1100  0.0512
1101  0.0633
1102  0.0722
1103  0.0636
1104  0.0608
1105  0.0336
1106  0.0179
1107  -0.0114
1108  -0.0067
1109  -0.0090
1110  -0.0048
1111  0.0033
1112  0.0155
1113  0.0259
1114  0.0027
1115  -0.0153
1116  -0.0340
1117  -0.0143
1118  0.0005
1119  0.0029
1120  -0.0192
1121  -0.0286
1122  -0.0292
1123  -0.0229
1124  -0.0375
1125  -0.0406
1126  -0.0355
1127  -0.0152
1128  -0.0022
1129  0.0272
1130  0.0193
1131  0.0158
1132  0.0005
1133  0.0021
1134  -0.0126
1135  -0.0247
1136  -0.0081
1137  -0.0060
1138  0.0074
1139  -0.0103
1140  -0.0175
1141  -0.0363
1142  -0.0428
1143  -0.0298
1144  -0.0334
1145  -0.0405
1146  -0.0399
1147  -0.0436
1148  -0.0352
1149  -0.0406
1150  -0.0231
1151  -0.0213
1152  -0.0171
1153  -0.0212
1154  -0.0225
1155  -0.0138
1156  -0.0210
1157  -0.0332
1158  -0.0550
1159  -0.0575
1160  -0.0409
1161  -0.0233
1162  -0.0094
1163  0.0009
1164  0.0050
1165  0.0052
1166  -0.0083
1167  -0.0156
1168  -0.0200
1169  -0.0159
1170  -0.0150
1171  -0.0008
1172  0.0039
1173  0.0146
1174  0.0176
1175  0.0069
1176  0.0074
1177  -0.0091
1178  -0.0059
1179  -0.0125
1180  -0.0172
1181  -0.0044
1182  0.0093
1183  0.0087
1184  0.0036
1185  -0.0153
1186  -0.0106
1187  -0.0093
1188  0.0063
1189  0.0205
1190  0.0307
1191  0.0192
1192  0.0192
1193  0.0214
1194  0.0192
1195  -0.0038
1196  -0.0243
1197  -0.0281
1198  -0.0020
1199  0.0040
1200  0.0192
1201  -0.0012
1202  0.0124
1203  0.0335
1204  0.0346
1205  0.0362
1206  0.0125
1207  0.0237
1208  0.0230
1209  0.0093
1210  0.0067
1211  0.0093
1212  0.0108
1213  0.0213
1214  0.0186
1215  0.0385
1216  0.0175
1217  0.0288
1218  0.0220
1219  0.0217
1220  -0.0049
1221  -0.0186
1222  -0.0227
1223  -0.0421
1224  -0.0269
1225  -0.0219
1226  -0.0064
1227  -0.0290
1228  -0.0192
1229  -0.0189
1230  0.0010
1231  -0.0061
1232  -0.0135
1233  -0.0327
1234  -0.0300
1235  -0.0058
1236  0.0298
1237  0.0348
1238  0.0195
1239  -0.0126
1240  -0.0265
1241  -0.0314
1242  -0.0239
1243  -0.0177
1244  -0.0141
1245  -0.0134
1246  -0.0052
1247  -0.0001
1248  -0.0085
1249  -0.0270
1250  -0.0273
1251  -0.0219
1252  -0.0112
1253  0.0032
1254  -0.0014
1255  -0.0075
1256  -0.0283
1257  -0.0224
1258  -0.0058
1259  -0.0004
1260  0.0065
1261  0.0097
1262  0.0117
1263  0.0092
1264  0.0015
1265  0.0079
1266  0.0069
1267  0.0087
1268  0.0113
1269  0.0244
1270  0.0249
1271  0.0224
1272  0.0148
1273  0.0186
1274  0.0303
1275  0.0210
1276  0.0124
1277  -0.0030
1278  0.0060
1279  0.0083
1280  0.0119
1281  0.0178
1282  0.0159
1283  0.0162
1284  -0.0018
1285  -0.0095
1286  -0.0254
1287  -0.0267
1288  -0.0307
1289  -0.0274
1290  -0.0214
1291  -0.0006
1292  0.0217
1293  0.0404
1294  0.0476
1295  0.0436
1296  0.0298
1297  0.0194
1298  0.0184
1299  0.0134
1300  -0.0078
1301  -0.0316
1302  -0.0385
1303  -0.0381
1304  -0.0331
1305  -0.0260
1306  -0.0034
1307  0.0136
1308  0.0186
1309  0.0080
1310  -0.0098
1311  -0.0100
1312  -0.0019
1313  0.0023
1314  -0.0036
1315  -0.0093
1316  -0.0048
1317  -0.0021
1318  -0.0049
1319  -0.0119
1320  -0.0126
1321  -0.0208
1322  -0.0224
1323  -0.0285
1324  -0.0314
1325  -0.0262
1326  -0.0160
1327  0.0115
1328  0.0273
1329  0.0371
1330  0.0346
1331  0.0301
1332  0.0244
1333  0.0250
1334  0.0243
1335  0.0191
1336  0.0060
1337  -0.0042
1338  -0.0055
1339  0.0032
1340  0.0243
1341  0.0395
1342  0.0374
1343  0.0187
1344  -0.0042
1345  -0.0115
1346  -0.0129
1347  -0.0026
1348  0.0094
1349  0.0119
1350  0.0109
1351  -0.0046
1352  -0.0195
1353  -0.0192
1354  -0.0247
1355  -0.0149
1356  -0.0179
1357  -0.0105
1358  -0.0055
1359  -0.0058
1360  -0.0020
1361  0.0021
1362  0.0026
1363  0.0082
1364  0.0143
1365  0.0199
1366  0.0120
1367  0.0094
1368  0.0176
1369  0.0330
1370  0.0211
1371  0.0181
1372  0.0155
1373  0.0318
1374  0.0305
1375  0.0313
1376  0.0265
1377  0.0206
1378  -0.0013
1379  0.0009
1380  -0.0005
1381  0.0075
1382  0.0057
1383  0.0093
1384  0.0192
1385  0.0172
1386  0.0029
1387  -0.0010
1388  -0.0062
1389  0.0026
1390  -0.0123
1391  -0.0169
1392  -0.0231
1393  -0.0160
1394  -0.0119
1395  -0.0138
1396  -0.0180
1397  -0.0315
1398  -0.0348
1399  -0.0317
1400  -0.0075
1401  0.0094
1402  0.0152
1403  0.0002
1404  -0.0011
1405  0.0093
1406  0.0311
1407  0.0390
1408  0.0530
1409  0.0465
1410  0.0296
1411  0.0100
1412  0.0115
1413  0.0206
1414  0.0105
1415  -0.0003
1416  -0.0075
1417  -0.0008
1418  0.0013
1419  -0.0032
1420  -0.0064
1421  -0.0098
1422  0.0020
1423  0.0135
1424  0.0119
1425  0.0116
1426  0.0169
1427  0.0188
1428  0.0084
1429  -0.0053
1430  0.0024
1431  0.0265
1432  0.0350
1433  0.0291
1434  0.0137
1435  0.0103
1436  0.0198
1437  0.0267
1438  0.0201
1439  -0.0069
1440  -0.0308
1441  -0.0455
1442  -0.0424
1443  -0.0363
1444  -0.0376
1445  -0.0383
1446  -0.0367
1447  -0.0168
1448  -0.0068
1449  0.0171
1450  0.0154
1451  0.0078
1452  -0.0104
1453  -0.0223
1454  -0.0262
1455  -0.0526
1456  -0.0416
1457  -0.0098
1458  0.0079
1459  0.0034
1460  -0.0148
1461  -0.0323
1462  -0.0447
1463  -0.0451
1464  0.0040
1465  0.0292
1466  0.0315
1467  -0.0041
1468  -0.0409
1469  -0.0495
1470  -0.0461
1471  -0.0227
1472  -0.0173
1473  -0.0268
1474  -0.0241
1475  -0.0314
1476  -0.0269
1477  -0.0393
1478  -0.0332
1479  -0.0213
1480  -0.0160
1481  -0.0219
1482  -0.0227
1483  -0.0205
1484  -0.0232
1485  -0.0343
1486  -0.0349
1487  -0.0253
1488  -0.0101
1489  -0.0012
1490  0.0109
1491  0.0209
1492  0.0235
1493  0.0092
1494  -0.0112
1495  -0.0124
1496  -0.0032
1497  0.0151
1498  0.0085
1499  0.0099
1500  0.0052
1501  0.0109
1502  -0.0082
1503  -0.0155
1504  -0.0239
1505  -0.0170
1506  -0.0133
1507  -0.0196
1508  -0.0277
1509  -0.0416
1510  -0.0341
1511  -0.0207
1512  -0.0112
1513  -0.0089
1514  -0.0091
1515  -0.0098
1516  -0.0096
1517  -0.0110
1518  -0.0071
1519  -0.0019
1520  -0.0057
1521  -0.0084
1522  -0.0142
1523  -0.0056
1524  0.0089
1525  0.0228
1526  0.0310
1527  0.0299
1528  0.0162
1529  0.0060
1530  0.0018
1531  0.0062
1532  0.0009
1533  -0.0070
1534  -0.0095
1535  -0.0047
1536  0.0019
1537  0.0131
1538  0.0335
1539  0.0416
1540  0.0353
1541  0.0177
1542  0.0075
1543  0.0041
1544  0.0029
1545  0.0054
1546  0.0083
1547  0.0098
1548  -0.0063
1549  -0.0101
1550  -0.0120
1551  0.0067
1552  0.0166
1553  0.0135
1554  0.0045
1555  -0.0094
1556  0.0042
1557  0.0086
1558  0.0160
1559  0.0055
1560  0.0074
1561  0.0123
1562  0.0215
1563  0.0310
1564  0.0303
1565  0.0220
1566  0.0082
1567  0.0026
1568  0.0086
1569  0.0061
1570  0.0065
1571  -0.0047
1572  -0.0081
1573  -0.0113
1574  -0.0038
1575  0.0056
1576  0.0065
1577  0.0031
1578  -0.0046
1579  -0.0052
1580  -0.0030
1581  0.0097
1582  0.0093
1583  0.0027
1584  -0.0112
1585  -0.0093
1586  0.0028
1587  0.0158
1588  0.0183
1589  0.0070
1590  0.0071
1591  0.0037
1592  -0.0024
1593  0.0012
1594  0.0046
1595  0.0209
1596  0.0213
1597  0.0238
1598  0.0367
1599  0.0351
1600  0.0382
1601  0.0217
1602  0.0001
1603  -0.0044
1604  -0.0031
1605  0.0196
1606  0.0164
1607  0.0101
1608  -0.0013
1609  -0.0011
1610  -0.0094
1611  0.0052
1612  0.0079
1613  0.0111
1614  0.0003
1615  -0.0060
1616  -0.0020
1617  -0.0083
1618  -0.0046
1619  -0.0093
1620  -0.0124
1621  -0.0206
1622  -0.0154
1623  -0.0111
1624  -0.0067
1625  -0.0106
1626  -0.0093
1627  -0.0040
1628  0.0044
1629  0.0075
1630  0.0051
1631  -0.0038
1632  -0.0084
1633  -0.0139
1634  -0.0158
1635  -0.0210
1636  -0.0143
1637  -0.0027
1638  0.0118
1639  0.0075
1640  0.0114
1641  0.0067
1642  0.0071
1643  -0.0054
1644  -0.0103
1645  -0.0103
1646  -0.0076
1647  0.0011
1648  0.0048
1649  0.0105
1650  0.0097
1651  0.0060
1652  0.0105
1653  0.0151
1654  0.0339
1655  0.0365
1656  0.0329
1657  0.0109
1658  -0.0062
1659  -0.0184
1660  -0.0208
1661  -0.0277
1662  -0.0271
1663  -0.0144
1664  0.0015
1665  0.0077
1666  0.0017
1667  -0.0048
1668  -0.0051
1669  -0.0084
1670  -0.0102
1671  -0.0182
1672  -0.0177
1673  -0.0061
1674  0.0099
1675  0.0252
1676  0.0223
1677  0.0154
1678  0.0022
1679  -0.0037
1680  -0.0060
1681  -0.0031
1682  0.0025
1683  0.0024
1684  0.0097
1685  0.0049
1686  0.0123
1687  0.0066
1688  0.0077
1689  0.0023
1690  0.0057
1691  0.0111
1692  0.0121
1693  0.0068
1694  0.0092
1695  0.0120
1696  0.0151
1697  0.0143
1698  0.0091
1699  0.0083
1700  0.0080
1701  0.0142
1702  0.0131
1703  0.0100
1704  0.0076
1705  0.0059
1706  0.0010
1707  -0.0088
1708  -0.0176
1709  -0.0101
1710  0.0003
1711  0.0124
1712  0.0069
1713  0.0018
1714  -0.0025
1715  -0.0008
1716  -0.0002
1717  -0.0013
1718  -0.0103
1719  -0.0182
1720  -0.0228
1721  -0.0191
1722  -0.0132
1723  -0.0119
1724  -0.0111
1725  -0.0097
1726  -0.0063
1727  -0.0047
1728  -0.0041
1729  -0.0003
1730  0.0082
1731  0.0234
1732  0.0299
1733  0.0222
1734  0.0049
1735  -0.0008
1736  -0.0039
1737  -0.0068
1738  -0.0208
1739  -0.0224
1740  -0.0177
1741  0.0003
1742  0.0065
1743  -0.0002
1744  -0.0082
1745  -0.0113
1746  -0.0062
1747  -0.0096
1748  -0.0180
1749  -0.0286
1750  -0.0384
1751  -0.0352
1752  -0.0129
1753  0.0060
1754  0.0104
1755  0.0015
1756  -0.0002
1757  0.0039
1758  0.0013
1759  0.0112
1760  0.0042
1761  0.0043
1762  -0.0079
1763  -0.0000
1764  0.0020
1765  -0.0006
1766  -0.0031
1767  -0.0026
1768  -0.0128
1769  -0.0114
1770  -0.0149
1771  -0.0069
1772  -0.0143
1773  -0.0211
1774  -0.0260
1775  -0.0282
1776  -0.0304
1777  -0.0324
1778  -0.0339
1779  -0.0305
1780  -0.0177
1781  -0.0109
1782  -0.0024
1783  -0.0010
1784  0.0023
1785  0.0195
1786  0.0292
1787  0.0364
1788  0.0214
1789  0.0102
1790  0.0071
1791  0.0124
1792  0.0191
1793  0.0109
1794  0.0047
1795  0.0027
1796  0.0112
1797  0.0085
1798  0.0035
1799  -0.0042
1800  -0.0110
1801  -0.0153
1802  -0.0093
1803  0.0000
1804  0.0028
1805  -0.0050
1806  0.0005
1807  0.0043
1808  0.0091
1809  -0.0014
1810  -0.0093
1811  -0.0065
1812  0.0084
1813  0.0162
1814  0.0155
1815  0.0042
1816  0.0010
1817  0.0057
1818  0.0098
1819  0.0120
1820  0.0041
1821  0.0036
1822  0.0116
1823  0.0207
1824  0.0186
1825  0.0159
1826  0.0035
1827  0.0001
1828  -0.0082
1829  -0.0006
1830  -0.0051
1831  -0.0103
1832  -0.0171
1833  -0.0105
1834  -0.0085
1835  -0.0115
1836  -0.0182
1837  -0.0189
1838  -0.0093
1839  0.0067
1840  0.0182
1841  0.0168
1842  0.0179
1843  0.0127
1844  0.0138
1845  0.0049
1846  0.0000
1847  -0.0124
1848  -0.0249
1849  -0.0316
1850  -0.0175
1851  -0.0064
1852  0.0024
1853  -0.0046
1854  -0.0098
1855  -0.0174
1856  -0.0187
1857  -0.0169
1858  -0.0078
1859  -0.0045
1860  -0.0051
1861  -0.0092
1862  -0.0131
1863  -0.0046
1864  -0.0032
1865  -0.0005
1866  -0.0090
1867  -0.0058
1868  -0.0094
1869  -0.0128
1870  -0.0221
1871  -0.0154
1872  -0.0118
1873  -0.0035
1874  -0.0035
1875  -0.0021
1876  0.0046
1877  0.0083
1878  0.0135
1879  0.0040
1880  0.0017
1881  -0.0019
1882  0.0013
1883  -0.0069
1884  -0.0137
1885  -0.0166
1886  -0.0130
1887  -0.0066
1888  -0.0021
1889  0.0034
1890  0.0091
1891  0.0140
1892  0.0246
1893  0.0305
1894  0.0309
1895  0.0173
1896  0.0120
1897  0.0007
1898  -0.0019
1899  -0.0081
1900  -0.0063
1901  -0.0062
1902  -0.0095
1903  -0.0124
1904  -0.0123
1905  -0.0120
1906  -0.0110
1907  -0.0108
1908  -0.0050
1909  0.0004
1910  0.0052
1911  0.0096
1912  0.0263
1913  0.0244
1914  0.0174
1915  -0.0026
1916  -0.0051
1917  -0.0077
1918  -0.0138
1919  -0.0122
1920  0.0017
1921  0.0157
1922  0.0135
1923  0.0011
1924  -0.0044
1925  -0.0000
1926  0.0013
1927  0.0047
1928  0.0097
1929  0.0059
1930  -0.0040
1931  -0.0200
1932  -0.0249
1933  -0.0238
1934  -0.0148
1935  -0.0014
1936  0.0127
1937  0.0139
1938  0.0056
1939  -0.0072
1940  -0.0119
1941  -0.0135
1942  -0.0033
1943  -0.0010
1944  0.0033
1945  -0.0066
1946  -0.0061
1947  -0.0057
1948  -0.0007
1949  0.0027
1950  0.0099
1951  0.0119
1952  0.0150
1953  0.0170
1954  0.0204
1955  0.0120
1956  0.0011
1957  -0.0073
1958  -0.0091
1959  -0.0051
1960  -0.0015
1961  0.0051
1962  0.0063
1963  0.0130
1964  0.0197
1965  0.0275
1966  0.0224
1967  0.0123
1968  0.0035
1969  0.0152
1970  0.0178
1971  0.0150
1972  -0.0006
1973  0.0011
1974  0.0100
1975  0.0086
1976  0.0153
1977  0.0117
1978  0.0128
1979  0.0056
1980  0.0013
1981  -0.0012
1982  -0.0112
1983  -0.0139
1984  -0.0131
1985  -0.0082
1986  -0.0091
1987  0.0011
1988  0.0058
1989  0.0105
1990  0.0000
1991  0.0007
1992  0.0066
1993  0.0162
1994  0.0206
1995  0.0157
1996  0.0217
1997  0.0296
1998  0.0423
1999  0.0376
2000  0.0315
2001  0.0175
2002  0.0070
2003  -0.0080
2004  -0.0057
2005  -0.0098
2006  -0.0055
2007  -0.0064
2008  -0.0035
2009  -0.0044
2010  -0.0067
2011  0.0004
2012  -0.0003
2013  0.0078
2014  0.0101
2015  0.0185
2016  0.0125
2017  0.0102
2018  0.0083
2019  0.0096
2020  0.0017
2021  -0.0002
2022  -0.0068
2023  -0.0094
2024  -0.0186
2025  -0.0174
2026  -0.0058
2027  0.0068
2028  0.0122
2029  0.0119
2030  0.0095
2031  0.0098
2032  0.0101
2033  0.0091
2034  0.0081
2035  0.0042
2036  0.0026
2037  -0.0059
2038  -0.0050
2039  -0.0032
2040  0.0051
2041  0.0063
2042  0.0076
2043  0.0058
2044  0.0005
2045  -0.0032
2046  -0.0096
2047  -0.0081
2048  -0.0022
2049  0.0084
2050  0.0107
2051  0.0063
2052  0.0026
2053  -0.0030
2054  -0.0037
2055  -0.0061
2056  -0.0010
2057  0.0022
2058  0.0065
2059  0.0018
2060  -0.0034
2061  -0.0067
2062  -0.0004
2063  -0.0039
2064  -0.0080
2065  -0.0140
2066  -0.0144
2067  -0.0150
2068  -0.0137
2069  -0.0061
2070  -0.0064
2071  -0.0068
2072  -0.0117
2073  -0.0087
2074  -0.0058
2075  -0.0077
2076  -0.0091
2077  -0.0125
2078  -0.0071
2079  -0.0017
2080  0.0008
2081  -0.0022
2082  0.0074
2083  0.0051
2084  0.0189
2085  0.0142
2086  0.0205
2087  0.0150
2088  0.0145
2089  0.0152
2090  0.0112
2091  0.0028
2092  -0.0027
2093  -0.0059
2094  -0.0042
2095  -0.0051
2096  0.0009
2097  0.0058
2098  0.0121
2099  0.0128
2100  0.0166
2101  0.0163
2102  0.0094
2103  0.0001
2104  -0.0073
2105  -0.0094
2106  -0.0120
2107  -0.0137
2108  -0.0171
2109  -0.0194
2110  -0.0161
2111  -0.0114
2112  -0.0086
2113  -0.0041
2114  0.0027
2115  0.0128
2116  0.0100
2117  0.0011
2118  -0.0135
2119  -0.0231
2120  -0.0304
2121  -0.0232
2122  -0.0097
2123  0.0107
2124  0.0040
2125  0.0037
2126  -0.0050
2127  0.0009
2128  -0.0014
2129  0.0039
2130  0.0079
2131  0.0064
2132  0.0028
2133  0.0066
2134  0.0090
2135  0.0033
2136  -0.0051
2137  -0.0115
2138  -0.0113
2139  -0.0102
2140  -0.0009
2141  0.0097
2142  0.0107
2143  0.0085
2144  0.0069
2145  0.0081
2146  0.0069
2147  0.0062
2148  0.0134
2149  0.0134
2150  0.0201
2151  0.0182
2152  0.0197
2153  0.0087
2154  -0.0007
2155  -0.0057
2156  -0.0063
2157  -0.0029
2158  -0.0017
2159  -0.0016
2160  -0.0027
2161  -0.0005
2162  0.0024
2163  0.0052
2164  0.0057
2165  0.0086
2166  0.0024
2167  -0.0000
2168  -0.0053
2169  -0.0073
2170  -0.0123
2171  -0.0043
2172  0.0061
2173  0.0125
2174  0.0055
2175  0.0009
2176  0.0003
2177  -0.0003
2178  -0.0013
2179  -0.0033
2180  -0.0089
2181  -0.0172
2182  -0.0184
2183  -0.0175
2184  -0.0083
2185  -0.0014
2186  0.0058
2187  0.0035
2188  -0.0034
2189  -0.0095
2190  0.0032
2191  0.0028
2192  0.0052
2193  -0.0038
2194  -0.0018
2195  -0.0005
2196  -0.0004
2197  0.0089
2198  0.0102
2199  0.0095
2200  -0.0033
2201  -0.0068
2202  -0.0064
2203  -0.0071
2204  -0.0076
2205  -0.0076
2206  0.0050
2207  0.0205
2208  0.0214
2209  0.0141
2210  -0.0025
2211  -0.0099
2212  -0.0021
2213  0.0082
2214  0.0190
2215  0.0123
2216  0.0110
2217  0.0104
2218  0.0147
2219  0.0072
2220  0.0049
2221  -0.0009
2222  0.0006
2223  0.0012
2224  0.0102
2225  0.0200
2226  0.0220
2227  0.0134
2228  0.0036
2229  -0.0064
2230  -0.0106
2231  -0.0138
2232  -0.0084
2233  -0.0088
2234  -0.0060
2235  -0.0043
2236  0.0045
2237  0.0062
2238  0.0041
2239  0.0000
2240  -0.0005
2241  0.0143
2242  0.0242
2243  0.0273
2244  0.0154
2245  0.0074
2246  0.0054
2247  0.0026
2248  0.0054
2249  0.0043
2250  0.0094
2251  0.0185
2252  0.0333
2253  0.0293
2254  0.0254
2255  0.0187
2256  0.0261
2257  0.0201
2258  0.0120
2259  -0.0019
2260  -0.0155
2261  -0.0149
2262  -0.0117
2263  -0.0049
2264  -0.0126
2265  -0.0099
2266  -0.0140
2267  -0.0106
2268  -0.0122
2269  -0.0090
2270  -0.0099
2271  -0.0165
2272  -0.0228
2273  -0.0110
2274  -0.0062
2275  0.0015
2276  -0.0118
2277  -0.0148
2278  -0.0109
2279  -0.0008
2280  0.0119
2281  0.0108
2282  0.0085
2283  -0.0016
2284  0.0006
2285  0.0072
2286  0.0034
2287  -0.0028
2288  -0.0174
2289  -0.0166
2290  -0.0161
2291  -0.0126
2292  -0.0094
2293  -0.0094
2294  -0.0094
2295  -0.0134
2296  -0.0112
2297  -0.0031
2298  0.0027
2299  0.0056
2300  -0.0021
2301  -0.0067
2302  -0.0147
2303  -0.0165
2304  -0.0133
2305  -0.0073
2306  -0.0074
2307  -0.0063
2308  -0.0046
2309  0.0034
2310  0.0069
2311  0.0009
2312  -0.0079
2313  -0.0147
2314  -0.0126
2315  -0.0126
2316  -0.0071
2317  -0.0014
2318  0.0099
2319  0.0080
2320  0.0062
2321  0.0027
2322  0.0097
2323  0.0073
2324  0.0027
2325  -0.0064
2326  -0.0087
2327  -0.0091
2328  -0.0049
2329  -0.0014
2330  -0.0005
2331  -0.0029
2332  -0.0073
2333  -0.0076
2334  -0.0044
2335  0.0006
2336  0.0022
2337  0.0033
2338  0.0053
2339  0.0082
2340  0.0078
2341  0.0062
2342  0.0044
2343  0.0034
2344  -0.0008
2345  -0.0011
2346  0.0002
2347  0.0097
2348  0.0086
2349  0.0069
2350  0.0049
2351  0.0142
2352  0.0129
2353  0.0105
2354  0.0044
2355  0.0105
2356  0.0088
2357  0.0128
2358  0.0100
2359  0.0097
2360  0.0045
2361  -0.0007
2362  -0.0004
2363  -0.0001
2364  0.0050
2365  0.0011
2366  -0.0055
2367  -0.0127
2368  -0.0132
2369  -0.0119
2370  -0.0044
2371  0.0005
2372  0.0004
2373  -0.0032
2374  -0.0020
2375  0.0035
2376  0.0063
2377  0.0081
2378  0.0068
2379  0.0035
2380  -0.0033
2381  0.0072
2382  0.0142
2383  0.0241
2384  0.0169
2385  0.0211
2386  0.0246
2387  0.0331
2388  0.0375
2389  0.0367
2390  0.0243
2391  0.0103
2392  0.0013
2393  -0.0015
2394  -0.0004
2395  0.0019
2396  0.0106
2397  0.0074
2398  0.0028
2399  -0.0028
2400  -0.0004
2401  0.0030
2402  0.0025
2403  0.0007
2404  -0.0053
2405  -0.0143
2406  -0.0163
2407  -0.0189
2408  -0.0159
2409  -0.0183
2410  -0.0167
2411  -0.0119
2412  -0.0084
2413  -0.0053
2414  -0.0094
2415  -0.0062
2416  -0.0021
2417  0.0048
2418  0.0057
2419  0.0051
2420  0.0053
2421  0.0066
2422  0.0063
2423  0.0074
2424  0.0076
2425  0.0101
2426  0.0076
2427  0.0042
2428  0.0007
2429  0.0017
2430  0.0060
2431  0.0100
2432  0.0048
2433  -0.0020
2434  -0.0055
2435  -0.0052
2436  -0.0057
2437  -0.0052
2438  0.0022
2439  0.0039
2440  0.0012
2441  -0.0052
2442  -0.0049
2443  0.0031
2444  0.0025
2445  0.0031
2446  -0.0006
2447  0.0021
2448  -0.0002
2449  -0.0029
2450  -0.0025
2451  0.0039
2452  0.0076
2453  0.0068
2454  -0.0012
2455  0.0002
2456  0.0016
2457  0.0043
2458  0.0038
2459  0.0132
2460  0.0180
2461  0.0147
2462  0.0032
2463  -0.0019
2464  -0.0071
2465  -0.0096
2466  -0.0113
2467  -0.0089
2468  -0.0070
2469  -0.0067
2470  -0.0044
2471  0.0010
2472  0.0059
2473  0.0140
2474  0.0164
2475  0.0184
2476  0.0125
2477  0.0058
2478  0.0018
2479  -0.0004
2480  0.0007
2481  0.0025
2482  0.0052
2483  0.0087
2484  0.0105
2485  0.0049
2486  0.0064
2487  0.0033
2488  0.0013
2489  -0.0060
2490  -0.0096
2491  -0.0072
2492  -0.0076
2493  -0.0058
2494  0.0035
2495  0.0097
2496  0.0121
2497  0.0032
2498  -0.0002
2499  0.0023
2500  0.0114
2501  0.0156
2502  0.0148
2503  0.0114
2504  0.0117
2505  0.0083
2506  -0.0009
2507  -0.0100
2508  -0.0102
2509  -0.0008
2510  0.0001
2511  0.0092
2512  0.0090
2513  0.0113
2514  0.0050
2515  0.0076
2516  0.0165
2517  0.0254
2518  0.0235
2519  0.0224
2520  0.0183
2521  0.0207
2522  0.0217
2523  0.0207
2524  0.0146
2525  0.0006
2526  -0.0013
2527  -0.0013
2528  0.0033
2529  -0.0051
2530  -0.0093
2531  -0.0125
2532  -0.0117
2533  -0.0120
2534  -0.0102
2535  -0.0072
2536  -0.0008
2537  0.0042
2538  0.0014
2539  -0.0001
2540  -0.0031
2541  0.0002
2542  -0.0022
2543  -0.0032
2544  -0.0064
2545  -0.0043
2546  0.0025
2547  0.0116
2548  0.0101
2549  0.0068
2550  0.0077
2551  0.0077
2552  -0.0013
2553  -0.0107
2554  -0.0073
2555  0.0024
2556  0.0185
2557  0.0225
2558  0.0184
2559  0.0035
2560  -0.0029
2561  -0.0047
2562  -0.0092
2563  -0.0169
2564  -0.0164
2565  -0.0114
2566  -0.0030
2567  -0.0008
2568  0.0014
2569  0.0033
2570  0.0063
2571  0.0081
2572  0.0054
2573  0.0022
2574  -0.0008
2575  -0.0007
2576  -0.0059
2577  0.0003
2578  0.0061
2579  0.0189
2580  0.0168
2581  0.0122
2582  0.0054
2583  0.0019
2584  0.0107
2585  0.0066
2586  0.0050
2587  -0.0060
2588  -0.0079
2589  0.0034
2590  0.0132
2591  0.0273
2592  0.0211
2593  0.0124
2594  -0.0018
2595  -0.0146
2596  -0.0211
2597  -0.0220
2598  -0.0228
2599  -0.0220
2600  -0.0158
2601  -0.0144
2602  -0.0051
2603  -0.0066
2604  -0.0044
2605  -0.0104
2606  -0.0186
2607  -0.0192
2608  -0.0214
2609  -0.0111
2610  -0.0007
2611  0.0084
2612  0.0127
2613  0.0187
2614  0.0098
2615  0.0036
2616  -0.0049
2617  0.0027
2618  0.0071
2619  0.0092
2620  0.0118
2621  0.0202
2622  0.0242
2623  0.0254
2624  0.0155
2625  0.0100
2626  0.0010
2627  0.0058
2628  0.0104
2629  0.0196
2630  0.0180
2631  0.0130
2632  0.0043
2633  -0.0051
2634  -0.0094
2635  -0.0033
2636  0.0032
2637  0.0043
2638  0.0046
2639  0.0041
2640  0.0068
2641  0.0011
2642  0.0005
2643  0.0030
2644  0.0065
2645  0.0072
2646  0.0050
2647  -0.0020
2648  -0.0060
2649  -0.0084
2650  -0.0062
2651  -0.0009
2652  0.0034
2653  0.0054
2654  -0.0023
2655  -0.0023
2656  -0.0017
2657  0.0030
2658  -0.0029
2659  0.0010
2660  0.0017
2661  0.0057
2662  0.0019
2663  0.0032
2664  0.0113
2665  0.0178
2666  0.0203
2667  0.0087
2668  0.0005
2669  -0.0058
2670  -0.0058
2671  -0.0072
2672  -0.0059
2673  -0.0049
2674  -0.0038
2675  0.0017
2676  -0.0015
2677  -0.0003
2678  -0.0044
2679  -0.0023
2680  -0.0021
2681  -0.0051
2682  -0.0055
2683  0.0010
2684  -0.0011
2685  0.0072
2686  0.0011
2687  0.0022
2688  -0.0009
2689  -0.0007
2690  0.0046
2691  0.0042
2692  0.0060
2693  0.0095
2694  0.0110
2695  0.0102
2696  0.0063
2697  0.0060
2698  0.0095
2699  0.0153
2700  0.0104
2701  0.0160
2702  0.0135
2703  0.0142
2704  0.0023
2705  -0.0017
2706  0.0005
2707  0.0032
2708  -0.0017
2709  -0.0014
2710  -0.0027
2711  0.0011
2712  -0.0039
2713  -0.0105
2714  -0.0107
2715  -0.0054
2716  0.0068
2717  0.0126
2718  0.0156
2719  0.0131
2720  0.0097
2721  0.0059
2722  0.0052
2723  0.0043
2724  0.0016
2725  -0.0032
2726  -0.0070
2727  -0.0052
2728  0.0013
2729  0.0091
2730  0.0081
2731  0.0045
2732  0.0025
2733  0.0013
2734  0.0008
2735  -0.0042
2736  -0.0048
2737  -0.0091
2738  -0.0025
2739  0.0008
2740  0.0054
2741  0.0000
2742  -0.0028
2743  0.0038
2744  0.0138
2745  0.0267
2746  0.0275
2747  0.0270
2748  0.0205
2749  0.0128
2750  -0.0005
2751  -0.0049
2752  -0.0084
2753  -0.0094
2754  -0.0142
2755  -0.0154
2756  -0.0125
2757  -0.0092
2758  0.0012
2759  0.0078
2760  0.0123
2761  0.0071
2762  0.0004
2763  -0.0007
2764  -0.0001
2765  0.0032
2766  -0.0007
2767  0.0001
2768  -0.0090
2769  -0.0132
2770  -0.0192
2771  0.0047
2772  0.0110
2773  0.0190
2774  0.0092
2775  0.0086
2776  -0.0020
2777  -0.0111
2778  -0.0108
2779  -0.0121
2780  -0.0071
2781  -0.0043
2782  0.0101
2783  0.0069
2784  0.0053
2785  -0.0027
2786  -0.0032
2787  -0.0087
2788  -0.0114
2789  -0.0126
2790  -0.0117
2791  -0.0107
2792  -0.0085
2793  -0.0068
2794  -0.0072
2795  -0.0031
2796  -0.0030
2797  0.0016
2798  0.0010
2799  0.0058
2800  0.0057
2801  0.0062
2802  0.0046
2803  0.0051
2804  0.0030
2805  0.0066
2806  0.0110
2807  0.0176
2808  0.0165
2809  0.0127
2810  0.0094
2811  0.0104
2812  0.0157
2813  0.0115
2814  0.0080
2815  0.0052
2816  0.0092
2817  0.0103
2818  0.0092
2819  0.0104
2820  0.0095
2821  0.0134
2822  0.0197
2823  0.0300
2824  0.0318
2825  0.0193
2826  0.0048
2827  -0.0068
2828  -0.0057
2829  -0.0068
2830  -0.0036
2831  -0.0018
2832  0.0032
2833  0.0068
2834  0.0095
2835  0.0179
2836  0.0311
2837  0.0278
2838  0.0245
2839  0.0102
2840  0.0123
2841  0.0083
2842  0.0070
2843  0.0065
2844  0.0055
2845  0.0001
2846  -0.0078
2847  -0.0132
2848  -0.0091
2849  -0.0117
2850  -0.0129
2851  -0.0175
2852  -0.0082
2853  -0.0026
2854  0.0033
2855  0.0068
2856  0.0098
2857  0.0113
2858  0.0101
2859  0.0076
2860  0.0065
2861  0.0068
2862  0.0113
2863  0.0131
2864  0.0171
2865  0.0218
2866  0.0227
2867  0.0164
2868  0.0023
2869  -0.0105
2870  -0.0112
2871  -0.0138
2872  -0.0073
2873  -0.0045
2874  0.0015
2875  0.0116
2876  0.0144
2877  0.0164
2878  0.0093
2879  0.0002
2880  -0.0012
2881  0.0022
2882  0.0072
2883  0.0129
2884  0.0070
2885  0.0069
2886  0.0041
2887  0.0069
2888  0.0028
2889  -0.0006
2890  0.0003
2891  0.0067
2892  0.0035
2893  -0.0028
2894  -0.0095
2895  0.0030
2896  0.0149
2897  0.0253
2898  0.0195
2899  0.0284
2900  0.0204
2901  0.0148
2902  -0.0101
2903  -0.0052
2904  -0.0007
2905  0.0122
2906  0.0130
2907  0.0194
2908  0.0207
2909  0.0189
2910  0.0123
2911  0.0171
2912  0.0189
2913  0.0216
2914  0.0157
2915  0.0192
2916  0.0178
2917  0.0120
2918  0.0067
2919  0.0114
2920  0.0125
2921  0.0114
2922  0.0022
2923  -0.0030
2924  -0.0093
2925  -0.0067
2926  -0.0044
2927  -0.0053
2928  -0.0115
2929  -0.0135
2930  -0.0116
2931  -0.0092
2932  -0.0064
2933  0.0017
2934  0.0059
2935  0.0030
2936  -0.0057
2937  -0.0067
2938  0.0005
2939  0.0097
2940  0.0123
2941  0.0135
2942  0.0134
2943  0.0163
2944  0.0187
2945  0.0179
2946  0.0116
2947  0.0014
2948  -0.0094
2949  -0.0147
2950  -0.0126
2951  -0.0079
2952  -0.0053
2953  -0.0025
2954  0.0006
2955  0.0049
2956  0.0036
2957  0.0003
2958  0.0074
2959  0.0132
2960  0.0192
2961  0.0128
2962  0.0110
2963  0.0129
2964  0.0201
2965  0.0192
2966  0.0113
2967  0.0019
2968  0.0022
2969  0.0073
2970  0.0095
2971  0.0027
2972  -0.0024
2973  -0.0050
2974  0.0012
2975  -0.0018
2976  -0.0027
2977  -0.0041
2978  0.0067
2979  0.0102
2980  0.0102
2981  0.0052
2982  0.0095
2983  0.0027
2984  0.0004
2985  -0.0042
2986  -0.0015
2987  0.0021
2988  -0.0009
2989  -0.0033
2990  -0.0099
2991  -0.0103
2992  -0.0095
2993  -0.0119
2994  -0.0106
2995  -0.0102
2996  -0.0035
2997  -0.0026
2998  0.0028
2999  -0.0025
3000  -0.0075
3001  -0.0156
3002  -0.0172
3003  -0.0061
3004  0.0017
3005  0.0116
3006  0.0070
3007  0.0053
3008  0.0057
3009  0.0047
3010  0.0037
3011  0.0024
3012  -0.0000
3013  -0.0007
3014  -0.0059
3015  -0.0035
3016  -0.0064
3017  -0.0086
3018  -0.0166
3019  -0.0145
3020  -0.0065
3021  0.0097
3022  0.0260
3023  0.0279
3024  0.0204
3025  0.0096
3026  0.0058
3027  0.0030
3028  -0.0014
3029  0.0053
3030  0.0163
3031  0.0304
3032  0.0236
3033  0.0118
3034  -0.0016
3035  0.0009
3036  0.0079
3037  0.0078
3038  0.0035
3039  -0.0034
3040  -0.0015
3041  0.0034
3042  0.0073
3043  0.0060
3044  0.0031
3045  0.0058
3046  0.0092
3047  0.0089
3048  0.0034
3049  0.0011
3050  0.0001
3051  -0.0001
3052  -0.0006
3053  -0.0012
3054  0.0042
3055  0.0073
3056  0.0101
3057  0.0112
3058  0.0093
3059  0.0085
3060  0.0026
3061  -0.0026
3062  -0.0067
3063  -0.0066
3064  0.0012
3065  0.0006
3066  0.0052
3067  0.0009
3068  0.0001
3069  -0.0107
3070  -0.0156
3071  -0.0167
3072  -0.0159
3073  -0.0112
3074  -0.0120
3075  -0.0074
3076  -0.0028
3077  -0.0004
3078  0.0042
3079  0.0030
3080  0.0065
3081  0.0017
3082  0.0010
3083  -0.0034
3084  -0.0048
3085  -0.0079
3086  -0.0099
3087  -0.0099
3088  -0.0102
3089  -0.0012
3090  0.0073
3091  0.0019
3092  -0.0038
3093  -0.0103
3094  0.0010
3095  -0.0012
3096  -0.0048
3097  -0.0135
3098  -0.0128
3099  -0.0075
3100  -0.0027
3101  0.0039
3102  0.0062
3103  0.0130
3104  0.0139
3105  0.0103
3106  -0.0003
3107  -0.0028
3108  -0.0038
3109  -0.0054
3110  -0.0087
3111  -0.0109
3112  -0.0018
3113  0.0064
3114  0.0148
3115  0.0089
3116  0.0047
3117  -0.0008
3118  -0.0010
3119  -0.0041
3120  -0.0090
3121  -0.0121
3122  -0.0120
3123  -0.0116
3124  -0.0116
3125  -0.0126
3126  -0.0091
3127  -0.0080
3128  -0.0030
3129  -0.0030
3130  -0.0053
3131  -0.0058
3132  -0.0074
3133  -0.0040
3134  -0.0031
3135  -0.0024
3136  -0.0011
3137  -0.0017
3138  0.0047
3139  0.0027
3140  0.0062
3141  0.0031
3142  0.0064
3143  0.0002
3144  0.0020
3145  0.0033
3146  0.0061
3147  0.0033
3148  -0.0008
3149  -0.0008
3150  -0.0015
3151  -0.0023
3152  -0.0094
3153  -0.0125
3154  -0.0105
3155  -0.0020
3156  -0.0008
3157  -0.0027
3158  -0.0084
3159  -0.0073
3160  -0.0051
3161  0.0010
3162  0.0096
3163  0.0185
3164  0.0175
3165  0.0143
3166  0.0048
3167  0.0033
3168  -0.0023
3169  0.0019
3170  0.0055
3171  0.0083
3172  0.0014
3173  -0.0092
3174  -0.0129
3175  -0.0094
3176  -0.0006
3177  0.0050
3178  0.0097
3179  0.0130
3180  0.0179
3181  0.0183
3182  0.0125
3183  0.0053
3184  0.0026
3185  0.0100
3186  0.0125
3187  0.0128
3188  0.0054
3189  0.0017
3190  -0.0030
3191  -0.0030
3192  0.0028
3193  0.0095
3194  0.0062
3195  -0.0003
3196  -0.0036
3197  0.0059
3198  0.0051
3199  0.0045
3200  -0.0030
3201  -0.0023
3202  -0.0034
3203  -0.0027
3204  -0.0028
3205  -0.0053
3206  -0.0064
3207  -0.0060
3208  -0.0032
3209  -0.0008
3210  0.0038
3211  0.0043
3212  0.0035
3213  -0.0011
3214  -0.0002
3215  -0.0024
3216  -0.0017
3217  -0.0016
3218  0.0022
3219  0.0040
3220  0.0033
3221  0.0020
3222  0.0097
3223  0.0069
3224  0.0080
3225  0.0016
3226  0.0054
3227  0.0082
3228  0.0053
3229  0.0029
3230  -0.0028
3231  -0.0063
3232  -0.0106
3233  -0.0128
3234  -0.0108
3235  -0.0046
3236  -0.0078
3237  -0.0137
3238  -0.0242
3239  -0.0229
3240  -0.0210
3241  -0.0138
3242  -0.0069
3243  0.0050
3244  0.0049
3245  0.0061
3246  0.0076
3247  0.0078
3248  0.0039
3249  -0.0026
3250  0.0028
3251  0.0026
3252  -0.0005
3253  -0.0019
3254  0.0007
3255  0.0029
3256  0.0044
3257  0.0006
3258  0.0016
3259  0.0033
3260  0.0059
3261  0.0047
3262  -0.0020
3263  -0.0041
3264  -0.0092
3265  -0.0123
3266  -0.0131
3267  -0.0079
3268  0.0033
3269  0.0078
3270  0.0087
3271  0.0007
3272  -0.0012
3273  -0.0076
3274  -0.0096
3275  -0.0107
3276  -0.0026
3277  0.0023
3278  0.0057
3279  0.0051
3280  0.0058
3281  0.0014
3282  -0.0028
3283  -0.0064
3284  -0.0037
3285  -0.0059
3286  -0.0124
3287  -0.0168
3288  -0.0107
3289  -0.0050
3290  0.0014
3291  0.0003
3292  0.0020
3293  0.0030
3294  0.0001
3295  0.0001
3296  -0.0028
3297  0.0016
3298  -0.0031
3299  -0.0079
3300  -0.0137
3301  -0.0141
3302  -0.0081
3303  -0.0010
3304  0.0111
3305  0.0118
3306  0.0128
3307  0.0105
3308  0.0094
3309  0.0075
3310  0.0044
3311  0.0038
3312  0.0026
3313  0.0048
3314  0.0092
3315  0.0081
3316  0.0025
3317  -0.0085
3318  -0.0068
3319  0.0011
3320  0.0105
3321  0.0073
3322  -0.0015
3323  0.0023
3324  0.0098
3325  0.0191
3326  0.0178
3327  0.0168
3328  0.0144
3329  0.0100
3330  0.0065
3331  0.0013
3332  -0.0019
3333  -0.0040
3334  -0.0040
3335  -0.0036
3336  -0.0027
3337  0.0005
3338  0.0023
3339  0.0057
3340  -0.0006
3341  0.0002
3342  0.0035
3343  0.0102
3344  0.0108
3345  0.0098
3346  0.0206
3347  0.0262
3348  0.0203
3349  0.0047
3350  -0.0079
3351  -0.0067
3352  -0.0124
3353  -0.0129
3354  -0.0190
3355  -0.0090
3356  -0.0029
3357  -0.0013
3358  -0.0107
3359  -0.0121
3360  -0.0175
3361  -0.0157
3362  -0.0169
3363  -0.0075
3364  -0.0025
3365  0.0005
3366  0.0044
3367  0.0071
3368  0.0038
3369  0.0073
3370  0.0109
3371  0.0161
3372  0.0086
3373  0.0014
3374  -0.0015
3375  -0.0008
3376  -0.0023
3377  -0.0038
3378  -0.0084
3379  -0.0081
3380  -0.0045
3381  0.0017
3382  0.0080
3383  0.0087
3384  0.0081
3385  0.0092
3386  0.0090
3387  0.0056
3388  0.0069
3389  0.0073
3390  0.0099
3391  0.0059
3392  -0.0006
3393  -0.0070
3394  -0.0060
3395  0.0052
3396  0.0090
3397  0.0050
3398  0.0017
3399  0.0041
3400  0.0041
3401  -0.0039
3402  0.0027
3403  0.0075
3404  0.0101
3405  -0.0039
3406  -0.0083
3407  -0.0082
3408  -0.0032
3409  0.0028
3410  -0.0008
3411  0.0000
3412  -0.0006
3413  0.0015
3414  0.0005
3415  -0.0042
3416  0.0010
3417  0.0048
3418  0.0063
3419  0.0109
3420  0.0169
3421  0.0204
3422  0.0270
3423  0.0278
3424  0.0282
3425  0.0118
3426  -0.0001
3427  -0.0056
3428  -0.0022
3429  0.0017
3430  0.0007
3431  0.0019
3432  0.0013
3433  0.0032
3434  -0.0004
3435  -0.0022
3436  -0.0032
3437  -0.0009
3438  0.0069
3439  0.0103
3440  0.0139
3441  0.0112
3442  0.0154
3443  0.0101
3444  0.0023
3445  -0.0117
3446  -0.0088
3447  -0.0047
3448  -0.0006
3449  -0.0108
3450  -0.0104
3451  -0.0081
3452  -0.0032
3453  -0.0087
3454  -0.0017
3455  -0.0018
3456  0.0038
3457  -0.0074
3458  -0.0125
3459  -0.0067
3460  -0.0013
3461  0.0104
3462  0.0053
3463  0.0025
3464  0.0010
3465  0.0011
3466  0.0060
3467  0.0093
3468  0.0199
3469  0.0284
3470  0.0341
3471  0.0233
3472  0.0236
3473  0.0218
3474  0.0264
3475  0.0221
3476  0.0143
3477  0.0086
3478  -0.0004
3479  -0.0040
3480  -0.0082
3481  -0.0102
3482  -0.0114
3483  -0.0070
3484  -0.0120
3485  -0.0137
3486  -0.0215
3487  -0.0204
3488  -0.0143
3489  -0.0049
3490  0.0024
3491  -0.0020
3492  -0.0066
3493  -0.0089
3494  -0.0101
3495  -0.0169
3496  -0.0136
3497  -0.0122
3498  -0.0052
3499  -0.0090
3500  -0.0043
3501  0.0003
3502  0.0023
3503  -0.0033
3504  -0.0097
3505  -0.0154
3506  -0.0145
3507  -0.0116
3508  -0.0039
3509  0.0004
3510  0.0029
3511  0.0035
3512  0.0063
3513  0.0128
3514  0.0169
3515  0.0210
3516  0.0213
3517  0.0202
3518  0.0179
3519  0.0124
3520  0.0072
3521  0.0000
3522  -0.0076
3523  -0.0072
3524  0.0022
3525  0.0043
3526  0.0026
3527  -0.0062
3528  -0.0028
3529  -0.0076
3530  -0.0145
3531  -0.0207
3532  -0.0159
3533  -0.0137
3534  -0.0040
3535  0.0070
3536  0.0287
3537  0.0275
3538  0.0285
3539  0.0205
3540  0.0258
3541  0.0220
3542  0.0105
3543  0.0050
3544  -0.0015
3545  0.0026
3546  -0.0032
3547  -0.0077
3548  -0.0101
3549  -0.0064
3550  -0.0052
3551  -0.0032
3552  -0.0006
3553  0.0101
3554  0.0121
3555  0.0093
3556  0.0005
3557  -0.0024
3558  -0.0025
3559  -0.0055
3560  -0.0066
3561  -0.0075
3562  -0.0086
3563  -0.0078
3564  -0.0078
3565  -0.0049
3566  -0.0022
3567  0.0005
3568  -0.0004
3569  -0.0020
3570  -0.0011
3571  0.0061
3572  0.0022
3573  -0.0048
3574  -0.0134
3575  -0.0102
3576  -0.0004
3577  0.0070
3578  0.0070
3579  0.0070
3580  0.0021
3581  -0.0019
3582  -0.0177
3583  -0.0234
3584  -0.0187
3585  -0.0093
3586  -0.0032
3587  -0.0031
3588  0.0009
3589  0.0042
3590  0.0060
3591  0.0005
3592  -0.0013
3593  -0.0010
3594  0.0050
3595  0.0043
3596  -0.0006
3597  -0.0087
3598  -0.0094
3599  -0.0041
3600  0.0002
3601  0.0094
3602  0.0133
3603  0.0186
3604  0.0088
3605  -0.0046
3606  -0.0143
3607  -0.0118
3608  -0.0068
3609  0.0007
3610  -0.0001
3611  -0.0025
3612  -0.0006
3613  -0.0004
3614  0.0056
3615  0.0029
3616  0.0080
3617  0.0129
3618  0.0129
3619  0.0059
3620  -0.0053
3621  -0.0144
3622  -0.0181
3623  -0.0183
3624  -0.0064
3625  -0.0019
3626  0.0008
3627  -0.0048
3628  -0.0008
3629  0.0026
3630  0.0102
3631  0.0111
3632  0.0088
3633  0.0063
3634  0.0084
3635  0.0132
3636  0.0097
3637  0.0054
3638  0.0056
3639  0.0102
3640  0.0165
3641  0.0092
3642  0.0057
3643  -0.0015
3644  0.0018
3645  0.0016
3646  0.0040
3647  0.0121
3648  0.0181
3649  0.0131
3650  0.0031
3651  -0.0076
3652  -0.0104
3653  -0.0127
3654  -0.0043
3655  -0.0003
3656  0.0018
3657  -0.0099
3658  -0.0111
3659  -0.0154
3660  -0.0116
3661  -0.0069
3662  0.0077
3663  0.0070
3664  0.0050
3665  0.0003
3666  0.0063
3667  0.0104
3668  0.0108
3669  0.0103
3670  0.0066
3671  0.0020
3672  -0.0026
3673  -0.0059
3674  -0.0087
3675  -0.0058
3676  -0.0010
3677  0.0078
3678  0.0111
3679  0.0091
3680  0.0046
3681  0.0044
3682  0.0159
3683  0.0162
3684  0.0156
3685  0.0080
3686  0.0142
3687  0.0166
3688  0.0106
3689  0.0026
3690  -0.0028
3691  0.0017
3692  0.0104
3693  0.0172
3694  0.0207
3695  0.0153
3696  0.0174
3697  0.0187
3698  0.0224
3699  0.0224
3700  0.0163
3701  0.0086
3702  -0.0065
3703  -0.0027
3704  -0.0012
3705  0.0043
3706  0.0007
3707  0.0043
3708  0.0033
3709  0.0004
3710  -0.0090
3711  -0.0000
3712  -0.0011
3713  0.0068
3714  -0.0029
3715  -0.0047
3716  -0.0120
3717  -0.0087
3718  -0.0026
3719  0.0053
3720  0.0077
3721  0.0042
3722  0.0020
3723  0.0008
3724  0.0043
3725  0.0084
3726  0.0105
3727  0.0137
3728  0.0125
3729  0.0219
3730  0.0302
3731  0.0396
3732  0.0296
3733  0.0194
3734  0.0153
3735  0.0238
3736  0.0248
3737  0.0174
3738  0.0101
3739  0.0087
3740  0.0074
3741  0.0005
3742  -0.0005
3743  0.0010
3744  0.0044
3745  0.0037
3746  0.0036
3747  0.0049
3748  0.0093
3749  0.0101
3750  0.0146
3751  0.0144
3752  0.0148
3753  0.0067
3754  0.0019
3755  -0.0018
3756  -0.0036
3757  -0.0076
3758  -0.0109
3759  -0.0122
3760  -0.0105
3761  -0.0051
3762  0.0021
3763  0.0035
3764  0.0001
3765  -0.0021
3766  -0.0032
3767  0.0037
3768  0.0068
3769  0.0134
3770  0.0105
3771  0.0091
3772  0.0081
3773  0.0121
3774  0.0095
3775  0.0047
3776  -0.0063
3777  -0.0166
3778  -0.0197
3779  -0.0216
3780  -0.0196
3781  -0.0251
3782  -0.0209
3783  -0.0133
3784  -0.0022
3785  0.0035
3786  0.0111
3787  0.0095
3788  0.0078
3789  0.0008
3790  0.0012
3791  0.0044
3792  0.0081
3793  0.0125
3794  0.0034
3795  -0.0060
3796  -0.0162
3797  -0.0141
3798  -0.0094
3799  -0.0027
3800  0.0045
3801  0.0100
3802  0.0144
3803  0.0192
3804  0.0150
3805  0.0080
3806  -0.0053
3807  -0.0021
3808  -0.0011
3809  0.0021
3810  -0.0057
3811  -0.0074
3812  -0.0055
3813  -0.0018
3814  -0.0010
3815  0.0054
3816  0.0037
3817  0.0024
3818  -0.0097
3819  -0.0143
3820  -0.0073
3821  -0.0016
3822  0.0028
3823  -0.0035
3824  -0.0103
3825  -0.0143
3826  -0.0191
3827  -0.0196
3828  -0.0147
3829  -0.0079
3830  -0.0010
3831  -0.0009
3832  0.0088
3833  0.0104
3834  0.0153
3835  0.0100
3836  0.0103
3837  0.0072
3838  0.0071
3839  0.0142
3840  0.0200
3841  0.0271
3842  0.0258
3843  0.0227
3844  0.0153
3845  0.0042
3846  0.0012
3847  0.0043
3848  0.0068
3849  0.0075
3850  0.0026
3851  0.0059
3852  0.0028
3853  -0.0011
3854  -0.0074
3855  -0.0080
3856  -0.0069
3857  -0.0060
3858  0.0038
3859  0.0092
3860  0.0146
3861  0.0097
3862  0.0084
3863  0.0125
3864  0.0202
3865  0.0117
3866  0.0076
3867  -0.0031
3868  0.0004
3869  -0.0011
3870  0.0017
3871  0.0030
3872  -0.0009
3873  -0.0051
3874  -0.0043
3875  -0.0016
3876  0.0001
3877  0.0025
3878  0.0165
3879  0.0324
3880  0.0454
3881  0.0446
3882  0.0377
3883  0.0260
3884  0.0162
3885  0.0097
3886  -0.0001
3887  -0.0008
3888  -0.0033
3889  -0.0001
3890  0.0018
3891  0.0004
3892  0.0049
3893  0.0066
3894  0.0067
3895  0.0079
3896  0.0026
3897  0.0029
3898  -0.0026
3899  -0.0021
3900  -0.0008
3901  -0.0003
3902  -0.0004
3903  0.0017
3904  0.0007
3905  -0.0059
3906  -0.0067
3907  -0.0032
3908  0.0064
3909  0.0088
3910  0.0083
3911  0.0042
3912  -0.0011
3913  0.0006
3914  0.0080
3915  0.0081
3916  0.0100
3917  0.0047
3918  0.0072
3919  0.0027
3920  0.0012
3921  -0.0004
3922  -0.0020
3923  -0.0018
3924  -0.0021
3925  -0.0021
3926  -0.0057
3927  -0.0055
3928  -0.0024
3929  0.0011
3930  0.0012
3931  -0.0028
3932  -0.0090
3933  -0.0105
3934  -0.0059
3935  0.0032
3936  0.0012
3937  -0.0010
3938  -0.0029
3939  0.0084
3940  0.0099
3941  0.0034
3942  -0.0063
3943  -0.0064
3944  -0.0032
3945  -0.0039
3946  -0.0103
3947  -0.0158
3948  -0.0149
3949  -0.0126
3950  -0.0110
3951  -0.0181
3952  -0.0180
3953  -0.0150
3954  -0.0065
3955  -0.0042
3956  -0.0021
3957  -0.0012
3958  -0.0005
3959  -0.0002
3960  -0.0001
3961  0.0000
3962  0.0001
3963  0.0001
3964  0.0001
3965  0.0002
3966  0.0002
3967  0.0002
3968  0.0002
3969  0.0002
3970  0.0002
3971  0.0002
3972  0.0002
3973  0.0002
3974  0.0002
3975  0.0002
3976  0.0002
3977  0.0002
3978  0.0002
3979  0.0002
3980  0.0002
3981  0.0002
3982  0.0002
3983  0.0002
3984  0.0002
3985  0.0002
3986  0.0002
3987  0.0002
3988  0.0002
3989  0.0002
3990  0.0002
3991  0.0002
3992  0.0002
3993  0.0002
3994  0.0002
3995  0.0002
3996  0.0002
3997  0.0002
3998  0.0002
3999  0.0002
4000  0.0002
4001  0.0002
4002  0.0002
4003  0.0002
4004  0.0002
4005  0.0002
4006  0.0002
4007  0.0002
4008  0.0002
4009  0.0002
4010  0.0002
4011  0.0002
4012  0.0002
4013  0.0002
4014  0.0002
4015  0.0002
4016  0.0002
4017  0.0002
4018  0.0002
4019  0.0002
4020  0.0002
4021  0.0002
4022  0.0002
4023  0.0002
4024  0.0002
4025  0.0002
4026  0.0002
4027  0.0002
4028  0.0002
4029  0.0002
4030  0.0002
4031  0.0002
4032  0.0002
4033  0.0002
4034  0.0002
4035  0.0002
4036  0.0002
4037  0.0002
4038  0.0002
4039  0.0002
4040  0.0002
4041  0.0002
4042  0.0002
4043  0.0002
4044  0.0002
4045  0.0002
4046  0.0002
4047  0.0002
4048  0.0002
4049  0.0002
4050  0.0002
4051  0.0002
4052  0.0002
4053  0.0002
4054  0.0002
4055  0.0002
4056  0.0002
4057  0.0002
4058  0.0002
4059  0.0002
4060  0.0002
4061  0.0002
4062  0.0002
4063  0.0002
4064  0.0002
4065  0.0002
4066  0.0002
4067  0.0002
4068  0.0002
4069  0.0002
4070  0.0002
4071  0.0002
4072  0.0002
4073  0.0002
4074  0.0002
4075  0.0002
4076  0.0002
4077  0.0002
4078  0.0002
4079  0.0002
4080  0.0002
4081  0.0002
4082  0.0002
4083  0.0002
4084  0.0002
4085  0.0002
4086  0.0002
4087  0.0002
4088  0.0002
4089  0.0002
4090  0.0002
4091  0.0002
4092  0.0002
4093  0.0002
4094  0.0002
