-0.909124
1.093421
1.095051
1.095440
1.095947
1.096427
1.096705
1.096878
1.097247
2.340837
2.104540
1.098812
1.098874
2.604468
3.173539
3.608082
3.491106
3.887864
3.285813
2.681524
2.059364
1.998601
1.958638
2.297556
2.445965
2.628511
2.460878
2.511667
2.536658
2.629571
2.703330
2.750917
2.636370
2.423027
2.206896
2.013412
1.883921
1.992715
2.292856
2.713713
2.702360
2.613453
2.496061
2.510174
2.646101
2.615380
2.560721
2.408014
2.336917
2.239048
2.107654
2.065381
2.047347
2.100213
2.128177
2.151255
2.130768
2.082410
2.064693
2.076506
2.086831
2.053285
2.014049
1.997867
2.012594
2.034333
2.036015
2.035680
2.050440
2.099398
2.155544
2.190778
2.195900
2.180949
2.162368
2.146586
2.139330
2.116968
2.105952
2.108670
2.087029
2.047326
2.002719
2.001318
1.977652
1.954497
1.922419
1.914087
1.893938
1.901680
1.907320
1.914387
1.890092
1.864489
1.849432
1.831146
1.812151
1.781082
1.777623
1.794319
1.830761
1.828503
1.807463
1.780363
1.786476
1.805917
1.810448
1.803771
1.794494
1.790425
1.801566
1.806322
1.801549
1.779994
1.783439
1.795409
1.814799
1.815663
1.828046
1.846497
1.838315
1.792087
1.763474
1.762708
1.795895
1.798734
1.796144
1.807283
1.808486
1.801958
1.819320
1.847823
1.879178
1.853789
1.846716
1.871933
1.902455
1.899667
1.858677
1.867246
1.884100
1.908904
1.894363
1.885838
1.919274
1.941505
1.947582
1.940174
1.925797
1.938838
1.932797
1.955803
1.986392
1.998399
1.982904
1.953203
1.955749
1.984020
2.019890
2.069409
2.100909
2.128005
2.122405
2.090799
2.087315
2.068488
2.073415
2.030123
2.020502
2.014354
2.016091
2.007144
2.010762
2.027341
2.049914
2.084604
2.100716
2.129656
2.139943
2.161468
2.175061
2.165364
2.174646
2.182454
2.211119
2.223620
2.207686
2.184472
2.184084
2.170871
2.195716
2.221284
2.246203
2.247876
2.238223
2.281504
2.309916
2.335363
2.323025
2.320982
2.318227
2.341016
2.356817
2.366944
2.369325
2.363430
2.368319
2.372114
2.405999
2.389965
2.382966
2.372860
2.412043
2.434869
2.484096
2.515312
2.548332
2.531037
2.543195
2.543037
2.542356
2.529604
2.531947
2.552075
2.555173
2.533117
2.568481
2.596969
2.635256
2.626764
2.629972
2.675572
2.701474
2.718261
2.710589
2.718418
2.731684
2.740688
2.726637
2.732136
2.718703
2.695880
2.685416
2.724504
2.783327
2.797569
2.772715
2.731651
2.701677
2.682389
2.686413
2.700504
2.705842
2.697724
2.650041
2.596971
2.545481
2.516980
2.496999
2.476085
2.472340
2.465087
2.460946
2.424721
2.378942
2.330031
2.293085
2.257538
2.193928
2.121687
2.053531
1.970075
1.933078
1.906353
1.940824
1.906266
1.857192
1.768692
1.686527
1.638086
1.611190
1.598097
1.540262
1.501294
1.485298
1.463852
1.428960
1.384075
1.377085
1.358270
1.343325
1.326778
1.378041
1.380467
1.370374
1.287434
1.310582
1.328596
1.382011
1.390918
1.394636
1.371933
1.323551
1.291348
1.308663
1.312677
1.324675
1.293802
1.297798
1.333701
1.384360
1.452081
1.509352
1.492719
1.463556
1.386117
1.359167
1.375573
1.372923
1.375424
1.303411
1.294860
1.363595
1.447414
1.500206
1.473203
1.513765
1.559208
1.615669
1.616226
1.625335
1.643179
1.666425
1.620192
1.661007
1.651088
1.681584
1.628383
1.630151
1.656217
1.654167
1.677852
1.672381
1.776514
1.816511
1.866506
1.848235
1.830021
1.823735
1.772585
1.760203
1.792910
1.824599
1.812810
1.832314
1.856615
1.921793
1.928973
1.979962
1.994959
2.011189
1.996703
1.950774
1.921754
1.899412
1.949511
1.925330
1.948995
1.977640
2.098624
2.165064
2.171500
2.142768
2.120938
2.155202
2.153731
2.204088
2.165611
2.080378
2.048171
2.070361
2.162800
2.123381
2.145507
2.155768
2.184349
2.149589
2.166274
2.212134
2.282716
2.312477
2.349037
2.392875
2.434422
2.409947
2.355721
2.373211
2.409030
2.453773
2.411504
2.404132
2.461991
2.530327
2.559464
2.487662
2.412658
2.352121
2.323010
2.329564
2.332300
2.386435
2.483696
2.534585
2.522247
2.455050
2.465548
2.484475
2.519498
2.573447
2.687370
2.730256
2.744267
2.688082
2.673118
2.587450
2.572541
2.536845
2.540668
2.495062
2.443157
2.501037
2.572907
2.706076
2.730284
2.695221
2.635283
2.592813
2.550909
2.574428
2.627877
2.774304
2.822789
2.795888
2.730430
2.713527
2.709392
2.698693
2.650491
2.607036
2.605002
2.654772
2.722136
2.726758
2.651474
2.630244
2.595807
2.592286
2.576081
2.516864
2.528535
2.512321
2.594841
2.638911
2.693261
2.725352
2.731057
2.693501
2.636093
2.566253
2.496953
2.455919
2.483908
2.538748
2.585306
2.576135
2.574023
2.606510
2.698264
2.637478
2.714973
2.703296
2.865271
2.828583
2.781335
2.712522
2.626988
2.575432
2.607366
2.594793
2.568419
2.398265
2.338298
2.333011
2.411285
2.442582
2.459701
2.448272
2.436486
2.417374
2.422933
2.503715
2.565298
2.583618
2.473179
2.545669
2.604222
2.672308
2.468659
2.391410
2.328510
2.365924
2.316281
2.455124
2.538732
2.574065
2.484524
2.611287
2.790631
2.889398
2.749387
2.648796
2.682578
2.747383
2.724155
2.542896
2.368793
2.252566
2.211138
2.388928
2.618847
2.809789
2.721504
2.596336
2.471731
2.436763
2.409259
2.311352
2.275165
2.230233
2.287934
2.192025
2.153808
2.007263
2.034394
2.101664
2.308917
2.368332
2.333358
2.276734
2.273657
2.411759
2.446146
2.376510
2.319700
2.180264
2.194186
2.118942
2.265089
2.375494
2.460690
2.535446
2.639854
2.671558
2.624226
2.474524
2.441770
2.430919
2.536183
2.643573
2.721276
2.667951
2.513573
2.428345
2.458009
2.530427
2.463706
2.397249
2.349047
2.364087
2.358888
2.262468
2.257222
2.278782
2.423325
2.531344
2.576597
2.445960
2.384706
2.376325
2.441092
2.423017
2.472734
2.513225
2.642736
2.691389
2.672927
2.623940
2.559458
2.463777
2.333734
2.180336
2.073805
1.984502
1.978109
1.976338
1.999383
1.999830
2.113449
2.246742
2.294103
2.149601
2.044041
2.152606
2.448109
2.753741
2.784725
2.755544
2.626578
2.576908
2.548549
2.569745
2.662424
2.774239
2.804932
2.908960
2.942614
3.045757
3.072600
2.839126
2.806724
2.626733
2.626603
2.564298
2.563354
2.623248
2.542913
2.652948
2.787645
2.949369
2.937307
2.920215
2.929972
2.998220
3.099082
3.091633
3.156600
3.178726
3.298853
3.304954
3.289878
3.273511
3.321492
3.380277
3.354781
3.304899
3.261344
3.264691
3.247468
3.231226
3.197884
3.158166
3.090720
3.077834
3.051527
3.011394
2.915715
2.857627
2.828130
2.790952
2.772937
2.771579
2.811010
2.793291
2.811702
2.809145
2.842750
2.866755
2.955209
3.140891
3.265450
3.372852
3.213182
3.187316
3.359909
4.217114
5.212926
6.384242
1.090485
1.089562
1.089054
1.088571
1.088565
1.088454
1.088259
1.088006
1.088032
1.088114
1.087788
1.087298
1.087574
1.087946
1.088332
1.088412
1.088384
1.088447
1.088100
1.087617
1.087249
1.086996
1.087165
1.087233
1.087193
1.087355
1.087544
1.087532
1.087414
1.087264
1.087351
1.087175
1.087391
1.087455
1.087696
1.087592
1.087605
1.087222
1.086974
1.087045
1.087413
1.087468
1.087316
1.087203
1.087461
1.087327
1.087249
1.086983
1.087217
1.087194
1.087142
1.087026
1.086712
1.086730
1.086464
1.086518
1.086504
1.086607
1.086738
1.086522
1.086368
1.086555
1.086479
1.086634
1.086581
1.086998
1.087187
1.087176
1.086935
1.086658
1.086777
1.086995
1.087341
1.087340
1.086898
1.086523
1.086338
1.086554
1.086787
1.086828
1.086745
1.086427
1.086269
1.086144
1.086295
1.086481
1.086587
1.086629
1.086731
1.087316
1.087612
1.087758
1.087380
1.086916
1.086872
1.086914
1.087368
1.087380
1.087594
1.087410
1.087140
1.086800
1.086657
1.086648
1.086826
1.087303
1.087523
1.087111
1.086702
1.086639
1.086776
1.086749
1.086789
1.087042
1.087142
1.086847
1.087002
1.087267
1.087698
1.087401
1.087283
1.086960
1.086804
1.086470
1.086397
1.086420
1.086322
1.086280
1.086247
1.086447
1.086638
1.087033
1.087316
1.087514
1.087563
1.087684
1.087204
1.086862
1.086365
1.086095
1.085946
1.085747
1.086127
1.086523
1.086955
1.086893
1.086569
1.086313
1.086622
1.086736
1.086862
1.086642
1.086553
1.086310
1.086237
1.086433
1.086820
1.086683
1.086388
1.086112
1.086263
1.086321
1.086163
1.085785
1.085957
1.086288
1.086856
1.086702
1.086681
1.086396
1.086434
1.086321
1.086477
1.086158
1.086159
1.086045
1.086311
1.086225
1.085850
1.085762
1.086089
1.086790
1.086975
1.086770
1.086510
1.086696
1.086721
1.086842
1.086763
1.086704
1.086722
1.086665
1.086703
1.086645
1.086658
1.086803
1.086866
1.087168
1.087227
1.087438
1.087304
1.087258
1.087006
1.086592
1.086318
1.086248
1.086570
1.086622
1.086581
1.086378
1.086467
1.086550
1.086646
1.086658
1.086365
1.086280
1.086208
1.086507
1.086633
1.086786
1.086867
1.086963
1.086759
1.086699
1.086698
1.087010
1.086996
1.086636
1.086295
1.086065
1.086081
1.085913
1.085928
1.086006
1.086309
1.086491
1.086632
1.086708
1.086854
1.086939
1.086859
1.086758
1.086760
1.086878
1.087014
1.087018
1.086949
1.086772
1.086605
1.086655
1.086882
1.087153
1.087105
1.086719
1.086470
1.086489
1.086742
1.086934
1.086858
1.086539
1.086422
1.086603
1.086971
1.086967
1.086820
1.086697
1.086632
1.086572
1.086242
1.086073
1.086033
1.086427
1.086650
1.087018
1.087116
1.087133
1.086796
1.086840
1.086858
1.087070
1.086932
1.086998
1.086817
1.086700
1.086604
1.086558
1.086342
1.085993
1.085709
1.085750
1.086105
1.086740
1.087501
1.087656
1.087527
1.087069
1.086969
1.086842
1.086724
1.086667
1.086771
1.086824
1.086979
1.087037
1.087217
1.087101
1.087180
1.087160
1.087087
1.086813
1.086670
1.086659
1.086597
1.086545
1.086505
1.086475
1.086489
1.086675
1.086809
1.086582
1.086231
1.086025
1.085730
1.085899
1.085907
1.086182
1.086143
1.086103
1.086273
1.086421
1.086770
1.087085
1.087207
1.087160
1.087028
1.086847
1.086740
1.086529
1.086607
1.086668
1.086944
1.087049
1.087233
1.087244
1.087067
1.086923
1.086904
1.086828
1.086658
1.086312
1.086140
1.086080
1.086223
1.086467
1.086673
1.086738
1.086972
1.087119
1.087234
1.087290
1.087197
1.087198
1.087045
1.086947
1.087077
1.086997
1.086940
1.086591
1.086319
1.086472
1.086488
1.086480
1.086198
1.085971
1.086081
1.086348
1.086698
1.086860
1.086758
1.086628
1.086669
1.086623
1.086633
1.086432
1.086381
1.086542
1.086687
1.086750
1.086808
1.086529
1.086341
1.085923
1.086092
1.086396
1.086679
1.086592
1.086377
1.086385
1.086683
1.086978
1.087103
1.087186
1.087083
1.086961
1.086744
1.086402
1.086361
1.086286
1.086485
1.086543
1.086598
1.086677
1.086583
1.086913
1.086898
1.086925
1.086566
1.086654
1.086771
1.086873
1.086821
1.086681
1.086570
1.086505
1.086499
1.086666
1.086702
1.086744
1.086616
1.086668
1.086583
1.086700
1.086640
1.086553
1.086317
1.086443
1.086631
1.086671
1.086399
1.086310
1.086294
1.086347
1.086412
1.086297
1.086224
1.086045
1.086476
1.086633
1.086819
1.086520
1.086510
1.086279
1.086060
1.085798
1.085803
1.085922
1.086147
1.086207
1.086146
1.086169
1.086349
1.086663
1.086822
1.086870
1.086978
1.087098
1.087303
1.087309
1.087221
1.086961
1.086656
1.086596
1.086573
1.086637
1.086424
1.086248
1.086345
1.086477
1.086618
1.086454
1.086250
1.086235
1.086356
1.086628
1.086661
1.086760
1.086866
1.087165
1.087144
1.086989
1.086667
1.086490
1.086580
1.086573
1.086602
1.086386
1.086459
1.086561
1.086730
1.086759
1.086458
1.086544
1.086590
1.086926
1.086593
1.086261
1.086115
1.086168
1.086234
1.086242
1.086261
1.086548
1.086480
1.086719
1.086733
1.087136
1.087403
1.087356
1.087100
1.086662
1.086524
1.086424
1.086316
1.086257
1.086288
1.086482
1.086795
1.087005
1.087034
1.086653
1.086355
1.086160
1.086282
1.086366
1.086390
1.086412
1.086465
1.086582
1.086552
1.086517
1.086498
1.086624
1.086610
1.086278
1.085955
1.085841
1.086033
1.086092
1.086254
1.086633
1.086861
1.086836
1.086555
1.086524
1.086310
1.086270
1.086141
1.086240
1.086272
1.086119
1.086059
1.085969
1.086316
1.086407
1.086390
1.086117
1.086087
1.086231
1.086446
1.086686
1.086629
1.086554
1.086455
1.086560
1.086685
1.086921
1.086978
1.087028
1.086828
1.086789
1.086725
1.086691
1.086612
1.086457
1.086378
1.086305
1.086312
1.086516
1.086638
1.086765
1.086598
1.086597
1.086640
1.086704
1.086714
1.086597
1.086616
1.086443
1.086398
1.086261
1.086386
1.086456
1.086546
1.086604
1.086929
1.087107
1.087252
1.087087
1.087161
1.087082
1.087090
1.086992
1.086720
1.086639
1.086479
1.086637
1.086388
1.086401
1.086436
1.086710
1.086839
1.086790
1.086671
1.086508
1.086667
1.086763
1.086754
1.086623
1.086625
1.086609
1.086636
1.086655
1.086863
1.086988
1.086960
1.086767
1.086481
1.086398
1.086343
1.086357
1.086211
1.086216
1.086217
1.086358
1.086453
1.086566
1.086600
1.086490
1.086278
1.086110
1.085994
1.086049
1.086121
1.086373
1.086607
1.086660
1.086547
1.086360
1.086373
1.086492
1.086660
1.086761
1.086721
1.086700
1.086644
1.086617
1.086623
1.086517
1.086433
1.086252
1.086289
1.086264
1.086302
1.086311
1.086326
1.086350
1.086368
1.086530
1.086789
1.086910
1.087086
1.087096
1.087106
1.086888
1.086684
1.086584
1.086621
1.086699
1.086713
1.086673
1.086559
1.086526
1.086515
1.086542
1.086530
1.086539
1.086645
1.086763
1.086850
1.086621
1.086556
1.086414
1.086451
1.086354
1.086349
1.086404
1.086427
1.086473
1.086609
1.086721
1.086754
1.086611
1.086605
1.086647
1.086813
1.086903
1.086885
1.086727
1.086556
1.086537
1.086736
1.086861
1.086939
1.086848
1.086784
1.086735
1.086682
1.086614
1.086485
1.086415
1.086459
1.086666
1.086888
1.086905
1.086804
1.086652
1.086717
1.086523
1.086326
1.086064
1.086211
1.086546
1.086844
1.087041
1.087096
1.087103
1.087148
1.087063
1.086946
1.086729
1.086820
1.086961
1.087060
1.086744
1.086580
1.086438
1.086494
1.086454
1.086407
1.086463
1.086614
1.086789
1.086995
1.086963
1.086914
1.086721
1.086767
1.086830
1.086798
1.086615
1.086619
1.086600
1.086656
1.086535
1.086469
1.086185
1.085955
1.085878
1.086026
1.086176
1.086116
1.085850
1.085842
1.085840
1.086093
1.086076
1.086217
1.086239
1.086224
1.086169
1.086173
1.086153
1.086304
1.086499
1.086701
1.086615
1.086503
1.086437
1.086395
1.086382
1.086292
1.086381
1.086465
1.086598
1.086655
1.086629
1.086598
1.086502
1.086518
1.086557
1.086696
1.086613
1.086541
1.086431
1.086450
1.086431
1.086500
1.086491
1.086407
1.086356
1.086338
1.086353
1.086236
1.086224
1.086254
1.086477
1.086588
1.086658
1.086582
1.086585
1.086670
1.086767
1.086761
1.086715
1.086592
1.086509
1.086462
1.086469
1.086532
1.086598
1.086593
1.086556
1.086466
1.086404
1.086312
1.086271
1.086307
1.086450
1.086522
1.086550
1.086489
1.086492
1.086538
1.086508
1.086473
1.086362
1.086318
1.086268
1.086183
1.086130
1.086072
1.086066
1.086237
1.086405
1.086575
1.086581
1.086498
1.086471
1.086475
1.086607
1.086616
1.086584
1.086515
1.086376
1.086260
1.086197
1.086381
1.086510
1.086619
1.086599
1.086648
1.086782
1.086709
1.086737
1.086536
1.086481
1.086406
1.086418
1.086540
1.086539
1.086487
1.086513
1.086610
1.086868
1.086991
1.087073
1.087022
1.086959
1.086897
1.086762
1.086726
1.086734
1.086710
1.086860
1.086967
1.087293
1.087187
1.086871
1.086474
1.086337
1.086452
1.086421
1.086498
1.086459
1.086576
1.086463
1.086545
1.086567
1.086581
1.086411
1.086349
1.086333
1.086341
1.086383
1.086516
1.086602
1.086536
1.086472
1.086436
1.086433
1.086312
1.086195
1.086311
1.086507
1.086762
1.086755
1.086655
1.086508
1.086419
1.086319
1.086338
1.086281
1.086329
1.086290
1.086422
1.086560
1.086686
1.086725
1.086708
1.086675
1.086650
1.086636
1.086610
1.086607
1.086574
1.086529
1.086391
1.086385
1.086413
1.086500
1.086525
1.086538
1.086619
1.086720
1.086794
1.086874
1.086816
1.086759
1.086652
1.086679
1.086584
1.086526
1.086469
1.086519
1.086509
1.086400
1.086309
1.086322
1.086479
1.086625
1.086600
1.086416
1.086389
1.086413
1.086477
1.086442
1.086395
1.086442
1.086572
1.086640
1.086627
1.086485
1.086470
1.086360
1.086262
1.086263
1.086428
1.086699
1.086735
1.086793
1.086684
1.086604
1.086507
1.086500
1.086594
1.086623
1.086624
1.086587
1.086508
1.086401
1.086340
1.086362
1.086460
1.086560
1.086552
1.086554
1.086482
1.086434
1.086475
1.086450
1.086510
1.086494
1.086611
1.086742
1.086830
1.086903
1.086829
1.086716
1.086594
1.086557
1.086563
1.086492
1.086535
1.086558
1.086661
1.086529
1.086446
1.086363
1.086430
1.086483
1.086534
1.086563
1.086566
1.086489
1.086479
1.086489
1.086623
1.086680
1.086732
1.086678
1.086674
1.086686
1.086709
1.086722
1.086727
1.086670
1.086599
1.086587
1.086704
1.086818
1.086693
1.086614
1.086482
1.086484
1.086406
1.086345
1.086268
1.086178
1.086241
1.086321
1.086457
1.086473
1.086496
1.086504
1.086519
1.086576
1.086584
1.086577
1.086459
1.086378
1.086292
1.086229
1.086320
1.086405
1.086523
1.086552
1.086541
1.086521
1.086379
1.086230
1.086170
1.086167
1.086234
1.086277
1.086301
1.086367
1.086465
1.086559
1.086582
1.086556
1.086584
1.086587
1.086560
1.086575
1.086715
1.086806
1.086787
1.086711
1.086690
1.086688
1.086655
1.086603
1.086553
1.086483
1.086415
1.086496
1.086581
1.086681
1.086680
1.086733
1.086737
1.086632
1.086506
1.086497
1.086626
1.086803
1.086774
1.086781
1.086692
1.086745
1.086624
1.086674
1.086694
1.086761
1.086635
1.086531
1.086483
1.086491
1.086588
1.086548
1.086571
1.086530
1.086637
1.086549
1.086427
1.086272
1.086277
1.086277
1.086264
1.086260
1.086341
1.086577
1.086698
1.086755
1.086625
1.086638
1.086661
1.086659
1.086501
1.086404
1.086334
1.086416
1.086491
1.086593
1.086715
1.086697
1.086664
1.086552
1.086630
1.086643
1.086661
1.086556
1.086508
1.086470
1.086423
1.086400
1.086544
1.086531
1.086561
1.086411
1.086445
1.086386
1.086353
1.086352
1.086470
1.086470
1.086467
1.086429
1.086431
1.086467
1.086516
1.086652
1.086631
1.086584
1.086485
1.086503
1.086541
1.086622
1.086617
1.086574
1.086493
1.086498
1.086592
1.086699
1.086777
1.086696
1.086728
1.086706
1.086720
1.086580
1.086395
1.086287
1.086260
1.086363
1.086348
1.086305
1.086251
1.086344
1.086387
1.086400
1.086405
1.086385
1.086504
1.086554
1.086691
1.086731
1.086690
1.086709
1.086668
1.086719
1.086552
1.086385
1.086241
1.086274
1.086319
1.086289
1.086262
1.086319
1.086430
1.086446
1.086442
1.086497
1.086531
1.086456
1.086292
1.086164
1.086271
1.086355
1.086512
1.086526
1.086603
1.086615
1.086593
1.086571
1.086590
1.086655
1.086758
1.086817
1.086793
1.086794
1.086720
1.086697
1.086610
1.086691
1.086737
1.086810
1.086828
1.086804
1.086679
1.086555
1.086525
1.086543
1.086532
1.086518
1.086561
1.086562
1.086552
1.086534
1.086633
1.086608
1.086600
1.086428
1.086414
1.086312
1.086292
1.086294
1.086335
1.086385
1.086366
1.086410
1.086413
1.086346
1.086263
1.086248
1.086287
1.086257
1.086326
1.086332
1.086393
1.086350
1.086392
1.086403
1.086399
1.086374
1.086416
1.086505
1.086633
1.086731
1.086751
1.086758
1.086773
1.086799
1.086750
1.086732
1.086621
1.086596
1.086513
1.086533
1.086492
1.086417
1.086340
1.086338
1.086387
1.086500
1.086615
1.086650
1.086644
1.086569
1.086525
1.086498
1.086423
1.086389
1.086342
1.086308
1.086327
1.086313
1.086354
1.086376
1.086487
1.086579
1.086649
1.086685
1.086671
1.086705
1.086703
1.086786
1.086674
1.086625
1.086590
1.086722
1.086660
1.086626
1.086589
1.086778
1.086759
1.086754
1.086618
1.086608
1.086507
1.086451
1.086436
1.086470
1.086569
1.086608
1.086582
1.086458
1.086441
1.086547
1.086695
1.086802
1.086823
1.086687
1.086549
1.086370
1.086313
1.086300
1.086309
1.086366
1.086372
1.086379
1.086342
1.086363
1.086497
1.086607
1.086676
1.086651
1.086680
1.086766
1.086805
1.086869
1.086872
1.086853
1.086730
1.086562
1.086469
1.086389
1.086270
1.086224
1.086278
1.086461
1.086538
1.086571
1.086595
1.086738
1.086769
1.086852
1.086822
1.086898
1.086837
1.086865
1.086819
1.086720
1.086595
1.086650
1.086783
1.086862
1.086727
1.086566
1.086402
1.086348
1.086319
1.086406
1.086492
1.086619
1.086687
1.086672
1.086632
1.086519
1.086471
1.086378
1.086319
1.086269
1.086236
1.086243
1.086264
1.086364
1.086487
1.086471
1.086411
1.086289
1.086337
1.086386
1.086453
1.086509
1.086568
1.086586
1.086671
1.086729
1.086803
1.086776
1.086669
1.086614
1.086675
1.086722
1.086730
1.086554
1.086494
1.086453
1.086473
1.086516
1.086506
1.086497
1.086523
1.086554
1.086665
1.086757
1.086756
1.086665
1.086508
1.086480
1.086473
1.086528
1.086582
1.086660
1.086590
1.086499
1.086441
1.086544
1.086616
1.086622
1.086537
1.086432
1.086381
1.086355
1.086429
1.086479
1.086530
1.086583
1.086585
1.086573
1.086490
1.086468
1.086382
1.086356
1.086351
1.086504
1.086550
1.086576
1.086529
1.086523
1.086502
1.086486
1.086514
1.086479
1.086477
1.086434
1.086473
1.086518
1.086586
1.086595
1.086605
1.086587
1.086629
1.086596
1.086538
1.086377
1.086266
1.086194
1.086261
1.086379
1.086550
1.086703
1.086758
1.086751
1.086674
1.086604
1.086613
1.086710
1.086755
1.086711
1.086632
1.086657
1.086628
1.086574
1.086462
1.086480
1.086518
1.086714
1.086900
1.087023
1.086964
1.086825
1.086655
1.086504
1.086398
1.086419
1.086515
1.086584
1.086539
1.086507
1.086416
1.086400
1.086338
1.086354
1.086495
1.086560
1.086588
1.086547
1.086586
1.086657
1.086605
1.086586
1.086593
1.086654
1.086693
1.086779
1.086793
1.086800
1.086752
1.086762
1.086739
1.086637
1.086522
1.086395
1.086422
1.086460
1.086537
1.086567
1.086537
1.086511
1.086471
1.086525
1.086470
1.086429
1.086374
1.086433
1.086516
1.086531
1.086514
1.086442
1.086437
1.086478
1.086516
1.086530
1.086495
1.086455
1.086488
1.086527
1.086585
1.086478
1.086470
1.086413
1.086434
1.086443
1.086434
1.086460
1.086384
1.086434
1.086385
1.086439
1.086525
1.086642
1.086720
1.086670
1.086667
1.086578
1.086495
1.086454
1.086488
1.086535
1.086597
1.086658
1.086744
1.086752
1.086660
1.086612
1.086597
1.086647
1.086651
1.086620
1.086575
1.086503
1.086495
1.086516
1.086577
1.086630
1.086607
1.086572
1.086515
1.086521
1.086584
1.086612
1.086624
1.086543
1.086511
1.086492
1.086554
1.086674
1.086715
1.086743
1.086713
1.086717
1.086621
1.086566
1.086516
1.086571
1.086620
1.086595
1.086554
1.086510
1.086639
1.086678
1.086719
1.086712
1.086782
1.086688
1.086634
1.086547
1.086605
1.086583
1.086556
1.086555
1.086637
1.086612
1.086565
1.086475
1.086555
1.086576
1.086572
1.086517
1.086530
1.086488
1.086507
1.086423
1.086395
1.086293
1.086373
1.086469
1.086599
1.086618
1.086682
1.086671
1.086632
1.086491
1.086465
1.086462
1.086527
1.086559
1.086556
1.086511
1.086484
1.086550
1.086631
1.086642
1.086617
1.086584
1.086580
1.086602
1.086631
1.086694
1.086715
1.086648
1.086578
1.086488
1.086484
1.086491
1.086477
1.086433
1.086297
1.086284
1.086275
1.086339
1.086332
1.086465
1.086561
1.086635
1.086564
1.086464
1.086361
1.086309
1.086323
1.086383
1.086487
1.086579
1.086649
1.086646
1.086541
1.086500
1.086518
1.086564
1.086505
1.086475
1.086538
1.086677
1.086685
1.086725
1.086717
1.086775
1.086803
1.086762
1.086695
1.086577
1.086558
1.086586
1.086581
1.086474
1.086349
1.086306
1.086322
1.086316
1.086387
1.086466
1.086627
1.086734
1.086725
1.086705
1.086591
1.086589
1.086568
1.086618
1.086642
1.086615
1.086530
1.086545
1.086489
1.086491
1.086447
1.086490
1.086466
1.086455
1.086475
1.086523
1.086483
1.086432
1.086428
1.086500
1.086514
1.086515
1.086516
1.086476
1.086464
1.086434
1.086483
1.086527
1.086561
1.086612
1.086632
1.086682
1.086665
1.086665
1.086587
1.086497
1.086445
1.086433
1.086481
1.086454
1.086442
1.086509
1.086574
1.086620
1.086538
1.086479
1.086450
1.086492
1.086519
1.086580
1.086599
1.086601
1.086536
1.086473
1.086463
1.086503
1.086519
1.086518
1.086504
1.086530
1.086545
1.086528
1.086518
1.086524
1.086577
1.086624
1.086643
1.086601
1.086525
1.086482
1.086465
1.086474
1.086435
1.086463
1.086460
1.086475
1.086423
1.086398
1.086426
1.086450
1.086474
1.086566
1.086582
1.086653
1.086576
1.086557
1.086565
1.086545
1.086539
1.086427
1.086473
1.086491
1.086540
1.086467
1.086457
1.086513
1.086591
1.086654
1.086611
1.086531
1.086448
1.086417
1.086373
1.086351
1.086333
1.086387
1.086404
1.086502
1.086538
1.086557
1.086473
1.086452
1.086456
1.086480
1.086494
1.086534
1.086616
1.086642
1.086599
1.086552
1.086523
1.086604
1.086709
1.086777
1.086790
1.086707
1.086653
1.086655
1.086585
1.086555
1.086476
1.086569
1.086572
1.086593
1.086563
1.086559
1.086518
1.086493
1.086581
1.086559
1.086453
1.086255
1.086194
1.086264
1.086354
1.086398
1.086381
1.086390
1.086447
1.086552
1.086604
1.086586
1.086508
1.086457
1.086440
1.086390
1.086382
1.086472
1.086610
1.086748
1.086755
1.086650
1.086537
1.086508
1.086580
1.086566
1.086514
1.086493
1.086556
1.086607
1.086652
1.086647
1.086685
1.086650
1.086732
1.086743
1.086736
1.086685
1.086555
1.086496
1.086412
1.086415
1.086368
1.086295
1.086258
1.086269
1.086407
1.086524
1.086589
1.086566
1.086495
1.086531
1.086618
1.086678
1.086673
1.086575
1.086561
1.086529
1.086578
1.086673
1.086750
1.086639
1.086637
1.086608
1.086669
1.086513
1.086468
1.086402
1.086470
1.086535
1.086588
1.086594
1.086550
1.086582
1.086518
1.086482
1.086440
1.086505
1.086462
1.086498
1.086508
1.086606
1.086606
1.086507
1.086442
1.086396
1.086433
1.086462
1.086481
1.086549
1.086560
1.086616
1.086637
1.086649
1.086582
1.086444
1.086343
1.086292
1.086334
1.086398
1.086476
1.086536
1.086570
1.086625
1.086706
1.086746
1.086695
1.086540
1.086487
1.086477
1.086548
1.086550
1.086566
1.086581
1.086595
1.086560
1.086525
1.086472
1.086439
1.086417
1.086461
1.086586
1.086693
1.086747
1.086732
1.086650
1.086562
1.086468
1.086482
1.086503
1.086528
1.086498
1.086483
1.086557
1.086664
1.086780
1.086733
1.086657
1.086559
1.086557
1.086529
1.086490
1.086438
1.086468
1.086566
1.086606
1.086543
1.086411
1.086382
1.086390
1.086514
1.086593
1.086676
1.086593
1.086530
1.086463
1.086453
1.086402
1.086393
1.086325
1.086217
1.086215
1.086391
1.086637
1.086724
1.086658
1.086593
1.086557
1.086570
1.086599
1.086555
1.086517
1.086458
1.086494
1.086496
1.086534
1.086585
1.086703
1.086731
1.086730
1.086677
1.086688
1.086558
1.086438
1.086335
1.086428
1.086452
1.086535
1.086545
1.086615
1.086585
1.086546
1.086512
1.086487
1.086568
1.086599
1.086665
1.086668
1.086718
1.086718
1.086709
1.086687
1.086670
1.086597
1.086527
1.086472
1.086473
1.086469
1.086495
1.086506
1.086539
1.086495
1.086513
1.086551
1.086672
1.086657
1.086654
1.086592
1.086589
1.086544
1.086462
1.086415
1.086403
1.086511
1.086563
1.086586
1.086537
1.086590
1.086619
1.086720
1.086768
1.086833
1.086702
1.086589
1.086473
1.086512
1.086504
1.086451
1.086373
1.086313
1.086373
1.086467
1.086576
1.086633
1.086611
1.086634
1.086671
1.086792
1.086766
1.086720
1.086613
1.086582
1.086473
1.086419
1.086376
1.086425
1.086323
1.086320
1.086285
1.086414
1.086439
1.086466
1.086508
1.086550
1.086594
1.086589
1.086539
1.086489
1.086419
1.086404
1.086396
1.086426
1.086484
1.086473
1.086444
1.086377
1.086384
1.086423
1.086557
1.086700
1.086809
1.086769
1.086677
1.086549
1.086441
1.086368
1.086316
1.086330
1.086387
1.086437
1.086503
1.086528
1.086552
1.086497
1.086414
1.086346
1.086350
1.086429
1.086485
1.086490
1.086438
1.086405
1.086440
1.086497
1.086573
1.086595
1.086697
1.086629
1.086587
1.086461
1.086475
1.086433
1.086449
1.086511
1.086617
1.086577
1.086502
1.086474
1.086542
1.086614
1.086563
1.086536
1.086552
1.086622
1.086593
1.086551
1.086548
1.086574
1.086576
1.086550
1.086557
1.086488
1.086409
1.086338
1.086373
1.086499
1.086606
1.086660
1.086593
1.086488
1.086429
1.086421
1.086475
1.086538
1.086560
1.086578
1.086545
1.086559
1.086554
1.086560
1.086550
1.086558
1.086605
1.086638
1.086627
1.086540
1.086524
1.086483
1.086475
1.086385
1.086388
1.086338
1.086336
1.086325
1.086443
1.086515
1.086564
1.086544
1.086524
1.086566
1.086605
1.086674
1.086712
1.086715
1.086733
1.086760
1.086791
1.086778
1.086698
1.086666
1.086663
1.086675
1.086626
1.086589
1.086587
1.086580
1.086560
1.086511
1.086524
1.086548
1.086488
1.086430
1.086357
1.086376
1.086416
1.086463
1.086506
1.086551
1.086572
1.086576
1.086524
1.086486
1.086430
1.086376
1.086344
1.086382
1.086422
1.086477
1.086465
1.086444
1.086442
1.086536
1.086650
1.086685
1.086743
1.086751
1.086773
1.086676
1.086604
1.086484
1.086390
1.086325
1.086361
1.086332
1.086288
1.086169
1.086173
1.086333
1.086550
1.086693
1.086686
1.086516
1.086430
1.086356
1.086455
1.086517
1.086636
1.086695
1.086689
1.086544
1.086539
1.086593
1.086782
1.086804
1.086761
1.086625
1.086501
1.086410
1.086449
1.086548
1.086676
1.086692
1.086752
1.086757
1.086766
1.086779
1.086755
1.086743
1.086648
1.086533
1.086462
1.086434
1.086487
1.086497
1.086460
1.086421
1.086421
1.086470
1.086451
1.086429
1.086342
1.086314
1.086319
1.086358
1.086429
1.086445
1.086461
1.086408
1.086380
1.086367
1.086481
1.086473
1.086499
1.086498
1.086512
1.086486
1.086468
1.086534
1.086638
1.086674
1.086696
1.086693
1.086746
1.086709
1.086654
1.086561
1.086593
1.086665
1.086622
1.086559
1.086442
1.086507
1.086537
1.086566
1.086505
1.086395
1.086351
1.086313
1.086367
1.086431
1.086533
1.086579
1.086565
1.086574
1.086619
1.086675
1.086673
1.086735
1.086742
1.086876
1.086892
1.086864
1.086739
1.086634
1.086573
1.086452
1.086353
1.086340
1.086385
1.086479
1.086506
1.086549
1.086530
1.086488
1.086442
1.086462
1.086523
1.086546
1.086526
1.086480
1.086409
1.086382
1.086422
1.086480
1.086540
1.086562
1.086547
1.086480
1.086454
1.086477
1.086521
1.086484
1.086409
1.086393
1.086495
1.086622
1.086687
1.086655
1.086633
1.086580
1.086584
1.086629
1.086730
1.086752
1.086716
1.086596
1.086449
1.086436
1.086484
1.086647
1.086683
1.086684
1.086556
1.086357
1.086220
1.086226
1.086388
1.086473
1.086511
1.086487
1.086448
1.086463
1.086469
1.086556
1.086575
1.086624
1.086632
1.086615
1.086527
1.086496
1.086467
1.086465
1.086460
1.086477
1.086512
1.086512
1.086464
1.086575
1.086628
1.086677
1.086601
1.086485
1.086435
1.086366
1.086434
1.086480
1.086447
1.086360
1.086247
1.086275
1.086325
1.086495
1.086679
1.086745
1.086722
1.086592
1.086585
1.086517
1.086496
1.086449
1.086456
1.086508
1.086579
1.086676
1.086701
1.086678
1.086613
1.086503
1.086407
1.086374
1.086363
1.086424
1.086463
1.086500
1.086508
1.086503
1.086529
1.086550
1.086618
1.086682
1.086705
1.086621
1.086653
1.086648
1.086675
1.086529
1.086419
1.086371
1.086378
1.086431
1.086528
1.086550
1.086587
1.086543
1.086553
1.086510
1.086454
1.086352
1.086350
1.086411
1.086601
1.086696
1.086689
1.086662
1.086665
1.086665
1.086548
1.086536
1.086471
1.086490
1.086400
1.086396
1.086373
1.086383
1.086450
1.086590
1.086619
1.086644
1.086635
1.086631
1.086534
1.086421
1.086414
1.086459
1.086512
1.086551
1.086610
1.086640
1.086585
1.086553
1.086543
1.086638
1.086568
1.086479
1.086316
1.086278
1.086278
1.086366
1.086470
1.086548
1.086521
1.086498
1.086436
1.086395
1.086360
1.086337
1.086326
1.086275
1.086378
1.086505
1.086669
1.086691
1.086731
1.086711
1.086710
1.086646
1.086609
1.086469
1.086461
1.086448
1.086513
1.086487
1.086499
1.086511
1.086502
1.086574
1.086580
1.086594
1.086481
1.086419
1.086473
1.086548
1.086650
1.086613
1.086549
1.086484
1.086462
1.086442
1.086469
1.086469
1.086523
1.086539
1.086594
1.086614
1.086573
1.086566
1.086535
1.086579
1.086551
1.086553
1.086524
1.086572
1.086596
1.086594
1.086571
1.086507
1.086465
1.086358
1.086425
1.086475
1.086564
1.086558
1.086630
1.086610
1.086589
1.086506
1.086474
1.086423
1.086378
1.086386
1.086467
1.086515
1.086513
1.086467
1.086468
1.086466
1.086529
1.086575
1.086636
1.086583
1.086550
1.086499
1.086458
1.086470
1.086494
1.086536
1.086496
1.086572
1.086608
1.086682
1.086654
1.086644
1.086615
1.086598
1.086628
1.086630
1.086694
1.086668
1.086637
1.086616
1.086602
1.086666
1.086574
1.086540
1.086468
1.086528
1.086584
1.086638
1.086602
1.086579
1.086502
1.086410
1.086398
1.086360
1.086374
1.086297
1.086344
1.086343
1.086399
1.086457
1.086544
1.086539
1.086488
1.086458
1.086516
1.086511
1.086576
1.086584
1.086667
1.086655
1.086638
1.086585
1.086468
1.086440
1.086393
1.086454
1.086452
1.086522
1.086585
1.086617
1.086594
1.086542
1.086564
1.086600
1.086642
1.086670
1.086750
1.086792
1.086729
1.086581
1.086495
1.086473
1.086509
1.086485
1.086434
1.086372
1.086364
1.086363
1.086346
1.086308
1.086379
1.086454
1.086568
1.086586
1.086587
1.086511
1.086438
1.086349
1.086321
1.086313
1.086349
1.086414
1.086439
1.086433
1.086435
1.086477
1.086595
1.086705
1.086768
1.086710
1.086627
1.086597
1.086573
1.086502
1.086434
1.086460
1.086501
1.086426
1.086371
1.086355
1.086437
1.086439
1.086455
1.086429
1.086401
1.086451
1.086507
1.086583
1.086493
1.086483
1.086577
1.086670
1.086643
1.086622
1.086656
1.086758
1.086757
1.086643
1.086580
1.086496
1.086509
1.086515
1.086496
1.086470
1.086363
1.086317
1.086427
1.086543
1.086659
1.086608
1.086611
1.086651
1.086727
1.086787
1.086807
1.086699
1.086609
1.086553
1.086512
1.086456
1.086381
1.086448
1.086413
1.086426
1.086387
1.086425
1.086429
1.086307
1.086263
1.086256
1.086454
1.086535
1.086619
1.086668
1.086695
1.086610
1.086565
1.086597
1.086665
1.086513
1.086472
1.086439
1.086598
1.086628
1.086587
1.086473
1.086349
1.086309
1.086363
1.086438
1.086497
1.086507
1.086562
1.086613
1.086642
1.086592
1.086476
1.086432
1.086517
1.086547
1.086525
1.086483
1.086622
1.086735
1.086704
1.086575
1.086458
1.086428
1.086518
1.086591
1.086675
1.086692
1.086681
1.086660
1.086627
1.086644
1.086665
1.086641
1.086571
1.086424
1.086414
1.086561
1.086752
1.086834
1.086729
1.086717
1.086690
1.086741
1.086679
1.086591
1.086505
1.086443
1.086426
1.086367
1.086373
1.086408
1.086499
1.086532
1.086490
1.086425
1.086345
1.086317
1.086291
1.086294
1.086335
1.086339
1.086357
1.086339
1.086351
1.086323
1.086358
1.086399
1.086450
1.086553
1.086628
1.086688
1.086642
1.086517
1.086538
1.086522
1.086584
1.086607
1.086594
1.086560
1.086422
1.086362
1.086370
1.086398
1.086448
1.086500
1.086471
1.086508
1.086503
1.086559
1.086512
1.086500
1.086501
1.086526
1.086472
1.086502
1.086500
1.086551
1.086517
1.086429
1.086425
1.086397
1.086393
1.086403
1.086480
1.086597
1.086593
1.086569
1.086556
1.086593
1.086618
1.086619
1.086516
1.086420
1.086377
1.086427
1.086367
1.086344
1.086392
1.086543
1.086694
1.086710
1.086644
1.086466
1.086403
1.086388
1.086401
1.086458
1.086519
1.086587
1.086550
1.086543
1.086599
1.086651
1.086725
1.086808
1.086756
1.086757
1.086678
1.086747
1.086684
1.086625
1.086562
1.086547
1.086510
1.086560
1.086608
1.086693
1.086612
1.086513
1.086433
1.086471
1.086417
1.086383
1.086316
1.086379
1.086338
1.086352
1.086309
1.086373
1.086375
1.086354
1.086378
1.086454
1.086555
1.086589
1.086545
1.086561
1.086589
1.086576
1.086655
1.086664
1.086702
1.086672
1.086526
1.086494
1.086480
1.086643
1.086699
1.086664
1.086572
1.086490
1.086441
1.086458
1.086544
1.086543
1.086493
1.086471
1.086544
1.086585
1.086486
1.086475
1.086520
1.086661
1.086685
1.086614
1.086525
1.086469
1.086579
1.086665
1.086714
1.086658
1.086630
1.086612
1.086624
1.086631
1.086654
1.086697
1.086713
1.086702
1.086643
1.086579
1.086561
1.086626
1.086797
1.086884
1.086887
1.086826
1.086834
1.086774
1.086742
1.086681
1.086719
1.086633
1.086616
1.086587
1.086640
1.086577
1.086571
1.086524
1.086512
1.086398
1.086291
1.086239
1.086283
1.086367
1.086484
1.086529
1.086521
1.086473
1.086482
1.086506
1.086480
1.086447
1.086530
1.086635
1.086697
1.086640
1.086590
1.086537
1.086526
1.086538
1.086540
1.086560
1.086589
1.086683
1.086673
1.086604
1.086500
1.086485
1.086507
1.086676
1.086784
1.086834
1.086692
1.086600
1.086512
1.086421
1.086367
1.086356
1.086413
1.086442
1.086403
1.086427
1.086411
1.086476
1.086413
1.086402
1.086429
1.086514
1.086575
1.086653
1.086669
1.086648
1.086522
1.086540
1.086644
1.086774
1.086765
1.086784
1.086719
1.086715
1.086613
1.086670
1.086619
1.086589
1.086483
1.086482
1.086483
1.086470
1.086449
1.086458
1.086474
1.086507
1.086472
1.086459
1.086395
1.086453
1.086487
1.086526
1.086569
1.086599
1.086671
1.086644
1.086597
1.086551
1.086518
1.086563
1.086517
1.086483
1.086413
1.086418
1.086398
1.086482
1.086614
1.086808
1.086748
1.086634
1.086461
1.086510
1.086514
1.086528
1.086515
1.086586
1.086587
1.086561
1.086518
1.086531
1.086541
1.086486
1.086477
1.086450
1.086457
1.086485
1.086465
1.086468
1.086399
1.086368
1.086409
1.086428
1.086452
1.086357
1.086373
1.086391
1.086439
1.086427
1.086419
1.086403
1.086373
1.086431
1.086453
1.086516
1.086533
1.086597
1.086586
1.086538
1.086545
1.086645
1.086655
1.086696
1.086646
1.086693
1.086635
1.086589
1.086584
1.086643
1.086602
1.086627
1.086552
1.086545
1.086502
1.086598
1.086677
1.086610
1.086566
1.086488
1.086595
1.086686
1.086825
1.086778
1.086673
1.086615
1.086605
1.086622
1.086604
1.086665
1.086710
1.086649
1.086600
1.086456
1.086420
1.086427
1.086427
1.086403
1.086196
1.086163
1.086196
1.086343
1.086383
1.086422
1.086439
1.086451
1.086457
1.086461
1.086463
1.086464
1.086465
1.086466
1.086466
1.086466
1.086466
1.086466
1.086466
1.086466
1.086466
1.086466
1.086466
1.086466
1.086466
1.086466
1.086466
1.086466
1.086466
1.086466
1.086466
1.086466
1.086466
1.086466
1.086466
1.086466
1.086466
1.086466
1.086466
1.086466
1.086466
1.086466
1.086466
1.086466
1.086466
1.086466
1.086466
1.086466
1.086466
1.086466
1.086466
1.086466
1.086466
1.086466
1.086466
1.086466
1.086466
1.086466
1.086466
1.086466
1.086466
1.086466
1.086466
1.086466
1.086466
1.086466
1.086466
1.086466
1.086466
1.086466
1.086466
1.086466
1.086466
1.086466
1.086466
1.086466
1.086466
1.086466
1.086466
1.086466
1.086466
1.086466
1.086466
1.086466
1.086466
1.086466
1.086466
1.086466
1.086466
1.086466
1.086466
1.086466
1.086466
1.086466
1.086466
1.086466
1.086466
1.086466
1.086466
1.086466
1.086466
1.086466
1.086466
1.086466
1.086466
1.086466
1.086466
1.086466
1.086466
1.086466
1.086466
1.086466
1.086466
1.086466
1.086466
1.086466
1.086466
1.086466
1.086466
1.086466
1.086466
1.086466
1.086466
1.086466
1.086466
1.086466
1.086466
1.086466
1.086466
1.086466
1.086466
1.086466
1.086466
1.086466
1.086466
1.086466
1.086466
1.086466
1.086466
1.086466
1.086466
1.086466
1.086466
1.086466
