0.026095
0.027378
0.028659
0.029091
0.027214
0.026604
0.027538
0.028476
0.027031
0.027870
0.029626
0.031381
0.029490
0.026345
0.030545
0.034574
0.029239
0.030710
0.029269
0.027806
0.026296
0.027914
0.026544
0.025194
0.024438
0.027308
0.025668
0.024155
0.026473
0.025642
0.032273
0.030392
0.028521
0.033361
0.032702
0.032379
0.032025
0.039989
0.040587
0.046192
0.051995
0.063039
0.064227
0.072780
0.081491
0.095817
0.123690
0.133865
0.144132
0.178279
0.224842
0.242066
0.259586
0.334783
0.390363
0.421284
0.452222
0.519103
0.594351
0.655416
0.684193
0.712974
0.788282
0.864469
0.894650
0.924838
1.002670
1.094492
1.108911
1.123439
1.196096
1.259647
1.259834
1.260063
1.255676
1.274664
1.254801
1.234945
1.266949
1.251589
1.261903
1.272249
1.264652
1.261859
1.265946
1.270089
1.242532
1.252187
1.255872
1.253021
1.250238
1.240782
1.255319
1.255294
1.255302
1.251246
1.277089
1.285072
1.293133
1.301357
1.332281
1.354292
1.376289
1.385103
1.395063
1.403791
1.412578
1.425722
1.466945
1.470109
1.473273
1.489232
1.530047
1.538373
1.546698
1.536378
1.573878
1.594775
1.596240
1.597713
1.639304
1.630137
1.624742
1.619586
1.638203
1.652688
1.645653
1.638604
1.634792
1.671912
1.659061
1.646226
1.674359
1.675041
1.657381
1.639889
1.653888
1.685640
1.679658
1.673811
1.636859
1.697959
1.671375
1.644911
1.642786
1.637113
1.672938
1.646803
1.620950
1.641560
1.607085
1.620402
1.633786
1.614631
1.614551
1.595339
1.576144
1.566586
1.580896
1.584512
1.588164
1.580725
1.579602
1.566545
1.553484
1.538361
1.543154
1.534231
1.525331
1.492038
1.530295
1.518034
1.505862
1.492321
1.517327
1.487082
1.503991
1.521014
1.533735
1.535783
1.521288
1.506906
1.548570
1.535455
1.551332
1.567329
1.568483
1.545883
1.535096
1.524451
1.549361
1.517993
1.510484
1.503066
1.486802
1.449088
1.467108
1.485235
1.427239
1.417327
1.410514
1.403700
1.371837
1.379921
1.333012
1.332246
1.331543
1.294738
1.290307
1.276298
1.262290
1.257116
1.234663
1.234277
1.233920
1.208616
1.197355
1.188565
1.179771
1.125660
1.140093
1.130614
1.121153
1.120595
1.097362
1.079727
1.062099
1.037296
1.063460
1.043977
1.024539
1.023563
1.001784
1.006234
0.994487
0.982734
0.957657
0.954765
0.949607
0.944469
0.912152
0.901437
0.881575
0.861832
0.872723
0.855387
0.845348
0.835384
0.825600
0.792374
0.797205
0.802001
0.781888
0.777700
0.765220
0.752753
0.743038
0.713679
0.715409
0.717138
0.682231
0.688884
0.690680
0.678898
0.667131
0.649067
0.647953
0.638453
0.628966
0.605422
0.581821
0.580498
0.579171
0.557804
0.567425
0.561543
0.555658
0.533691
0.512410
0.515035
0.517671
0.516282
0.496068
0.497258
0.498448
0.492868
0.478664
0.472511
0.467477
0.462452
0.458920
0.449582
0.445252
0.440918
0.454851
0.432090
0.434141
0.436194
0.437245
0.435649
0.424584
0.413528
0.412627
0.394110
0.392562
0.391027
0.397340
0.402697
0.394568
0.386458
0.389909
0.390898
0.390961
0.391024
0.387646
0.378173
0.365532
0.369027
0.372523
0.375843
0.361853
0.356269
0.350718
0.345543
0.363202
0.358983
0.354857
0.353329
0.361344
0.355201
0.349074
0.345258
0.356483
0.352636
0.348785
0.341866
0.353775
0.339710
0.325936
0.332793
0.334463
0.334828
0.335205
0.334742
0.324829
0.337144
0.335073
0.333016
0.321330
0.323168
0.324975
0.326783
0.320635
0.316660
0.315996
0.315402
0.316271
0.316490
0.313674
0.310866
0.313279
0.310334
0.311184
0.312058
0.307078
0.294327
0.300017
0.305767
0.292749
0.306208
0.309158
0.312151
0.310670
0.293542
0.303398
0.300955
0.298576
0.290977
0.306418
0.291749
0.277312
0.300567
0.295947
0.290266
0.284611
0.294457
0.285982
0.285556
0.285156
0.294363
0.285612
0.294788
0.303928
0.287576
0.280990
0.286055
0.291110
0.290378
0.288832
0.288816
0.288806
0.281377
0.289580
0.293278
0.284031
0.274905
0.287436
0.278360
0.279400
0.280440
0.283844
0.278275
0.285099
0.292011
0.281551
0.277932
0.280389
0.282915
0.269653
0.283457
0.289271
0.295108
0.288110
0.277597
0.282389
0.287182
0.271031
0.276779
0.278257
0.279743
0.280205
0.272263
0.284730
0.284770
0.284807
0.283458
0.275713
0.275481
0.275251
0.274895
0.280330
0.276827
0.273323
0.283363
0.262126
0.269540
0.277044
0.262637
0.269964
0.267816
0.267831
0.268439
0.269760
0.267635
0.264659
0.260766
0.258451
0.256956
0.253933
0.252019
0.249356
0.248546
0.246743
0.245744
0.244728
0.243623
0.240169
0.235245
0.229922
0.226292
0.222078
0.218100
0.213024
0.208911
0.203842
0.198725
0.194450
0.191271
0.184783
0.179329
0.172606
0.169793
0.165219
0.159916
0.154943
0.150703
0.147654
0.144770
0.140665
0.136549
0.131649
0.129886
0.128075
0.127438
0.125029
0.123968
0.122598
0.121530
0.120138
0.120047
0.120646
0.121105
0.120121
0.118728
0.118595
0.118771
0.118448
0.115976
0.115238
0.114853
0.115911
0.114438
0.113936
0.112862
0.112511
0.110427
0.109965
0.109840
0.109989
0.108017
0.106956
0.106231
0.106605
0.106083
0.105055
0.104144
0.102209
0.099955
0.098793
0.098625
0.099745
0.099567
0.099746
0.098395
0.097105
0.095392
0.095454
0.095683
0.095786
0.095183
0.094621
0.093733
0.092679
0.092205
0.093218
0.095411
0.095609
0.094619
0.092711
0.092049
0.093426
0.094594
0.095112
0.093948
0.093165
0.092930
0.092466
0.092172
0.092770
0.093175
0.093155
0.092480
0.090580
0.089544
0.088925
0.089725
0.089726
0.089695
0.090491
0.090938
0.091127
0.089401
0.088040
0.086006
0.087178
0.087894
0.089576
0.089530
0.089982
0.088672
0.087521
0.087007
0.087091
0.087823
0.088172
0.089168
0.089217
0.088153
0.086964
0.085783
0.085920
0.085426
0.084850
0.083937
0.083310
0.083466
0.083515
0.083697
0.083068
0.083812
0.083673
0.083297
0.081180
0.080538
0.081149
0.082245
0.082695
0.083227
0.085028
0.086981
0.087550
0.087339
0.087594
0.089044
0.091128
0.093009
0.093327
0.093220
0.093555
0.094675
0.097222
0.099843
0.103181
0.106524
0.110842
0.115448
0.118993
0.122277
0.121915
0.123484
0.122733
0.123856
0.123932
0.126172
0.129107
0.130066
0.131220
0.133461
0.137052
0.140173
0.143788
0.149838
0.157964
0.167770
0.176869
0.192003
0.209287
0.229920
0.248633
0.276837
0.289455
0.351116
0.384290
0.417463
0.498937
0.566979
0.612267
0.657587
0.735956
0.805811
0.869515
0.875813
0.882216
0.845794
0.811933
0.760300
0.708960
0.591012
0.481615
0.423874
0.366170
0.285037
0.201454
0.174917
0.148402
0.102544
0.072657
0.066046
0.059460
0.044744
0.037703
0.033314
0.028877
0.028401
0.024137
0.023956
0.023747
0.021708
0.019434
0.019434
0.019438
0.019443
0.018108
0.018462
0.017725
0.016989
0.018950
0.018326
0.017952
0.017582
0.015289
0.018821
0.018023
0.017226
0.019746
0.016422
0.016547
0.016672
0.016057
0.016086
0.016092
0.016119
0.016387
0.015754
0.017317
0.018881
0.015633
0.016956
0.016074
0.015410
0.014758
0.015927
0.016769
0.016992
0.017226
0.017606
0.015986
0.016867
0.017770
0.017738
0.016431
0.016082
0.015736
0.017301
0.014758
0.016065
0.017392
0.016072
0.014655
0.014651
0.014634
0.013463
0.017304
0.015526
0.013747
0.015142
0.015757
0.013417
0.013820
0.014279
0.015949
0.013763
0.014315
0.014867
0.015509
0.014036
0.013303
0.012574
0.012872
0.015126
0.014235
0.013340
0.014054
0.012095
0.013593
0.015085
0.013009
0.014820
0.013632
0.012471
0.013980
0.013832
0.012706
0.013488
0.014289
0.013998
0.013941
0.015834
0.017734
0.014349
0.015947
0.014341
0.012737
0.015423
0.013545
0.014684
0.015847
0.013614
0.013538
0.013537
0.013533
0.012887
0.013535
0.013873
0.014199
0.012408
0.012495
0.012855
0.013224
0.010254
0.012625
0.014143
0.013041
0.011947
0.012219
0.013642
0.013818
0.014002
0.014283
0.012654
0.012215
0.011770
0.012252
0.011379
0.011622
0.011887
0.012293
0.011980
0.013211
0.014612
0.013720
0.012326
0.013678
0.015147
0.014025
0.010654
0.011238
0.011824
0.011062
0.009991
0.010583
0.011468
0.012363
0.010391
0.011259
0.012169
0.013079
0.013554
0.011471
0.012130
0.012804
0.011154
0.012037
0.012788
0.013524
0.012002
0.010999
0.012264
0.013735
0.010784
0.012020
0.010489
0.008968
0.013504
0.011832
0.011518
0.011222
0.012564
0.011490
0.010584
0.010385
0.010184
0.008574
0.012900
0.011939
0.011039
0.010883
0.007643
0.010025
0.012334
0.012119
0.012109
0.011691
0.011265
0.012017
0.010749
0.010751
0.010719
0.011956
0.011543
0.011364
0.011200
0.011986
0.011058
0.010930
0.010803
0.011821
0.011904
0.011186
0.011079
0.010976
0.011296
0.009377
0.010052
0.010723
0.011124
0.010378
0.010442
0.010505
0.011623
0.010183
0.010326
0.010488
0.009255
0.010682
0.010867
0.011056
0.011129
0.011532
0.012177
0.012819
0.010520
0.013354
0.013060
0.012786
0.011007
0.008562
0.011506
0.010740
0.009972
0.008904
0.010305
0.009847
0.009479
0.009660
0.009907
0.010927
0.011943
0.009445
0.010039
0.010132
0.010270
0.010047
0.011082
0.010746
0.010410
0.009457
0.008396
0.009530
0.010720
0.010638
0.009314
0.009666
0.010019
0.010667
0.008092
0.010807
0.009457
0.008242
0.010255
0.011293
0.010002
0.008716
0.009280
0.009175
0.009755
0.010480
0.007188
0.007713
0.008740
0.009735
0.010859
0.012354
0.010931
0.009543
0.008946
0.010433
0.010695
0.010994
0.010068
0.010988
0.010109
0.009269
0.008165
0.009596
0.008591
0.008177
0.007754
0.009217
0.010999
0.011018
0.011044
0.007624
0.009185
0.008988
0.008791
0.011059
0.009754
0.008697
0.007671
0.009313
0.009555
0.008897
0.008261
0.007830
0.010794
0.008993
0.007283
0.008516
0.008398
0.008538
0.008690
0.008719
0.007896
0.007179
0.008222
0.009316
0.008454
0.009707
0.008064
0.007231
0.006663
0.007963
0.008011
0.008059
0.007869
0.007546
0.008161
0.008824
0.008820
0.009591
0.009238
0.008878
0.007190
0.007375
0.008005
0.008764
0.008084
0.008311
0.007607
0.007898
0.008242
0.007826
0.006965
0.007430
0.007953
0.008744
0.007850
0.007169
0.006491
0.006906
0.006869
0.007362
0.007868
0.007970
0.009927
0.009028
0.008143
0.009203
0.007279
0.007909
0.008538
0.007877
0.010183
0.008286
0.007170
0.006288
0.006482
0.008229
0.007352
0.006495
0.007045
0.008727
0.008106
0.008134
0.008263
0.006730
0.007081
0.007488
0.008069
0.007693
0.006952
0.006229
0.007799
0.007413
0.007457
0.007491
0.009493
0.008351
0.007179
0.007180
0.009315
0.008625
0.007256
0.005853
0.008390
0.007861
0.007749
0.007590
0.007431
0.009064
0.007370
0.007307
0.008142
0.005191
0.008562
0.007708
0.006917
0.007726
0.007212
0.006935
0.006655
0.009121
0.007423
0.007775
0.008124
0.006877
0.009146
0.008381
0.008017
0.007317
0.007504
0.007184
0.006901
0.007852
0.007923
0.007668
0.007953
0.008240
0.007041
0.008784
0.007996
0.007208
0.007868
0.008984
0.007807
0.006644
0.007507
0.008025
0.007116
0.006334
0.007504
0.008490
0.006920
0.006039
0.008368
0.006314
0.006497
0.006673
0.008743
0.004968
0.005239
0.005515
0.006698
0.006361
0.007811
0.007857
0.007008
0.006618
0.008595
0.008785
0.007960
0.006402
0.009196
0.009260
0.009324
0.008263
0.007550
0.006523
0.005549
0.006785
0.006851
0.006658
0.007403
0.007023
0.006857
0.006929
0.007001
0.006167
0.006500
0.006343
0.006233
0.007173
0.006675
0.007482
0.007924
0.008368
0.008187
0.008299
0.006759
0.006069
0.007028
0.005717
0.006013
0.006330
0.007515
0.007033
0.007319
0.007628
0.005102
0.006405
0.006796
0.007282
0.007774
0.005389
0.005469
0.005558
0.007201
0.007168
0.006771
0.007315
0.006656
0.006730
0.007992
0.006983
0.006593
0.006022
0.005258
0.005317
0.005375
0.006131
0.006289
0.005902
0.005526
0.008512
0.008413
0.006838
0.005956
0.006724
0.004747
0.005367
0.006693
0.006181
0.007576
0.007612
0.006677
0.005967
0.006477
0.006864
0.007250
0.006047
0.005389
0.004314
0.004867
0.006196
0.006929
0.004415
0.005860
0.008234
0.004844
0.006487
0.006290
0.006094
0.006062
0.006701
0.006040
0.005379
0.004529
0.004568
0.005160
0.005752
0.006303
0.003237
0.003451
0.004614
0.005041
0.004998
0.005422
0.005846
0.004093
0.004262
0.004651
0.004628
0.004606
0.005844
0.004440
0.004577
0.004714
0.004964
0.004166
0.004347
0.004527
0.003985
0.004652
0.004447
0.004241
0.005478
0.004462
0.004485
0.004508
0.004438
0.004943
0.004718
0.004492
0.004084
0.004651
0.003626
0.004030
0.004434
0.004624
0.004345
0.004377
0.004409
0.005750
0.005254
0.004738
0.004222
0.005413
0.003973
0.004302
0.004631
0.002748
0.005021
0.004538
0.004054
0.003498
0.004151
0.004049
0.003946
0.004703
0.003753
0.003780
0.003806
0.004231
0.003972
0.003892
0.004215
0.004539
0.003987
0.003909
0.004321
0.004733
0.004416
0.004239
0.003887
0.003536
0.004191
0.003927
0.003477
0.003027
0.003607
0.003804
0.004169
0.004534
0.004010
0.003825
0.003544
0.003262
0.003306
0.003133
0.003409
0.003684
0.004200
0.003932
0.003214
0.003367
0.003519
0.003628
0.004012
0.004195
0.004378
0.003651
0.003661
0.003528
0.003395
0.004037
0.003407
0.003312
0.003218
0.003977
0.003651
0.003646
0.003641
0.003030
0.003979
0.003935
0.003890
0.004443
0.004542
0.004362
0.004181
0.003996
0.003782
0.003794
0.003816
0.003838
0.004174
0.003300
0.003357
0.003415
0.003923
0.003643
0.003476
0.003308
0.003680
0.004279
0.003877
0.003475
0.002700
0.003550
0.003396
0.003242
0.003167
0.003164
0.003527
0.003889
0.003797
0.003687
0.003656
0.003624
0.003482
0.003550
0.003853
0.003792
0.003731
0.003586
0.002878
0.003244
0.003610
0.004263
0.003582
0.003950
0.004318
0.003303
0.003321
0.003303
0.003286
0.003152
0.003843
0.004026
0.004209
0.004171
0.003728
0.003749
0.003770
0.004296
0.002994
0.003247
0.003500
0.004449
0.004998
0.004834
0.004561
0.004288
0.003943
0.004803
0.004476
0.004149
0.004054
0.005280
0.004771
0.004262
0.003514
0.004485
0.004394
0.004303
0.004874
0.004932
0.005262
0.005592
0.005567
0.005330
0.006332
0.006232
0.006559
0.007728
0.007328
0.006928
0.006089
0.008033
0.008228
0.008352
0.008475
0.006119
0.005674
0.005945
0.006222
0.005294
0.007354
0.006287
0.005220
0.005732
0.004710
0.004527
0.004343
0.004641
0.003705
0.003469
0.003232
0.003572
0.002520
0.002846
0.003173
0.003030
0.002241
0.002492
0.002744
0.002513
0.002723
0.001926
0.002493
0.003061
0.002691
0.002624
0.002559
0.002493
0.002293
0.002553
0.002823
0.003092
0.002333
0.002546
0.002368
0.002189
0.003019
0.002386
0.002306
0.002225
0.002894
0.002158
0.002111
0.002064
0.002523
0.002309
0.002910
0.002540
0.002170
0.002112
0.002702
0.002968
0.003234
0.002403
0.002412
0.002305
0.002197
0.002278
0.002614
0.002628
0.002642
0.002294
0.002230
0.002147
0.002064
0.002044
0.002246
0.002484
0.002722
0.001938
0.002035
0.002080
0.002125
0.002427
0.002066
0.002359
0.002230
0.002101
0.001973
0.001355
0.001576
0.001797
0.001992
0.002923
0.002425
0.001928
0.002333
0.001470
0.001943
0.002416
0.002223
0.001756
0.001947
0.002138
0.001300
0.001937
0.002071
0.002205
0.002698
0.002344
0.002491
0.002638
0.003371
0.001424
0.002511
0.002214
0.001917
0.002693
0.002082
0.002257
0.002433
0.002592
0.002524
0.003176
0.003829
0.003378
0.003857
0.003814
0.003770
0.003666
0.003362
0.003794
0.004226
0.003506
0.004972
0.005217
0.005462
0.004117
0.003535
0.003983
0.004431
0.004814
0.003698
0.003846
0.003995
0.004144
0.003112
0.003965
0.003497
0.003028
0.002647
0.002700
0.002700
0.002701
0.002523
0.002645
0.002077
0.001509
0.002287
0.002377
0.001839
0.001301
0.001235
0.002410
0.002430
0.002450
0.001874
0.001547
0.001566
0.001585
0.001469
0.001913
0.001492
0.001778
0.002064
0.002298
0.002383
0.002118
0.001852
0.002320
0.001830
0.001980
0.002129
0.001806
0.001714
0.001588
0.001462
0.001192
0.001860
0.001855
0.001850
0.002139
0.001579
0.001917
0.002255
0.002082
0.001847
0.001782
0.001718
0.001684
0.002119
0.001291
0.001660
0.002030
0.002105
0.002033
0.001654
0.001275
0.001786
0.002100
0.001859
0.001618
0.001141
0.001870
0.001808
0.001746
0.001883
0.001416
0.001683
0.001951
0.001493
0.001491
0.001668
0.001845
0.001492
0.001413
0.001663
0.001913
0.002504
0.001638
0.002233
0.001747
0.001261
0.001818
0.001643
0.001750
0.001858
0.001791
0.001195
0.001233
0.001272
0.001395
0.001786
0.001793
0.001799
0.001638
0.001544
0.001460
0.001377
0.002143
0.001301
0.001555
0.001809
0.001843
0.001740
0.001995
0.002250
0.001669
0.001204
0.001758
0.001624
0.001490
0.001255
0.002045
0.001920
0.001796
0.001194
0.001552
0.001753
0.001954
0.001848
0.001626
0.001574
0.001523
0.001505
0.001631
0.001988
0.002345
0.001675
0.001593
0.001784
0.001976
0.002095
0.001627
0.002010
0.002393
0.001486
0.001599
0.002064
0.002120
0.002176
0.001231
0.001784
0.001769
0.001755
0.001125
0.001201
0.001215
0.001229
0.001887
0.001690
0.001891
0.002091
0.001658
0.002006
0.002012
0.002019
0.001928
0.001859
0.001881
0.001902
0.001527
0.001531
0.001721
0.001754
0.001787
0.002340
0.001442
0.001350
0.001257
0.001265
0.001517
0.001449
0.001380
0.001311
0.000951
0.001355
0.001759
0.001557
0.001615
0.001577
0.001540
0.001197
0.001333
0.001593
0.001854
0.001652
0.001529
0.001499
0.001469
0.001312
0.001516
0.001690
0.001666
0.001641
0.001204
0.001531
0.001421
0.001310
0.001250
0.001822
0.001587
0.001352
0.001165
0.001580
0.001868
0.002156
0.001025
0.001730
0.001609
0.001488
0.001110
0.001952
0.001681
0.001410
0.001259
0.001064
0.001136
0.001209
0.001729
0.001188
0.001350
0.001401
0.001453
0.001207
0.001269
0.001380
0.001490
0.001143
0.001266
0.001361
0.001455
0.002249
0.001618
0.001584
0.001550
0.001600
0.001649
0.001330
0.001012
0.001229
0.001367
0.001568
0.001769
0.001737
0.001882
0.001504
0.001125
0.001624
0.001903
0.001267
0.001213
0.001158
0.001507
0.001561
0.001393
0.001225
0.001782
0.001127
0.001329
0.001531
0.001242
0.001171
0.001236
0.001300
0.001352
0.001270
0.001363
0.001455
0.001102
0.001347
0.001366
0.001385
0.001273
0.001141
0.001383
0.001625
0.001646
0.001411
0.001496
0.001444
0.001393
0.001370
0.001721
0.001722
0.001723
0.001014
0.001645
0.001454
0.001264
0.001104
0.000861
0.001102
0.001343
0.001002
0.001148
0.001098
0.001048
0.001638
0.001149
0.001363
0.001577
0.000956
0.001627
0.001493
0.001358
0.001488
0.001160
0.001466
0.001349
0.001233
0.000932
0.000922
0.000985
0.001049
0.001180
0.001073
0.001145
0.001217
0.001083
0.000741
0.001117
0.001493
0.000841
0.000980
0.000929
0.000878
0.001574
0.001181
0.001265
0.001348
0.001102
0.001284
0.001420
0.001556
0.001362
0.001618
0.001604
0.001453
0.001303
0.001489
0.001001
0.001307
0.001614
0.001563
0.001362
0.001576
0.001791
0.001500
0.000957
0.001275
0.001593
0.001058
0.001146
0.001292
0.001439
0.001100
0.001097
0.001425
0.001753
0.000944
0.001094
0.001253
0.001413
0.001136
0.000926
0.000965
0.001158
0.001350
0.001042
0.001256
0.001033
0.000810
0.001042
0.001284
0.001211
0.001137
0.001083
0.000914
0.001103
0.001292
0.001056
0.001085
0.001014
0.000944
0.001514
0.001310
0.001435
0.001561
0.001378
0.001313
0.001363
0.001413
0.001049
0.001458
0.001018
0.001177
0.001336
0.001042
0.001064
0.001090
0.001115
0.001012
0.001110
0.001297
0.001484
0.001090
0.001182
0.001164
0.001146
0.001025
0.000736
0.000853
0.000969
0.001170
0.001172
0.001058
0.000945
0.001343
0.001435
0.001281
0.001383
0.001486
0.001172
0.001702
0.001585
0.001467
0.001083
0.000981
0.001235
0.001490
0.000978
0.001090
0.001454
0.001819
0.001313
0.000853
0.000976
0.001098
0.000833
0.000878
0.001161
0.001444
0.001455
0.000897
0.000934
0.000970
0.001537
0.001596
0.001604
0.001533
0.001461
0.001214
0.001076
0.000940
0.000804
0.000995
0.001053
0.001185
0.001317
0.000895
0.000916
0.001147
0.001377
0.000960
0.001163
0.001315
0.001467
0.001684
0.001328
0.001581
0.001835
0.001184
0.000996
0.001048
0.001100
0.000963
0.000738
0.001021
0.001145
0.001268
0.000981
0.001242
0.001450
0.001659
0.001412
0.001808
0.001724
0.001640
0.001105
0.001634
0.001309
0.000984
0.001228
0.001694
0.001466
0.001237
0.001350
0.000930
0.001067
0.001203
0.001435
0.001244
0.001270
0.001295
0.001601
0.001076
0.001203
0.001185
0.001166
0.000725
0.001124
0.001085
0.001045
0.000894
0.000885
0.001139
0.001394
0.000866
0.000844
0.000960
0.001076
0.001074
0.001446
0.001376
0.001306
0.001124
0.001391
0.001382
0.001372
0.001070
0.000788
0.001308
0.001827
0.001082
0.001089
0.000909
0.000969
0.001028
0.000980
0.001308
0.001301
0.001294
0.001240
0.001236
0.001442
0.001648
0.001105
0.000862
0.000911
0.000960
0.000927
0.001354
0.001267
0.001180
0.000739
0.000830
0.001177
0.001524
0.001325
0.001278
0.001033
0.000788
0.001183
0.001249
0.001262
0.001165
0.001068
0.001358
0.000877
0.000975
0.001073
0.001023
0.000923
0.001087
0.001250
0.001087
0.001148
0.001037
0.000927
0.000907
0.001267
0.001292
0.001318
0.001208
0.001012
0.001183
0.001353
0.001513
0.001232
0.001289
0.001346
0.000885
0.001583
0.001316
0.001014
0.000713
0.001128
0.000955
0.001156
0.001357
0.001417
0.001502
0.001392
0.001281
0.001051
0.001101
0.001298
0.001495
0.001189
0.001066
0.001160
0.001255
0.001118
0.000893
0.001010
0.001127
0.001179
0.002176
0.001717
0.001258
0.001453
0.001209
0.000852
0.000886
0.000919
0.001270
0.001455
0.001168
0.000882
0.001304
0.000807
0.000972
0.001137
0.000858
0.001600
0.001305
0.001010
0.001063
0.001267
0.001098
0.000929
0.001250
0.001260
0.001238
0.001217
0.001192
0.001219
0.001549
0.001443
0.001337
0.001203
0.001133
0.001043
0.000953
0.001188
0.001268
0.001160
0.001052
0.000938
0.001505
0.001457
0.001408
0.000603
0.000906
0.001041
0.001176
0.001230
0.000842
0.000885
0.000929
0.001091
0.001176
0.001120
0.001065
0.001000
0.000841
0.001230
0.001456
0.001681
0.000528
0.001303
0.000926
0.000550
0.001331
0.001167
0.001121
0.001075
0.001199
0.000893
0.001203
0.001513
0.001351
0.001299
0.001214
0.001129
0.000975
0.000805
0.001127
0.001450
0.000918
0.001137
0.001297
0.001457
0.001144
0.000796
0.001595
0.001365
0.001135
0.001203
0.000974
0.001041
0.001107
0.001078
0.001030
0.001159
0.001288
0.000964
0.000849
0.001002
0.001156
0.001108
0.000956
0.000931
0.000907
0.000920
0.000905
0.001271
0.001637
0.001142
0.001273
0.001144
0.001015
0.000764
0.001024
0.000836
0.001064
0.001292
0.000891
0.000870
0.001185
0.001499
0.001039
0.001229
0.001252
0.001275
0.001130
0.001017
0.001030
0.001043
0.001125
0.000878
0.001221
0.001564
0.000584
0.001096
0.001228
0.001360
0.001290
0.000847
0.000918
0.000988
0.000797
0.001221
0.000657
0.000596
0.000535
0.001229
0.001161
0.001063
0.000964
0.001165
0.001073
0.000913
0.000753
0.000902
0.000800
0.000964
0.001127
0.000684
0.001001
0.001000
0.000999
0.001360
0.000734
0.000724
0.000714
0.000789
0.000985
0.001063
0.001140
0.000856
0.000792
0.000766
0.000704
0.000641
0.000991
0.000741
0.000651
0.000562
0.000671
0.000567
0.000648
0.000730
0.001095
0.000979
0.000829
0.000678
0.000394
0.000428
0.000524
0.000620
0.000838
0.001029
0.001017
0.001005
0.000874
0.000604
0.000873
0.001141
0.000671
0.000480
0.000935
0.001023
0.001110
0.000598
0.001118
0.001009
0.000899
0.001235
0.000897
0.000804
0.000711
0.000792
0.001117
0.000883
0.000649
0.000584
0.000847
0.000751
0.000656
0.000960
0.001108
0.001256
0.001405
0.000625
0.000845
0.000785
0.000726
0.001025
0.001141
0.000914
0.000843
0.000772
0.000996
0.000809
0.000747
0.000684
0.001084
0.000582
0.000750
0.000918
0.000803
0.000666
0.000677
0.000687
0.000787
0.000679
0.000788
0.000897
0.000594
0.000682
0.000654
0.000625
0.000923
0.001091
0.001043
0.000996
0.001056
0.000477
0.000915
0.000745
0.000576
0.000848
0.000769
0.000802
0.000835
0.000768
0.001044
0.000933
0.000823
0.000681
0.000702
0.000702
0.000702
0.000847
0.001037
0.000829
0.000620
0.000622
0.000808
0.000942
0.001077
0.000694
0.000587
0.000878
0.000815
0.000752
0.000656
0.000708
0.000872
0.001036
0.000777
0.000739
0.000675
0.000611
0.000730
0.000659
0.000649
0.000639
0.001076
0.000670
0.000753
0.000836
0.000702
0.000962
0.000816
0.000670
0.001091
0.000772
0.000864
0.000957
0.000885
0.001247
0.000717
0.000673
0.000628
0.001071
0.000868
0.000771
0.000675
0.000778
0.001246
0.001024
0.000802
0.000953
0.000775
0.000645
0.000515
0.000630
0.000676
0.000745
0.000814
0.000676
0.001070
0.000879
0.000688
0.000533
0.000630
0.000725
0.000820
0.000800
0.000885
0.000952
0.000925
0.000899
0.001067
0.000836
0.001120
0.001403
0.001133
0.001332
0.001062
0.000792
0.001129
0.000764
0.000868
0.000973
0.001132
0.000782
0.001038
0.001294
0.000785
0.000877
0.001124
0.001372
0.000574
0.000509
0.000557
0.000604
0.001156
0.000970
0.000987
0.001064
0.001141
0.001322
0.001340
0.001185
0.001031
0.000983
0.001107
0.001054
0.001002
0.000807
0.001306
0.001273
0.001240
0.000994
0.000858
0.001072
0.001285
0.001263
0.000655
0.000855
0.001055
0.000884
0.001025
0.000877
0.000730
0.001083
0.000834
0.001377
0.001223
0.001068
0.000969
0.000399
0.000637
0.000876
0.000430
0.000469
0.000495
0.000521
0.000657
0.001137
0.000971
0.000806
0.000751
0.000660
0.001034
0.001408
0.000616
0.000853
0.000771
0.000689
0.000636
0.001156
0.001090
0.001024
0.000779
0.001041
0.000937
0.000705
0.000473
0.000698
0.000693
0.000836
0.000980
0.000966
0.000570
0.000757
0.000944
0.000550
0.000801
0.000903
0.001005
0.000525
0.000912
0.000992
0.001072
0.000895
0.000584
0.000664
0.000744
0.000648
0.000781
0.000832
0.000882
0.000741
0.001010
0.001098
0.000956
0.000813
0.000374
0.000490
0.000603
0.000716
0.000801
0.000798
0.000817
0.000836
0.001155
0.001168
0.000825
0.000482
0.000473
0.000741
0.000797
0.000853
0.000767
0.000981
0.000910
0.000839
0.000692
0.000677
0.000629
0.000580
0.000812
0.000851
0.001374
0.001158
0.000943
0.000889
0.000674
0.000747
0.000820
0.000841
0.000756
0.000786
0.000817
0.000649
0.001266
0.001142
0.001017
0.000701
0.000730
0.000586
0.000443
0.000741
0.000782
0.000941
0.001100
0.001231
0.000681
0.000708
0.000735
0.000864
0.000688
0.001402
0.001071
0.000741
0.000888
0.000507
0.000665
0.000825
0.000778
0.000537
0.000517
0.000498
0.000910
0.001511
0.001158
0.000805
0.000777
0.000585
0.000784
0.000983
0.001137
0.000692
0.000677
0.000661
0.000842
0.000886
0.001181
0.001284
0.001387
0.000806
0.000858
0.000906
0.000955
0.000338
0.000883
0.000885
0.000886
0.000615
0.000967
0.000820
0.000673
0.001016
0.000751
0.000738
0.000725
0.001198
0.000806
0.000909
0.001013
0.000946
0.001037
0.000977
0.000917
0.001210
0.000792
0.000630
0.000747
0.000864
0.000828
0.000863
0.000870
0.000877
0.000822
0.001045
0.001104
0.001163
0.000730
0.001081
0.000880
0.000679
0.000729
0.000328
0.000596
0.000864
0.000966
0.000804
0.000847
0.000891
0.001146
0.001043
0.001114
0.001185
0.001349
0.000567
0.000625
0.000783
0.000941
0.000719
0.000759
0.000735
0.000711
0.000976
0.000880
0.001075
0.001269
0.000683
0.000839
0.001173
0.001507
0.000753
0.000833
0.000840
0.000847
0.000294
0.000833
0.000846
0.000860
0.000446
0.000789
0.000877
0.000964
0.000728
0.000613
0.001107
0.001001
0.000895
0.000967
0.000683
0.000695
0.000707
0.000700
0.000790
0.000820
0.000850
0.000627
0.000662
0.000827
0.000993
0.000790
0.001276
0.001338
0.001400
0.000808
0.000675
0.000579
0.000485
0.000653
0.000706
0.000839
0.000972
0.000817
0.000993
0.001086
0.000863
0.000640
0.000463
0.000771
0.000896
0.001021
0.001002
0.000696
0.000694
0.000692
0.001219
0.000848
0.000865
0.000882
0.001276
0.000391
0.000688
0.000986
0.000728
0.000908
0.000985
0.001061
0.001032
0.000571
0.000867
0.001164
0.000957
0.000930
0.000669
0.000941
0.001212
0.001127
0.000522
0.000754
0.000987
0.000684
0.001082
0.001093
0.001104
0.000758
0.000671
0.000742
0.000813
0.001286
0.001283
0.001077
0.000871
0.000818
0.000812
0.000888
0.000964
0.000970
0.000747
0.000792
0.000838
0.000958
0.000873
0.001075
0.001105
0.001135
0.000912
0.000899
0.000826
0.000753
0.000998
0.000883
0.000803
0.000724
0.000953
0.000549
0.000606
0.000663
0.001068
0.001120
0.000934
0.000748
0.000788
0.001122
0.001061
0.000999
0.001022
0.000829
0.001183
0.001537
0.001042
0.001202
0.001042
0.001033
0.001024
0.001264
0.000850
0.000907
0.000965
0.000871
0.000806
0.000906
0.001006
0.000805
0.000546
0.000660
0.000774
0.000791
0.000885
0.000891
0.000896
0.001251
0.000945
0.000880
0.000815
0.000842
0.000742
0.000416
0.000783
0.001151
0.000935
0.001092
0.000956
0.000819
0.000974
0.001467
0.001241
0.001016
0.001233
0.001082
0.000930
0.000777
0.000745
0.000433
0.000665
0.000899
0.000992
0.000747
0.000613
0.000481
0.000910
0.001345
0.001095
0.000845
0.000815
0.000569
0.000692
0.000880
0.001067
0.001035
0.001628
0.001212
0.000796
0.000599
0.001135
0.001333
0.001530
0.001028
0.000953
0.000845
0.000736
0.000455
0.001088
0.001015
0.000941
0.001107
0.001291
0.001180
0.001070
0.001144
0.001113
0.001072
0.001031
0.000675
0.000913
0.000980
0.000881
0.000781
0.000647
0.000525
0.000774
0.001023
0.000571
0.000801
0.000628
0.000456
0.000992
0.000853
0.000828
0.000803
0.001143
0.000629
0.000765
0.000902
0.001182
0.000715
0.000872
0.001030
0.000789
0.000914
0.000906
0.000897
0.001007
0.001032
0.001106
0.001066
0.001027
0.001037
0.000816
0.001013
0.001210
0.001351
0.000945
0.000921
0.000897
0.000977
0.000889
0.000839
0.000789
0.000778
0.000750
0.000737
0.000724
0.001277
0.001268
0.001030
0.000793
0.001154
0.001131
0.001015
0.000900
0.001108
0.001123
0.001554
0.001220
0.000886
0.001255
0.001164
0.000890
0.000616
0.000650
0.000819
0.000947
0.001074
0.000746
0.001010
0.000839
0.000668
0.000837
0.000890
0.000975
0.001060
0.000816
0.000763
0.000861
0.000960
0.000895
0.000964
0.001072
0.001181
0.000727
0.000669
0.000818
0.000735
0.000653
0.000814
0.000589
0.000995
0.001400
0.000890
0.001174
0.001021
0.000868
0.000940
0.000728
0.001236
0.001744
0.001027
0.000740
0.000632
0.000525
0.000926
0.001061
0.001180
0.001299
0.000968
0.000318
0.000476
0.000633
0.001024
0.001155
0.000913
0.001125
0.001338
0.000666
0.000920
0.000891
0.000861
0.000715
0.001187
0.000893
0.000600
0.000613
0.001051
0.000958
0.000865
0.000945
0.000717
0.000842
0.000968
0.000687
0.001628
0.001245
0.000863
0.001006
0.000557
0.000765
0.000973
0.000857
0.000679
0.000770
0.000642
0.000515
0.001253
0.000706
0.001137
0.001568
0.000822
0.001142
0.000999
0.000855
0.000609
0.000869
0.000852
0.000835
0.001051
0.001341
0.001136
0.000931
0.000861
0.000729
0.000680
0.000630
0.000880
0.000783
0.000888
0.000992
0.000804
0.000979
0.000968
0.000935
0.000903
0.001359
0.001337
0.001020
0.000703
0.001490
0.000945
0.000850
0.000756
0.000591
0.001041
0.000984
0.000927
0.001175
0.001034
0.001032
0.001030
0.000911
0.001016
0.000776
0.000537
0.001064
0.001268
0.001149
0.001000
0.000851
0.001237
0.001311
0.000964
0.000618
0.001183
0.000645
0.000586
0.000527
0.000788
0.000736
0.000835
0.000934
0.001564
0.000721
0.000895
0.001070
0.000615
0.000757
0.000859
0.000962
0.000909
0.001002
0.001253
0.001505
0.001021
0.000749
0.001133
0.001225
0.001317
0.000521
0.000873
0.000799
0.000726
0.000904
0.001246
0.001254
0.001262
0.001145
0.001029
0.000859
0.000689
0.000802
0.000910
0.000795
0.000680
0.000914
0.001196
0.001086
0.000977
0.001276
0.001238
0.001085
0.000932
0.001118
0.000443
0.001139
0.001027
0.000916
0.000992
0.000905
0.000889
0.000872
0.001313
0.001012
0.000969
0.000925
0.000530
0.001266
0.001238
0.001210
0.000848
0.000681
0.000882
0.001082
0.000742
0.000904
0.000941
0.000977
0.000954
0.001268
0.001020
0.000771
0.001114
0.000813
0.001172
0.000983
0.000794
0.000887
0.001243
0.001059
0.000875
0.001048
0.000709
0.000784
0.000860
0.001208
0.001157
0.001141
0.001125
0.001210
0.000732
0.000841
0.000950
0.000950
0.000718
0.000898
0.001078
0.001376
0.000687
0.000861
0.001035
0.000993
0.000766
0.001132
0.001087
0.001041
0.000809
0.001000
0.000803
0.000606
0.001102
0.001023
0.000911
0.000798
0.001320
0.001102
0.001151
0.001201
0.000859
0.000870
0.000908
0.000945
0.001019
0.001255
0.001068
0.000882
0.001380
0.001252
0.001002
0.000753
0.001083
0.000666
0.001114
0.001134
0.001154
0.000782
0.001308
0.000988
0.000668
0.001079
0.000877
0.000793
0.000709
0.000860
0.000893
0.001042
0.001192
0.001026
0.000858
0.000930
0.001002
0.001040
0.000947
0.001046
0.001144
0.001452
0.001094
0.001051
0.001007
0.000648
0.001267
0.000671
0.000867
0.001063
0.001069
0.001212
0.001062
0.000912
0.000875
0.001135
0.001084
0.001032
0.001444
0.001364
0.001151
0.000938
0.000646
0.000936
0.000828
0.000719
0.000825
0.000924
0.000942
0.000959
0.000659
0.000560
0.001002
0.001444
0.001099
0.000866
0.001174
0.001130
0.001086
0.000780
0.000986
0.001055
0.001124
0.000905
0.001236
0.000934
0.000633
0.001055
0.000968
0.001119
0.001270
0.001091
0.000747
0.000932
0.001117
0.000821
0.000834
0.000888
0.000942
0.000925
0.000568
0.000797
0.001026
0.001146
0.001004
0.001055
0.000878
0.000701
0.001212
0.001053
0.001148
0.001242
0.001021
0.001637
0.001245
0.000852
0.001247
0.001388
0.001259
0.001129
0.000749
0.001169
0.001083
0.000997
0.000949
0.001002
0.000798
0.000594
0.000849
0.001300
0.001436
0.001123
0.000810
0.001046
0.001064
0.001153
0.001242
0.001219
0.000791
0.001073
0.001355
0.000628
0.000785
0.000944
0.001103
0.000534
0.000883
0.000851
0.000819
0.001110
0.000471
0.000670
0.000871
0.001127
0.000787
0.001081
0.001375
0.000712
0.000695
0.000909
0.001184
0.001458
0.000580
0.000916
0.001013
0.001109
0.000963
0.001015
0.000825
0.000635
0.000829
0.001240
0.001049
0.000858
0.000953
0.001191
0.001207
0.001223
0.001020
0.000725
0.001084
0.001443
0.000581
0.000801
0.001015
0.001229
0.001178
0.000707
0.000822
0.000932
0.001042
0.001268
0.001308
0.001218
0.001129
0.000964
0.001097
0.000982
0.000866
0.000969
0.001030
0.000846
0.000661
0.001141
0.001611
0.001251
0.000892
0.000667
0.001218
0.001222
0.001227
0.000825
0.000652
0.000689
0.000725
0.000556
0.000535
0.000941
0.000905
0.000870
0.001034
0.000698
0.000684
0.000671
0.000868
0.000864
0.001007
0.001150
0.000829
0.000849
0.000890
0.000931
0.000562
0.001276
0.000979
0.000683
0.001191
0.001045
0.001036
0.001026
0.000486
0.001342
0.001096
0.000851
0.001503
0.000973
0.000843
0.000857
0.000870
0.000828
0.000819
0.000879
0.000938
0.000723
0.001106
0.001022
0.000938
0.001019
0.001059
0.001029
0.001000
0.000806
0.001043
0.000983
0.000922
0.000942
0.000707
0.000740
0.000773
0.000752
0.001169
0.001137
0.001105
0.000688
0.000988
0.001099
0.001175
0.001252
0.000997
0.000637
0.000733
0.000828
0.000982
0.000707
0.000956
0.001204
0.001231
0.001213
0.000826
0.000440
0.000334
0.000934
0.000806
0.000678
0.001428
0.000881
0.000820
0.000760
0.000979
0.001370
0.001317
0.001264
0.001495
0.000660
0.001207
0.001249
0.001291
0.000703
0.001028
0.001008
0.000988
0.000836
0.001081
0.001063
0.001045
0.001052
0.000595
0.000949
0.001304
0.000760
0.000862
0.000905
0.000947
0.000660
0.000835
0.000885
0.000935
0.000725
0.000582
0.000888
0.001194
0.000990
0.000972
0.000895
0.001095
0.001294
0.000662
0.001327
0.001131
0.000935
0.001489
0.000319
0.000832
0.001345
0.001259
0.001054
0.000977
0.000900
0.000746
0.000762
0.000887
0.001011
0.000932
0.000949
0.000993
0.001037
0.000949
0.000564
0.001180
0.001161
0.001141
0.001170
0.000718
0.000787
0.000855
0.001351
0.001371
0.001135
0.000900
0.000887
0.001360
0.001191
0.001022
0.001157
0.001321
0.001079
0.000837
0.000784
0.000915
0.000993
0.001071
0.001392
0.001320
0.001216
0.001113
0.001307
0.000986
0.001345
0.001121
0.000898
0.000608
0.001209
0.001018
0.000827
0.000947
0.001125
0.000964
0.000803
0.000920
0.000600
0.000774
0.000949
0.000965
0.001229
0.000997
0.000765
0.001394
0.001095
0.000883
0.000671
0.001126
0.001158
0.001187
0.001217
0.001076
0.000870
0.000831
0.000985
0.001140
0.000645
0.001039
0.001065
0.001090
0.001079
0.000963
0.001086
0.001209
0.000783
0.001681
0.001382
0.001083
0.000821
0.000918
0.000817
0.000715
0.000866
0.000765
0.000849
0.000933
0.000811
0.000942
0.000949
0.000956
0.000821
0.000688
0.001208
0.001100
0.000991
0.001205
0.001060
0.000877
0.000693
0.001250
0.001471
0.001189
0.000906
0.001413
0.000844
0.000986
0.001128
0.001598
0.000549
0.000756
0.000964
0.001004
0.000845
0.000789
0.000733
0.000904
0.001175
0.000974
0.000774
0.000912
0.000688
0.001092
0.000929
0.000767
0.001214
0.000997
0.000969
0.000940
0.000833
0.000802
0.000979
0.001155
0.000954
0.000873
0.000801
0.000729
0.000859
0.001251
0.001322
0.001394
0.000730
0.000480
0.000739
0.000997
0.000708
0.000936
0.001035
0.001134
0.000753
0.000972
0.000939
0.001110
0.001281
0.000944
0.000985
0.000857
0.000728
0.001156
0.000671
0.000706
0.000742
0.000606
0.001093
0.000894
0.000694
0.000668
0.000852
0.000791
0.000730
0.000871
0.000882
0.000836
0.000789
0.001162
0.000888
0.000986
0.001084
0.000820
0.001101
0.000840
0.001062
0.001283
0.000665
0.001168
0.001073
0.000979
0.001011
0.000956
0.001165
0.001375
0.000718
0.001180
0.000995
0.000810
0.000827
0.001316
0.000983
0.000650
0.001158
0.000577
0.001124
0.001672
0.001077
0.000625
0.000878
0.001131
0.000855
0.001257
0.001088
0.001257
0.001427
0.000576
0.001194
0.000923
0.000651
0.001253
0.001157
0.000578
0.000001
0.000001
0.000001
0.000001
0.000001
0.000001
0.000001
0.000001
0.000001
0.000001
0.000001
0.000001
0.000001
0.000001
0.000001
0.000001
0.000001
0.000001
0.000001
0.000001
0.000001
0.000001
0.000001
0.000001
0.000001
0.000001
0.000001
0.000001
0.000001
0.000001
0.000001
0.000001
0.000001
0.000001
0.000001
0.000001
0.000001
0.000001
0.000001
0.000001
0.000001
0.000001
0.000001
0.000001
0.000001
0.000001
0.000001
0.000001
0.000001
0.000001
0.000001
0.000001
0.000001
0.000001
0.000001
0.000001
0.000001
0.000001
0.000001
0.000001
0.000001
0.000001
0.000001
0.000001
0.000001
0.000001
0.000001
0.000001
0.000001
0.000001
0.000001
0.000001
0.000001
0.000001
0.000001
0.000001
0.000001
0.000001
0.000001
0.000001
0.000001
0.000001
0.000001
0.000001
0.000001
0.000001
0.000001
0.000001
0.000001
0.000001
0.000001
0.000001
0.000001
0.000001
0.000001
0.000001
0.000001
0.000001
0.000001
0.000001
0.000001
0.000001
0.000001
0.000001
0.000001
0.000001
0.000001
0.000001
0.000001
0.000001
0.000001
0.000001
0.000001
0.000001
0.000001
0.000001
0.000001
0.000001
0.000001
0.000001
0.000001
0.000001
0.000001
0.000001
0.000001
0.000001
0.000001
0.000001
0.000001
0.000001
0.000001
0.000001
0.000001
0.000001
0.000001
0.000001
0.000001
0.000001
0.000001
0.000001
0.000001
0.000001
0.000001
