0.038322
0.005471
0.010162
0.011865
0.014378
0.016906
0.018582
0.020521
0.022427
0.024081
0.025241
0.024825
0.022806
0.019052
0.016322
0.013095
0.011381
0.009821
0.011560
0.013929
0.016112
0.016211
0.016602
0.017576
0.020132
0.022230
0.023986
0.023270
0.022516
0.021485
0.021894
0.023078
0.025589
0.028142
0.029359
0.028992
0.028700
0.028728
0.029520
0.029885
0.031616
0.034676
0.040022
0.045228
0.050292
0.057240
0.067174
0.079402
0.096197
0.114767
0.136170
0.156505
0.181791
0.206505
0.230994
0.256090
0.285365
0.320624
0.348696
0.369892
0.394743
0.431085
0.472046
0.502700
0.529453
0.558342
0.590592
0.620165
0.636781
0.653832
0.664178
0.680850
0.686498
0.691948
0.692528
0.692681
0.687411
0.689335
0.690380
0.692448
0.692774
0.696093
0.700374
0.701091
0.704748
0.710563
0.710278
0.706382
0.701307
0.698984
0.701783
0.703590
0.707386
0.713677
0.724900
0.739265
0.747296
0.752637
0.758553
0.765538
0.774044
0.780316
0.780775
0.782216
0.787147
0.795110
0.808630
0.819925
0.834022
0.839810
0.847003
0.854833
0.868358
0.876836
0.885347
0.890117
0.895762
0.896777
0.891742
0.897062
0.908614
0.929708
0.931510
0.930168
0.923315
0.929063
0.932193
0.933189
0.931407
0.931020
0.927073
0.923615
0.918619
0.918083
0.916771
0.914428
0.916473
0.923449
0.927651
0.922146
0.909522
0.899682
0.895595
0.897634
0.898824
0.901877
0.902594
0.904446
0.904278
0.901727
0.900326
0.898641
0.889122
0.879042
0.867953
0.873032
0.870055
0.869801
0.862204
0.856104
0.850951
0.845699
0.849867
0.843349
0.836137
0.828225
0.831504
0.830328
0.829067
0.824474
0.825466
0.816679
0.809177
0.805618
0.811125
0.815842
0.814402
0.805485
0.797126
0.791499
0.797709
0.808192
0.817968
0.822800
0.821527
0.820324
0.819432
0.819856
0.824302
0.816253
0.807514
0.792660
0.792550
0.789405
0.786780
0.780358
0.775902
0.761263
0.746467
0.728191
0.713901
0.711749
0.703622
0.702336
0.688050
0.681893
0.665604
0.651695
0.641063
0.638911
0.637665
0.633536
0.628926
0.619024
0.596752
0.579564
0.570918
0.570972
0.570019
0.567644
0.575844
0.575148
0.568760
0.555400
0.547702
0.539936
0.534112
0.526795
0.520419
0.514187
0.500729
0.492113
0.482616
0.483946
0.476025
0.470859
0.463330
0.461435
0.457275
0.453555
0.450082
0.446768
0.443744
0.439058
0.432759
0.425097
0.416830
0.412146
0.406692
0.400850
0.401262
0.395540
0.394774
0.387066
0.393171
0.390127
0.386597
0.377619
0.374284
0.371443
0.366860
0.362776
0.356224
0.353692
0.352998
0.352446
0.348416
0.340065
0.336962
0.336134
0.339987
0.337023
0.333216
0.327366
0.323917
0.321522
0.317454
0.314812
0.312595
0.309129
0.308950
0.307958
0.312264
0.313689
0.313012
0.309640
0.304045
0.299682
0.291136
0.288245
0.284149
0.284283
0.278311
0.276201
0.277504
0.283079
0.281397
0.280650
0.273988
0.270099
0.262678
0.256231
0.251935
0.247634
0.246153
0.248285
0.251550
0.254756
0.253797
0.251852
0.249816
0.247962
0.240179
0.238842
0.237750
0.243272
0.240812
0.238646
0.242215
0.244134
0.243277
0.238578
0.235342
0.233786
0.227840
0.225695
0.226128
0.227873
0.225451
0.220802
0.219638
0.221758
0.227254
0.228904
0.224229
0.217505
0.212537
0.205654
0.204259
0.202653
0.208960
0.205111
0.206557
0.203606
0.206871
0.205542
0.205094
0.203719
0.199366
0.195225
0.193478
0.193441
0.195627
0.194269
0.193500
0.188893
0.184154
0.178499
0.176278
0.177141
0.179526
0.183179
0.189361
0.189603
0.190239
0.186514
0.188149
0.189020
0.188146
0.184772
0.182013
0.180458
0.178322
0.175079
0.171850
0.172425
0.169125
0.168343
0.169639
0.174154
0.172522
0.168842
0.166933
0.168314
0.170052
0.172602
0.177871
0.178442
0.177136
0.172290
0.170274
0.166315
0.161320
0.159177
0.161907
0.164986
0.162873
0.158768
0.157796
0.158503
0.160617
0.158739
0.157158
0.151434
0.153523
0.151610
0.153540
0.151860
0.155185
0.157338
0.156271
0.153196
0.149699
0.150568
0.155254
0.161437
0.160270
0.156184
0.147729
0.142101
0.139431
0.139937
0.144122
0.148299
0.150209
0.149203
0.147358
0.147949
0.148305
0.149338
0.147007
0.144868
0.139370
0.138487
0.136310
0.137645
0.138437
0.142391
0.141427
0.137363
0.130763
0.129631
0.130326
0.133213
0.133737
0.133967
0.132715
0.132561
0.133536
0.131061
0.132939
0.133254
0.138678
0.138061
0.138906
0.138689
0.138271
0.137376
0.135178
0.134052
0.130940
0.128441
0.126641
0.126143
0.126551
0.125458
0.120263
0.118025
0.114328
0.113151
0.110113
0.106459
0.105163
0.103827
0.099762
0.099488
0.095535
0.094514
0.090121
0.083968
0.081417
0.077847
0.076859
0.074048
0.072172
0.074011
0.075565
0.072388
0.067441
0.063607
0.064338
0.065523
0.065448
0.064619
0.063656
0.062045
0.060232
0.057815
0.056943
0.055529
0.055783
0.055824
0.056060
0.055615
0.054379
0.053665
0.052486
0.052228
0.051980
0.051623
0.051370
0.050156
0.048453
0.047409
0.047793
0.047647
0.045425
0.041183
0.039142
0.040377
0.042776
0.043540
0.042521
0.041668
0.044351
0.046960
0.048962
0.046505
0.043959
0.039912
0.039525
0.042138
0.045590
0.045569
0.043813
0.044866
0.048068
0.049757
0.049157
0.046771
0.045434
0.046190
0.046433
0.046049
0.044034
0.046005
0.044266
0.043138
0.039196
0.041019
0.041088
0.042054
0.041477
0.041117
0.041148
0.040320
0.040514
0.039549
0.038562
0.038286
0.038648
0.039005
0.038799
0.037788
0.037028
0.039275
0.040221
0.040763
0.036960
0.036179
0.037690
0.037850
0.037162
0.035206
0.036837
0.037920
0.038629
0.038445
0.042091
0.042734
0.044170
0.041739
0.040627
0.039182
0.037479
0.037485
0.036025
0.034914
0.034142
0.035194
0.037092
0.038980
0.040115
0.040025
0.037910
0.038121
0.037159
0.037169
0.037090
0.038214
0.041565
0.041678
0.040797
0.039486
0.039565
0.040207
0.038704
0.038672
0.039758
0.042218
0.042944
0.042876
0.042419
0.041934
0.041898
0.041792
0.042112
0.042445
0.043053
0.045282
0.047195
0.048093
0.045475
0.047436
0.046085
0.048800
0.048921
0.051901
0.055101
0.054815
0.057224
0.057888
0.060189
0.064477
0.067147
0.069272
0.067597
0.068060
0.068661
0.069205
0.071208
0.074505
0.078910
0.080379
0.084893
0.091591
0.101203
0.109844
0.120315
0.133001
0.148780
0.166166
0.186918
0.212016
0.238203
0.262811
0.289116
0.311212
0.336075
0.355205
0.378001
0.392882
0.396306
0.389505
0.376348
0.355019
0.320500
0.279814
0.242546
0.209483
0.177063
0.147083
0.123002
0.098478
0.075181
0.054308
0.040945
0.029106
0.020286
0.013115
0.010230
0.009787
0.009361
0.009307
0.006962
0.004704
0.001431
-0.000055
-0.000505
0.000326
-0.000644
-0.000232
-0.000122
0.000945
-0.000327
-0.000807
-0.001558
-0.001397
-0.001278
0.000461
0.001784
0.001757
0.000011
-0.000395
0.000061
0.001083
0.001175
0.000482
-0.000247
-0.000634
0.000192
0.001283
0.001843
0.000793
-0.000284
-0.001580
-0.001285
-0.001283
-0.000517
-0.000133
0.000755
0.001598
0.002507
0.003313
0.002153
0.000922
-0.000765
-0.000946
-0.000421
0.000480
0.002224
0.003444
0.003731
0.003416
0.002689
0.001959
0.001613
0.001198
0.001213
0.000359
-0.000762
-0.001560
-0.001140
0.000715
0.000881
0.001895
0.001013
0.000784
-0.000582
-0.000927
-0.000419
-0.000327
0.000029
0.000734
0.001605
0.002205
0.001237
-0.000325
-0.001373
-0.000281
0.000710
0.000640
-0.000122
0.000106
0.000592
0.000279
-0.000182
-0.000320
0.000079
0.000812
0.001143
0.001528
0.001243
0.000811
-0.001028
-0.002454
-0.002941
-0.002463
-0.001691
-0.001450
-0.000766
-0.001477
-0.001521
-0.002298
-0.002992
-0.002048
-0.001823
-0.000734
-0.002148
-0.001772
-0.002141
-0.001443
-0.000198
0.002044
0.001800
0.000816
-0.000799
0.000007
0.000158
0.000903
0.000495
0.000192
-0.000210
-0.000258
0.000446
0.001257
0.001340
0.000526
-0.000914
-0.001712
-0.001903
-0.001069
0.000048
0.001249
-0.000013
-0.000515
-0.001444
-0.000674
-0.001058
-0.001914
-0.002765
-0.003291
-0.002311
-0.002278
-0.001500
-0.000942
-0.000219
-0.000277
0.000107
0.001604
0.003480
0.004336
0.004275
0.003426
0.002170
0.000896
-0.000345
-0.001349
-0.001896
-0.001996
-0.001516
-0.001182
-0.001306
0.000084
-0.000252
-0.000408
-0.003039
-0.002581
-0.002525
-0.001833
-0.002385
-0.001905
-0.001156
-0.000115
0.000245
-0.000230
-0.000973
-0.000543
0.000728
0.002551
0.002797
0.001461
-0.000246
-0.001137
-0.001460
-0.000709
-0.000588
-0.000178
-0.000445
-0.001691
-0.002432
-0.003580
-0.002699
-0.002442
-0.001349
0.000073
0.000125
0.000277
-0.001188
-0.001215
-0.001509
-0.001528
-0.000794
-0.000770
-0.000676
-0.000677
-0.000368
0.000188
0.000373
-0.000168
-0.000307
-0.000525
-0.000530
-0.000332
0.000269
0.001016
0.001084
0.001238
0.001367
0.001384
0.000765
0.000455
0.000822
0.001391
0.001461
0.001949
0.001123
0.000781
-0.000282
-0.000233
-0.000453
-0.000690
-0.000601
-0.000591
-0.001402
-0.001265
-0.001351
-0.000976
-0.001521
-0.001730
-0.001054
0.000385
0.001318
0.002268
0.002183
0.002366
0.001810
0.001513
0.001244
0.000836
0.000093
-0.000241
-0.000683
-0.001106
-0.001546
-0.001036
0.000316
0.002053
0.002649
0.001826
-0.000239
-0.001696
-0.002283
-0.000782
0.000280
0.001555
0.001336
0.001110
0.000535
0.000437
0.001256
0.001407
0.001420
0.000289
-0.000535
-0.000951
-0.000300
0.001022
0.001698
0.001872
0.001189
0.000184
-0.001146
-0.000902
-0.000692
0.000031
0.000421
0.000405
0.000547
-0.000117
0.000040
0.000699
0.000796
0.001078
0.000927
0.002259
0.002515
0.002165
0.001432
0.001969
0.002232
0.002141
0.001471
0.001255
0.000401
-0.000577
-0.001279
-0.000808
-0.000021
0.000566
0.001106
0.002015
0.002631
0.002382
0.001992
0.002059
0.002374
0.001684
0.000632
-0.000341
-0.000445
0.000317
0.000741
0.000855
-0.000044
-0.000375
-0.001486
-0.002076
-0.002499
-0.001559
-0.000501
0.000234
0.000340
0.000599
0.000089
0.000042
-0.000252
-0.000313
-0.000199
-0.000746
-0.001063
-0.001196
-0.000420
0.000686
0.000921
0.001217
-0.000115
0.000645
0.000446
0.001772
0.001115
0.000921
0.001184
0.001952
0.001056
-0.000011
-0.001797
-0.002052
-0.001962
0.000169
0.002143
0.003265
0.001644
0.000747
0.000457
0.001691
0.002264
0.002294
0.001411
0.000221
-0.000588
-0.000612
-0.000524
-0.000718
-0.000746
-0.000423
-0.000133
-0.000747
-0.001799
-0.001758
-0.001956
-0.001207
-0.000881
-0.000193
0.001158
0.001347
0.000959
-0.000123
-0.000668
-0.000135
0.000132
0.000221
0.000912
0.001017
0.001112
-0.000389
-0.000076
0.000364
0.001389
0.000063
-0.000817
-0.001026
0.000325
0.000477
0.000669
0.000324
0.001232
0.001773
0.001230
0.001369
0.000905
0.001112
0.000349
-0.000689
-0.000967
-0.000649
0.000739
0.001676
0.002008
0.001831
0.001921
0.002384
0.002723
0.002427
0.002311
0.001262
0.000653
-0.000468
-0.000273
-0.000353
-0.000185
0.000126
0.000575
0.000972
0.000077
-0.000602
-0.001324
-0.000558
-0.000002
0.000095
-0.000744
-0.001084
-0.001116
-0.000892
-0.001459
-0.001552
-0.001347
-0.000567
-0.000076
0.001046
0.000756
0.000630
0.000059
0.000082
-0.000497
-0.000980
-0.000318
-0.000236
0.000298
-0.000359
-0.000612
-0.001333
-0.001593
-0.001116
-0.001259
-0.001523
-0.001502
-0.001659
-0.001364
-0.001587
-0.000920
-0.000860
-0.000707
-0.000881
-0.000931
-0.000594
-0.000848
-0.001293
-0.002126
-0.002221
-0.001586
-0.000891
-0.000341
0.000047
0.000192
0.000184
-0.000319
-0.000579
-0.000746
-0.000600
-0.000592
-0.000051
0.000121
0.000525
0.000614
0.000205
0.000241
-0.000364
-0.000227
-0.000487
-0.000670
-0.000183
0.000362
0.000333
0.000129
-0.000610
-0.000432
-0.000355
0.000232
0.000769
0.001134
0.000725
0.000756
0.000849
0.000759
-0.000125
-0.000912
-0.001058
-0.000085
0.000154
0.000715
-0.000068
0.000416
0.001200
0.001245
0.001326
0.000460
0.000898
0.000884
0.000369
0.000275
0.000372
0.000414
0.000787
0.000668
0.001428
0.000656
0.001113
0.000871
0.000850
-0.000178
-0.000703
-0.000865
-0.001615
-0.001040
-0.000846
-0.000245
-0.001110
-0.000747
-0.000738
0.000054
-0.000189
-0.000463
-0.001214
-0.001116
-0.000205
0.001127
0.001296
0.000717
-0.000490
-0.001019
-0.001188
-0.000896
-0.000647
-0.000516
-0.000496
-0.000168
0.000032
-0.000282
-0.001022
-0.001044
-0.000838
-0.000403
0.000155
-0.000035
-0.000288
-0.001108
-0.000874
-0.000232
-0.000013
0.000240
0.000352
0.000405
0.000308
0.000009
0.000270
0.000236
0.000310
0.000411
0.000921
0.000952
0.000864
0.000577
0.000723
0.001153
0.000787
0.000447
-0.000131
0.000217
0.000299
0.000435
0.000659
0.000599
0.000606
-0.000068
-0.000361
-0.000956
-0.001018
-0.001177
-0.001057
-0.000831
-0.000064
0.000777
0.001477
0.001768
0.001607
0.001087
0.000688
0.000658
0.000492
-0.000316
-0.001215
-0.001493
-0.001456
-0.001263
-0.000994
-0.000151
0.000487
0.000683
0.000288
-0.000377
-0.000401
-0.000099
0.000063
-0.000151
-0.000373
-0.000198
-0.000099
-0.000209
-0.000493
-0.000531
-0.000844
-0.000887
-0.001098
-0.001201
-0.000994
-0.000604
0.000462
0.001067
0.001441
0.001335
0.001156
0.000928
0.000947
0.000929
0.000748
0.000260
-0.000119
-0.000174
0.000153
0.000938
0.001499
0.001415
0.000708
-0.000154
-0.000434
-0.000499
-0.000117
0.000331
0.000431
0.000396
-0.000191
-0.000762
-0.000753
-0.000954
-0.000571
-0.000667
-0.000387
-0.000193
-0.000207
-0.000063
0.000093
0.000112
0.000324
0.000541
0.000733
0.000420
0.000306
0.000622
0.001209
0.000770
0.000676
0.000584
0.001206
0.001146
0.001175
0.000996
0.000782
-0.000054
0.000029
-0.000025
0.000283
0.000213
0.000341
0.000711
0.000625
0.000098
-0.000048
-0.000232
0.000101
-0.000463
-0.000640
-0.000880
-0.000610
-0.000458
-0.000538
-0.000711
-0.001233
-0.001347
-0.001226
-0.000300
0.000332
0.000546
-0.000027
-0.000066
0.000349
0.001184
0.001471
0.001996
0.001737
0.001102
0.000355
0.000418
0.000770
0.000387
-0.000014
-0.000285
-0.000029
0.000031
-0.000158
-0.000282
-0.000404
0.000064
0.000495
0.000451
0.000459
0.000683
0.000745
0.000317
-0.000236
0.000044
0.000960
0.001283
0.001055
0.000472
0.000351
0.000734
0.000992
0.000727
-0.000316
-0.001208
-0.001758
-0.001627
-0.001396
-0.001442
-0.001466
-0.001410
-0.000656
-0.000290
0.000606
0.000544
0.000258
-0.000422
-0.000880
-0.001039
-0.002048
-0.001608
-0.000386
0.000295
0.000117
-0.000569
-0.001237
-0.001688
-0.001687
0.000206
0.001157
0.001232
-0.000127
-0.001514
-0.001841
-0.001713
-0.000836
-0.000627
-0.001008
-0.000906
-0.001185
-0.001005
-0.001483
-0.001244
-0.000801
-0.000615
-0.000861
-0.000884
-0.000789
-0.000890
-0.001313
-0.001333
-0.000956
-0.000382
-0.000047
0.000405
0.000783
0.000885
0.000341
-0.000434
-0.000482
-0.000130
0.000558
0.000312
0.000372
0.000202
0.000420
-0.000313
-0.000596
-0.000919
-0.000648
-0.000502
-0.000740
-0.001053
-0.001579
-0.001289
-0.000778
-0.000433
-0.000353
-0.000366
-0.000387
-0.000378
-0.000438
-0.000299
-0.000100
-0.000239
-0.000335
-0.000548
-0.000213
0.000341
0.000866
0.001175
0.001132
0.000614
0.000232
0.000074
0.000250
0.000053
-0.000255
-0.000364
-0.000185
0.000065
0.000501
0.001279
0.001586
0.001347
0.000678
0.000296
0.000169
0.000129
0.000232
0.000347
0.000411
-0.000206
-0.000368
-0.000455
0.000248
0.000624
0.000511
0.000169
-0.000363
0.000146
0.000315
0.000601
0.000206
0.000290
0.000487
0.000845
0.001194
0.001153
0.000828
0.000300
0.000083
0.000301
0.000212
0.000226
-0.000185
-0.000311
-0.000429
-0.000143
0.000207
0.000241
0.000117
-0.000181
-0.000212
-0.000148
0.000328
0.000305
0.000057
-0.000473
-0.000395
0.000082
0.000584
0.000680
0.000248
0.000240
0.000097
-0.000166
-0.000017
0.000140
0.000799
0.000829
0.000915
0.001411
0.001343
0.001464
0.000821
0.000003
-0.000175
-0.000126
0.000740
0.000634
0.000397
-0.000039
-0.000032
-0.000355
0.000192
0.000290
0.000417
0.000011
-0.000225
-0.000073
-0.000305
-0.000154
-0.000343
-0.000478
-0.000818
-0.000613
-0.000442
-0.000261
-0.000401
-0.000343
-0.000144
0.000185
0.000300
0.000212
-0.000143
-0.000331
-0.000553
-0.000628
-0.000827
-0.000565
-0.000120
0.000438
0.000275
0.000423
0.000248
0.000264
-0.000201
-0.000388
-0.000391
-0.000294
0.000036
0.000177
0.000389
0.000350
0.000201
0.000369
0.000549
0.001273
0.001381
0.001240
0.000408
-0.000244
-0.000705
-0.000803
-0.001068
-0.001033
-0.000537
0.000072
0.000296
0.000053
-0.000194
-0.000189
-0.000315
-0.000386
-0.000698
-0.000677
-0.000225
0.000384
0.000956
0.000837
0.000576
0.000082
-0.000143
-0.000221
-0.000099
0.000114
0.000096
0.000354
0.000164
0.000443
0.000235
0.000284
0.000083
0.000215
0.000414
0.000451
0.000248
0.000342
0.000457
0.000584
0.000559
0.000358
0.000320
0.000299
0.000534
0.000494
0.000384
0.000295
0.000225
0.000039
-0.000343
-0.000677
-0.000401
-0.000010
0.000444
0.000228
0.000035
-0.000117
-0.000044
-0.000015
-0.000058
-0.000397
-0.000702
-0.000883
-0.000749
-0.000511
-0.000454
-0.000416
-0.000368
-0.000243
-0.000187
-0.000166
-0.000021
0.000313
0.000895
0.001145
0.000836
0.000170
-0.000052
-0.000166
-0.000278
-0.000818
-0.000882
-0.000704
-0.000011
0.000232
-0.000022
-0.000324
-0.000454
-0.000268
-0.000387
-0.000703
-0.001096
-0.001473
-0.001344
-0.000483
0.000246
0.000425
0.000077
0.000003
0.000151
0.000050
0.000427
0.000158
0.000159
-0.000314
-0.000012
0.000068
-0.000023
-0.000112
-0.000084
-0.000472
-0.000424
-0.000568
-0.000270
-0.000556
-0.000816
-0.001001
-0.001075
-0.001144
-0.001217
-0.001274
-0.001148
-0.000660
-0.000404
-0.000085
-0.000041
0.000078
0.000737
0.001109
0.001382
0.000810
0.000384
0.000263
0.000455
0.000704
0.000391
0.000162
0.000087
0.000413
0.000311
0.000122
-0.000168
-0.000423
-0.000581
-0.000359
-0.000011
0.000086
-0.000209
-0.000003
0.000142
0.000335
-0.000059
-0.000357
-0.000261
0.000293
0.000595
0.000564
0.000142
0.000014
0.000203
0.000359
0.000440
0.000132
0.000121
0.000437
0.000791
0.000711
0.000597
0.000127
-0.000008
-0.000321
-0.000038
-0.000203
-0.000392
-0.000639
-0.000385
-0.000310
-0.000422
-0.000678
-0.000715
-0.000366
0.000239
0.000671
0.000629
0.000672
0.000468
0.000512
0.000183
0.000006
-0.000463
-0.000950
-0.001215
-0.000681
-0.000265
0.000074
-0.000195
-0.000382
-0.000682
-0.000735
-0.000666
-0.000308
-0.000176
-0.000198
-0.000350
-0.000498
-0.000183
-0.000127
-0.000027
-0.000342
-0.000220
-0.000356
-0.000482
-0.000839
-0.000589
-0.000453
-0.000133
-0.000130
-0.000075
0.000176
0.000315
0.000501
0.000140
0.000057
-0.000073
0.000046
-0.000270
-0.000540
-0.000650
-0.000507
-0.000256
-0.000084
0.000118
0.000327
0.000510
0.000922
0.001146
0.001161
0.000640
0.000450
0.000034
-0.000057
-0.000293
-0.000231
-0.000228
-0.000351
-0.000456
-0.000460
-0.000453
-0.000415
-0.000407
-0.000182
0.000013
0.000195
0.000349
0.000985
0.000913
0.000644
-0.000118
-0.000216
-0.000300
-0.000521
-0.000449
0.000080
0.000612
0.000532
0.000058
-0.000156
0.000003
0.000053
0.000184
0.000369
0.000220
-0.000152
-0.000752
-0.000929
-0.000896
-0.000559
-0.000056
0.000482
0.000521
0.000203
-0.000288
-0.000464
-0.000528
-0.000141
-0.000063
0.000097
-0.000281
-0.000261
-0.000241
-0.000046
0.000088
0.000360
0.000432
0.000542
0.000620
0.000753
0.000441
0.000035
-0.000285
-0.000357
-0.000200
-0.000062
0.000189
0.000232
0.000491
0.000750
0.001037
0.000847
0.000457
0.000137
0.000587
0.000694
0.000589
-0.000009
0.000056
0.000390
0.000340
0.000592
0.000452
0.000501
0.000233
0.000070
-0.000028
-0.000409
-0.000519
-0.000490
-0.000309
-0.000338
0.000050
0.000226
0.000407
0.000007
0.000032
0.000250
0.000604
0.000765
0.000576
0.000805
0.001107
0.001590
0.001414
0.001182
0.000656
0.000258
-0.000311
-0.000225
-0.000377
-0.000204
-0.000232
-0.000122
-0.000162
-0.000262
0.000002
-0.000029
0.000284
0.000378
0.000704
0.000477
0.000395
0.000325
0.000378
0.000080
0.000005
-0.000248
-0.000352
-0.000707
-0.000669
-0.000232
0.000245
0.000450
0.000436
0.000341
0.000352
0.000358
0.000331
0.000297
0.000150
0.000077
-0.000244
-0.000208
-0.000135
0.000169
0.000217
0.000266
0.000208
0.000005
-0.000128
-0.000368
-0.000309
-0.000086
0.000312
0.000398
0.000234
0.000103
-0.000113
-0.000147
-0.000254
-0.000065
0.000052
0.000231
0.000061
-0.000125
-0.000242
-0.000002
-0.000135
-0.000299
-0.000530
-0.000542
-0.000563
-0.000516
-0.000235
-0.000258
-0.000280
-0.000463
-0.000352
-0.000247
-0.000324
-0.000386
-0.000515
-0.000306
-0.000091
0.000021
-0.000086
0.000290
0.000214
0.000745
0.000562
0.000786
0.000568
0.000548
0.000570
0.000406
0.000081
-0.000138
-0.000256
-0.000198
-0.000230
-0.000002
0.000190
0.000440
0.000477
0.000619
0.000595
0.000323
-0.000021
-0.000291
-0.000354
-0.000447
-0.000510
-0.000650
-0.000745
-0.000630
-0.000457
-0.000350
-0.000174
0.000097
0.000490
0.000390
0.000053
-0.000500
-0.000867
-0.001147
-0.000871
-0.000363
0.000406
0.000154
0.000148
-0.000177
0.000044
-0.000045
0.000151
0.000297
0.000235
0.000097
0.000235
0.000320
0.000095
-0.000225
-0.000460
-0.000446
-0.000411
-0.000058
0.000349
0.000404
0.000324
0.000265
0.000309
0.000262
0.000235
0.000509
0.000510
0.000760
0.000679
0.000728
0.000307
-0.000046
-0.000225
-0.000243
-0.000111
-0.000071
-0.000073
-0.000122
-0.000032
0.000089
0.000201
0.000211
0.000314
0.000078
-0.000007
-0.000201
-0.000271
-0.000460
-0.000161
0.000233
0.000472
0.000197
0.000021
-0.000000
-0.000016
-0.000052
-0.000119
-0.000330
-0.000650
-0.000707
-0.000679
-0.000326
-0.000059
0.000217
0.000129
-0.000133
-0.000370
0.000121
0.000107
0.000201
-0.000146
-0.000072
-0.000029
-0.000027
0.000329
0.000379
0.000348
-0.000137
-0.000268
-0.000237
-0.000252
-0.000268
-0.000273
0.000199
0.000778
0.000798
0.000515
-0.000121
-0.000398
-0.000094
0.000301
0.000705
0.000446
0.000399
0.000383
0.000545
0.000260
0.000180
-0.000032
0.000021
0.000040
0.000369
0.000729
0.000795
0.000469
0.000108
-0.000260
-0.000411
-0.000522
-0.000317
-0.000342
-0.000241
-0.000170
0.000169
0.000242
0.000164
0.000013
-0.000010
0.000544
0.000918
0.001037
0.000582
0.000272
0.000188
0.000087
0.000197
0.000155
0.000345
0.000687
0.001247
0.001091
0.000943
0.000691
0.000976
0.000745
0.000447
-0.000076
-0.000586
-0.000567
-0.000449
-0.000195
-0.000490
-0.000386
-0.000538
-0.000406
-0.000474
-0.000343
-0.000374
-0.000623
-0.000870
-0.000427
-0.000245
0.000050
-0.000452
-0.000567
-0.000420
-0.000036
0.000452
0.000410
0.000328
-0.000061
0.000019
0.000266
0.000130
-0.000108
-0.000661
-0.000633
-0.000616
-0.000480
-0.000361
-0.000354
-0.000355
-0.000505
-0.000425
-0.000125
0.000088
0.000191
-0.000097
-0.000277
-0.000574
-0.000636
-0.000508
-0.000282
-0.000289
-0.000252
-0.000192
0.000105
0.000240
0.000017
-0.000317
-0.000575
-0.000500
-0.000497
-0.000285
-0.000062
0.000377
0.000304
0.000234
0.000094
0.000358
0.000268
0.000096
-0.000248
-0.000337
-0.000357
-0.000200
-0.000069
-0.000026
-0.000113
-0.000283
-0.000300
-0.000188
0.000000
0.000060
0.000106
0.000179
0.000301
0.000290
0.000233
0.000159
0.000118
-0.000043
-0.000049
0.000005
0.000357
0.000311
0.000242
0.000166
0.000514
0.000473
0.000388
0.000160
0.000391
0.000326
0.000484
0.000375
0.000358
0.000161
-0.000034
-0.000018
-0.000012
0.000184
0.000032
-0.000214
-0.000494
-0.000508
-0.000459
-0.000164
0.000026
0.000030
-0.000115
-0.000078
0.000124
0.000229
0.000292
0.000244
0.000118
-0.000127
0.000276
0.000544
0.000919
0.000641
0.000802
0.000938
0.001265
0.001428
0.001391
0.000917
0.000383
0.000039
-0.000066
-0.000028
0.000060
0.000384
0.000261
0.000092
-0.000116
-0.000018
0.000112
0.000094
0.000027
-0.000199
-0.000532
-0.000607
-0.000708
-0.000597
-0.000689
-0.000641
-0.000464
-0.000337
-0.000213
-0.000361
-0.000227
-0.000067
0.000197
0.000226
0.000193
0.000192
0.000238
0.000225
0.000278
0.000289
0.000381
0.000284
0.000155
0.000024
0.000058
0.000210
0.000363
0.000162
-0.000097
-0.000238
-0.000227
-0.000242
-0.000218
0.000076
0.000142
0.000036
-0.000208
-0.000190
0.000127
0.000110
0.000132
-0.000012
0.000087
-0.000009
-0.000127
-0.000120
0.000127
0.000271
0.000250
-0.000055
0.000000
0.000049
0.000150
0.000135
0.000501
0.000681
0.000560
0.000120
-0.000071
-0.000273
-0.000368
-0.000432
-0.000341
-0.000272
-0.000260
-0.000165
0.000043
0.000221
0.000533
0.000623
0.000701
0.000477
0.000221
0.000070
-0.000016
0.000022
0.000087
0.000184
0.000318
0.000381
0.000168
0.000228
0.000118
0.000046
-0.000226
-0.000364
-0.000278
-0.000291
-0.000221
0.000131
0.000363
0.000451
0.000115
-0.000009
0.000089
0.000434
0.000594
0.000556
0.000424
0.000434
0.000309
-0.000037
-0.000383
-0.000394
-0.000036
-0.000000
0.000351
0.000340
0.000428
0.000186
0.000287
0.000627
0.000965
0.000887
0.000844
0.000687
0.000787
0.000832
0.000795
0.000560
0.000027
-0.000050
-0.000049
0.000124
-0.000192
-0.000351
-0.000476
-0.000445
-0.000461
-0.000399
-0.000284
-0.000049
0.000153
0.000046
-0.000014
-0.000126
0.000002
-0.000081
-0.000121
-0.000249
-0.000172
0.000095
0.000448
0.000383
0.000250
0.000276
0.000282
-0.000055
-0.000411
-0.000274
0.000101
0.000718
0.000875
0.000711
0.000141
-0.000114
-0.000186
-0.000359
-0.000650
-0.000628
-0.000438
-0.000115
-0.000034
0.000048
0.000113
0.000226
0.000298
0.000198
0.000080
-0.000042
-0.000049
-0.000254
-0.000016
0.000214
0.000707
0.000627
0.000456
0.000201
0.000071
0.000401
0.000246
0.000182
-0.000239
-0.000309
0.000126
0.000504
0.001036
0.000799
0.000475
-0.000050
-0.000534
-0.000792
-0.000834
-0.000870
-0.000835
-0.000600
-0.000551
-0.000203
-0.000264
-0.000180
-0.000403
-0.000712
-0.000733
-0.000817
-0.000421
-0.000027
0.000306
0.000459
0.000691
0.000360
0.000130
-0.000190
0.000092
0.000265
0.000349
0.000449
0.000765
0.000913
0.000956
0.000579
0.000365
0.000024
0.000198
0.000375
0.000727
0.000671
0.000491
0.000162
-0.000190
-0.000354
-0.000116
0.000137
0.000183
0.000194
0.000161
0.000254
0.000031
0.000012
0.000114
0.000245
0.000262
0.000174
-0.000096
-0.000239
-0.000333
-0.000243
-0.000045
0.000109
0.000181
-0.000105
-0.000103
-0.000078
0.000098
-0.000115
0.000037
0.000070
0.000218
0.000068
0.000111
0.000423
0.000676
0.000767
0.000328
0.000018
-0.000221
-0.000226
-0.000274
-0.000230
-0.000190
-0.000159
0.000054
-0.000060
-0.000011
-0.000162
-0.000087
-0.000080
-0.000196
-0.000218
0.000031
-0.000057
0.000260
0.000026
0.000074
-0.000034
-0.000016
0.000192
0.000174
0.000234
0.000361
0.000417
0.000383
0.000228
0.000208
0.000339
0.000564
0.000391
0.000613
0.000517
0.000538
0.000081
-0.000075
0.000009
0.000111
-0.000073
-0.000060
-0.000103
0.000044
-0.000144
-0.000401
-0.000423
-0.000228
0.000233
0.000457
0.000579
0.000494
0.000372
0.000225
0.000198
0.000161
0.000060
-0.000125
-0.000278
-0.000217
0.000021
0.000324
0.000292
0.000165
0.000087
0.000046
0.000029
-0.000160
-0.000186
-0.000356
-0.000107
0.000025
0.000210
0.000009
-0.000100
0.000141
0.000517
0.001006
0.001044
0.001030
0.000785
0.000491
-0.000012
-0.000184
-0.000311
-0.000339
-0.000522
-0.000584
-0.000496
-0.000375
0.000030
0.000289
0.000465
0.000260
0.000002
-0.000036
-0.000009
0.000122
-0.000030
0.000000
-0.000351
-0.000518
-0.000756
0.000156
0.000400
0.000711
0.000331
0.000323
-0.000073
-0.000416
-0.000411
-0.000462
-0.000280
-0.000171
0.000372
0.000252
0.000196
-0.000107
-0.000123
-0.000341
-0.000448
-0.000498
-0.000466
-0.000433
-0.000349
-0.000282
-0.000296
-0.000139
-0.000126
0.000057
0.000038
0.000220
0.000216
0.000234
0.000173
0.000187
0.000111
0.000248
0.000414
0.000653
0.000614
0.000472
0.000347
0.000387
0.000593
0.000441
0.000313
0.000205
0.000349
0.000388
0.000344
0.000392
0.000356
0.000502
0.000732
0.001124
0.001185
0.000718
0.000172
-0.000260
-0.000221
-0.000265
-0.000136
-0.000059
0.000136
0.000269
0.000363
0.000677
0.001177
0.001053
0.000922
0.000372
0.000442
0.000294
0.000245
0.000236
0.000202
0.000002
-0.000295
-0.000498
-0.000344
-0.000434
-0.000482
-0.000653
-0.000309
-0.000095
0.000125
0.000256
0.000368
0.000422
0.000376
0.000285
0.000247
0.000263
0.000438
0.000508
0.000657
0.000831
0.000867
0.000629
0.000094
-0.000393
-0.000426
-0.000536
-0.000298
-0.000201
0.000030
0.000427
0.000546
0.000631
0.000365
0.000022
-0.000034
0.000092
0.000277
0.000491
0.000264
0.000258
0.000155
0.000270
0.000117
-0.000013
0.000016
0.000253
0.000130
-0.000105
-0.000360
0.000115
0.000566
0.000960
0.000734
0.001067
0.000767
0.000556
-0.000387
-0.000199
-0.000024
0.000468
0.000492
0.000730
0.000783
0.000719
0.000468
0.000648
0.000710
0.000818
0.000595
0.000726
0.000666
0.000448
0.000247
0.000429
0.000469
0.000427
0.000075
-0.000122
-0.000359
-0.000253
-0.000158
-0.000194
-0.000444
-0.000529
-0.000459
-0.000365
-0.000248
0.000068
0.000229
0.000113
-0.000226
-0.000265
0.000010
0.000364
0.000465
0.000511
0.000504
0.000618
0.000708
0.000673
0.000431
0.000040
-0.000367
-0.000570
-0.000484
-0.000305
-0.000196
-0.000089
0.000036
0.000198
0.000152
0.000014
0.000281
0.000496
0.000728
0.000484
0.000412
0.000483
0.000751
0.000714
0.000412
0.000048
0.000058
0.000249
0.000337
0.000083
-0.000111
-0.000213
0.000027
-0.000084
-0.000114
-0.000169
0.000247
0.000383
0.000386
0.000193
0.000356
0.000100
0.000018
-0.000150
-0.000051
0.000085
-0.000036
-0.000131
-0.000387
-0.000405
-0.000375
-0.000462
-0.000410
-0.000389
-0.000128
-0.000089
0.000114
-0.000091
-0.000287
-0.000597
-0.000656
-0.000230
0.000058
0.000428
0.000250
0.000179
0.000191
0.000150
0.000122
0.000079
-0.000004
-0.000020
-0.000212
-0.000126
-0.000232
-0.000316
-0.000611
-0.000530
-0.000236
0.000363
0.000977
0.001050
0.000777
0.000370
0.000232
0.000116
-0.000058
0.000188
0.000607
0.001147
0.000897
0.000448
-0.000070
0.000008
0.000276
0.000272
0.000122
-0.000132
-0.000054
0.000132
0.000275
0.000213
0.000099
0.000197
0.000326
0.000313
0.000103
0.000017
-0.000020
-0.000020
-0.000030
-0.000047
0.000163
0.000276
0.000385
0.000429
0.000361
0.000330
0.000097
-0.000101
-0.000253
-0.000242
0.000058
0.000034
0.000207
0.000037
0.000004
-0.000410
-0.000594
-0.000632
-0.000603
-0.000431
-0.000459
-0.000288
-0.000110
-0.000018
0.000161
0.000115
0.000242
0.000050
0.000021
-0.000150
-0.000205
-0.000326
-0.000400
-0.000398
-0.000401
-0.000058
0.000265
0.000061
-0.000151
-0.000391
0.000036
-0.000051
-0.000195
-0.000521
-0.000485
-0.000280
-0.000089
0.000157
0.000241
0.000494
0.000524
0.000386
-0.000020
-0.000119
-0.000164
-0.000223
-0.000356
-0.000441
-0.000103
0.000210
0.000531
0.000320
0.000168
-0.000038
-0.000038
-0.000148
-0.000334
-0.000455
-0.000460
-0.000449
-0.000454
-0.000490
-0.000352
-0.000304
-0.000114
-0.000119
-0.000210
-0.000229
-0.000284
-0.000145
-0.000109
-0.000087
-0.000044
-0.000073
0.000174
0.000097
0.000237
0.000121
0.000246
0.000003
0.000074
0.000133
0.000239
0.000125
-0.000046
-0.000050
-0.000076
-0.000104
-0.000372
-0.000490
-0.000417
-0.000098
-0.000056
-0.000126
-0.000334
-0.000277
-0.000192
0.000039
0.000353
0.000691
0.000650
0.000539
0.000195
0.000149
-0.000066
0.000079
0.000211
0.000314
0.000052
-0.000350
-0.000494
-0.000361
-0.000032
0.000183
0.000359
0.000484
0.000671
0.000697
0.000477
0.000204
0.000098
0.000385
0.000477
0.000486
0.000203
0.000067
-0.000123
-0.000127
0.000089
0.000354
0.000237
-0.000008
-0.000128
0.000228
0.000193
0.000175
-0.000104
-0.000068
-0.000112
-0.000092
-0.000112
-0.000222
-0.000270
-0.000253
-0.000133
-0.000042
0.000140
0.000162
0.000134
-0.000041
-0.000011
-0.000101
-0.000082
-0.000082
0.000067
0.000139
0.000125
0.000081
0.000381
0.000275
0.000311
0.000061
0.000204
0.000309
0.000198
0.000104
-0.000113
-0.000254
-0.000427
-0.000511
-0.000428
-0.000193
-0.000313
-0.000542
-0.000933
-0.000874
-0.000795
-0.000523
-0.000261
0.000184
0.000178
0.000223
0.000285
0.000289
0.000144
-0.000097
0.000118
0.000108
-0.000015
-0.000084
0.000007
0.000090
0.000152
0.000007
0.000043
0.000119
0.000222
0.000179
-0.000078
-0.000150
-0.000346
-0.000464
-0.000493
-0.000299
0.000116
0.000287
0.000318
0.000013
-0.000061
-0.000296
-0.000364
-0.000405
-0.000099
0.000085
0.000210
0.000183
0.000210
0.000045
-0.000113
-0.000253
-0.000155
-0.000235
-0.000478
-0.000632
-0.000392
-0.000177
0.000062
0.000011
0.000068
0.000109
0.000001
0.000008
-0.000103
0.000070
-0.000107
-0.000291
-0.000508
-0.000531
-0.000315
-0.000056
0.000406
0.000428
0.000468
0.000380
0.000345
0.000276
0.000169
0.000145
0.000103
0.000181
0.000352
0.000307
0.000093
-0.000329
-0.000270
0.000032
0.000391
0.000278
-0.000055
0.000089
0.000368
0.000715
0.000669
0.000635
0.000549
0.000383
0.000251
0.000051
-0.000072
-0.000160
-0.000160
-0.000151
-0.000117
0.000011
0.000080
0.000212
-0.000032
-0.000001
0.000128
0.000388
0.000405
0.000363
0.000777
0.000994
0.000776
0.000181
-0.000295
-0.000255
-0.000475
-0.000504
-0.000738
-0.000361
-0.000124
-0.000061
-0.000413
-0.000466
-0.000666
-0.000592
-0.000639
-0.000286
-0.000099
0.000016
0.000170
0.000272
0.000147
0.000273
0.000408
0.000602
0.000320
0.000045
-0.000060
-0.000030
-0.000087
-0.000148
-0.000329
-0.000314
-0.000182
0.000053
0.000289
0.000317
0.000294
0.000340
0.000334
0.000200
0.000248
0.000259
0.000360
0.000211
-0.000037
-0.000282
-0.000249
0.000190
0.000336
0.000190
0.000059
0.000147
0.000143
-0.000162
0.000094
0.000285
0.000394
-0.000141
-0.000307
-0.000304
-0.000109
0.000117
-0.000021
0.000007
-0.000023
0.000051
0.000013
-0.000161
0.000039
0.000181
0.000238
0.000406
0.000635
0.000763
0.001017
0.001051
0.001070
0.000453
-0.000001
-0.000209
-0.000082
0.000066
0.000020
0.000061
0.000036
0.000110
-0.000022
-0.000093
-0.000133
-0.000050
0.000248
0.000368
0.000503
0.000405
0.000581
0.000383
0.000086
-0.000451
-0.000341
-0.000178
-0.000013
-0.000404
-0.000390
-0.000298
-0.000110
-0.000326
-0.000064
-0.000078
0.000136
-0.000291
-0.000481
-0.000254
-0.000040
0.000414
0.000216
0.000109
0.000045
0.000045
0.000234
0.000360
0.000763
0.001076
0.001286
0.000864
0.000883
0.000822
0.000998
0.000837
0.000546
0.000334
-0.000013
-0.000156
-0.000312
-0.000383
-0.000427
-0.000266
-0.000459
-0.000525
-0.000821
-0.000778
-0.000549
-0.000192
0.000080
-0.000079
-0.000255
-0.000349
-0.000403
-0.000663
-0.000532
-0.000482
-0.000226
-0.000371
-0.000180
0.000003
0.000086
-0.000131
-0.000376
-0.000592
-0.000555
-0.000437
-0.000136
0.000020
0.000104
0.000118
0.000231
0.000479
0.000632
0.000781
0.000785
0.000742
0.000663
0.000461
0.000268
-0.000003
-0.000290
-0.000268
0.000086
0.000168
0.000102
-0.000233
-0.000105
-0.000288
-0.000542
-0.000774
-0.000592
-0.000523
-0.000159
0.000255
0.001080
0.001032
0.001078
0.000775
0.000975
0.000827
0.000398
0.000193
-0.000053
0.000089
-0.000137
-0.000306
-0.000389
-0.000236
-0.000185
-0.000114
-0.000019
0.000384
0.000461
0.000348
0.000006
-0.000107
-0.000107
-0.000210
-0.000251
-0.000292
-0.000335
-0.000302
-0.000301
-0.000203
-0.000109
-0.000002
-0.000027
-0.000075
-0.000040
0.000229
0.000072
-0.000201
-0.000534
-0.000411
-0.000030
0.000255
0.000253
0.000251
0.000064
-0.000083
-0.000674
-0.000893
-0.000725
-0.000384
-0.000157
-0.000143
0.000011
0.000142
0.000206
0.000002
-0.000061
-0.000042
0.000191
0.000166
-0.000014
-0.000327
-0.000356
-0.000160
0.000001
0.000356
0.000514
0.000724
0.000349
-0.000163
-0.000533
-0.000442
-0.000248
0.000036
0.000006
-0.000085
-0.000008
-0.000007
0.000220
0.000111
0.000297
0.000481
0.000474
0.000212
-0.000207
-0.000557
-0.000699
-0.000712
-0.000260
-0.000087
0.000021
-0.000180
-0.000022
0.000109
0.000397
0.000426
0.000333
0.000241
0.000318
0.000503
0.000361
0.000203
0.000211
0.000388
0.000626
0.000351
0.000217
-0.000059
0.000060
0.000055
0.000158
0.000465
0.000701
0.000510
0.000123
-0.000293
-0.000410
-0.000499
-0.000173
-0.000019
0.000057
-0.000395
-0.000440
-0.000594
-0.000442
-0.000256
0.000297
0.000278
0.000204
0.000021
0.000237
0.000378
0.000392
0.000381
0.000252
0.000083
-0.000092
-0.000220
-0.000332
-0.000228
-0.000051
0.000292
0.000416
0.000338
0.000159
0.000146
0.000578
0.000592
0.000572
0.000289
0.000520
0.000618
0.000392
0.000092
-0.000114
0.000064
0.000392
0.000646
0.000773
0.000574
0.000661
0.000719
0.000856
0.000862
0.000630
0.000344
-0.000241
-0.000093
-0.000037
0.000178
0.000034
0.000171
0.000137
0.000025
-0.000344
-0.000009
-0.000052
0.000252
-0.000119
-0.000191
-0.000467
-0.000350
-0.000117
0.000181
0.000278
0.000155
0.000075
0.000030
0.000150
0.000303
0.000385
0.000515
0.000479
0.000841
0.001157
0.001509
0.001128
0.000740
0.000587
0.000904
0.000939
0.000666
0.000387
0.000327
0.000267
-0.000000
-0.000030
0.000032
0.000168
0.000130
0.000118
0.000167
0.000339
0.000371
0.000549
0.000539
0.000551
0.000240
0.000053
-0.000089
-0.000159
-0.000307
-0.000429
-0.000477
-0.000417
-0.000222
0.000044
0.000098
-0.000028
-0.000113
-0.000150
0.000119
0.000241
0.000494
0.000387
0.000338
0.000300
0.000446
0.000353
0.000170
-0.000245
-0.000641
-0.000750
-0.000815
-0.000732
-0.000947
-0.000794
-0.000510
-0.000088
0.000129
0.000423
0.000363
0.000294
0.000031
0.000048
0.000160
0.000293
0.000457
0.000114
-0.000241
-0.000628
-0.000548
-0.000369
-0.000108
0.000164
0.000373
0.000533
0.000719
0.000564
0.000302
-0.000203
-0.000082
-0.000062
0.000052
-0.000249
-0.000304
-0.000224
-0.000074
-0.000035
0.000216
0.000151
0.000098
-0.000370
-0.000541
-0.000277
-0.000056
0.000105
-0.000128
-0.000389
-0.000545
-0.000736
-0.000761
-0.000581
-0.000320
-0.000056
-0.000040
0.000330
0.000382
0.000560
0.000356
0.000366
0.000255
0.000252
0.000530
0.000749
0.001025
0.000978
0.000866
0.000584
0.000158
0.000044
0.000164
0.000259
0.000286
0.000097
0.000226
0.000109
-0.000039
-0.000283
-0.000309
-0.000270
-0.000238
0.000131
0.000333
0.000540
0.000357
0.000312
0.000475
0.000763
0.000443
0.000290
-0.000114
0.000019
-0.000035
0.000063
0.000105
-0.000063
-0.000218
-0.000179
-0.000061
-0.000001
0.000091
0.000625
0.001236
0.001728
0.001693
0.001434
0.000991
0.000616
0.000364
-0.000007
-0.000032
-0.000124
-0.000003
0.000067
0.000015
0.000187
0.000260
0.000267
0.000309
0.000102
0.000110
-0.000089
-0.000072
-0.000025
-0.000009
-0.000014
0.000069
0.000033
-0.000220
-0.000256
-0.000122
0.000239
0.000331
0.000304
0.000152
-0.000049
0.000016
0.000290
0.000294
0.000365
0.000166
0.000256
0.000089
0.000035
-0.000027
-0.000092
-0.000080
-0.000096
-0.000087
-0.000225
-0.000214
-0.000105
0.000026
0.000034
-0.000117
-0.000347
-0.000414
-0.000245
0.000089
0.000018
-0.000057
-0.000123
0.000310
0.000366
0.000120
-0.000258
-0.000268
-0.000140
-0.000160
-0.000393
-0.000601
-0.000567
-0.000479
-0.000415
-0.000669
-0.000665
-0.000550
-0.000239
-0.000154
-0.000075
-0.000042
-0.000020
-0.000009
-0.000002
0.000002
0.000004
0.000005
0.000005
0.000006
0.000006
0.000006
0.000006
0.000006
0.000006
0.000006
0.000006
0.000006
0.000006
0.000006
0.000006
0.000006
0.000006
0.000006
0.000006
0.000006
0.000006
0.000006
0.000006
0.000006
0.000006
0.000006
0.000006
0.000006
0.000006
0.000006
0.000006
0.000006
0.000006
0.000006
0.000006
0.000006
0.000006
0.000006
0.000006
0.000006
0.000006
0.000006
0.000006
0.000006
0.000006
0.000006
0.000006
0.000006
0.000006
0.000006
0.000006
0.000006
0.000006
0.000006
0.000006
0.000006
0.000006
0.000006
0.000006
0.000006
0.000006
0.000006
0.000006
0.000006
0.000006
0.000006
0.000006
0.000006
0.000006
0.000006
0.000006
0.000006
0.000006
0.000006
0.000006
0.000006
0.000006
0.000006
0.000006
0.000006
0.000006
0.000006
0.000006
0.000006
0.000006
0.000006
0.000006
0.000006
0.000006
0.000006
0.000006
0.000006
0.000006
0.000006
0.000006
0.000006
0.000006
0.000006
0.000006
0.000006
0.000006
0.000006
0.000006
0.000006
0.000006
0.000006
0.000006
0.000006
0.000006
0.000006
0.000006
0.000006
0.000006
0.000006
0.000006
0.000006
0.000006
0.000006
0.000006
0.000006
0.000006
0.000006
0.000006
0.000006
0.000006
0.000006
0.000006
0.000006
0.000006
0.000006
0.000006
0.000006
0.000006
