1.217324
1.222241
1.221549
1.221297
1.220924
1.220548
1.220298
1.220009
1.219724
1.219476
1.219302
1.219364
1.219667
1.220228
1.220635
1.221114
1.221368
1.221599
1.221342
1.220991
1.220666
1.220651
1.220593
1.220448
1.220067
1.219753
1.219490
1.219597
1.219710
1.219865
1.219803
1.219626
1.219249
1.218866
1.218682
1.218737
1.218781
1.218777
1.218658
1.218603
1.218341
1.217878
1.217066
1.216270
1.215492
1.214418
1.212871
1.210944
1.208261
1.205244
1.201701
1.198269
1.193911
1.189557
1.185148
1.180534
1.175026
1.168216
1.162655
1.158375
1.153268
1.145626
1.136766
1.129966
1.123913
1.117253
1.109666
1.102570
1.098525
1.094331
1.091764
1.087595
1.086173
1.084796
1.084649
1.084611
1.085942
1.085457
1.085193
1.084670
1.084587
1.083746
1.082659
1.082477
1.081545
1.080061
1.080134
1.081129
1.082422
1.083012
1.082301
1.081840
1.080872
1.079263
1.076378
1.072659
1.070566
1.069168
1.067616
1.065776
1.063526
1.061861
1.061739
1.061355
1.060040
1.057909
1.054270
1.051210
1.047365
1.045778
1.043799
1.041636
1.037881
1.035513
1.033126
1.031784
1.030191
1.029905
1.031326
1.029824
1.026549
1.020522
1.020004
1.020390
1.022355
1.020707
1.019808
1.019521
1.020034
1.020145
1.021278
1.022269
1.023698
1.023851
1.024226
1.024894
1.024311
1.022317
1.021112
1.022690
1.026291
1.029083
1.030239
1.029662
1.029326
1.028461
1.028258
1.027733
1.027781
1.028504
1.028901
1.029378
1.032064
1.034895
1.037993
1.036577
1.037407
1.037478
1.039592
1.041284
1.042709
1.044158
1.043009
1.044805
1.046785
1.048949
1.048054
1.048375
1.048720
1.049972
1.049702
1.052091
1.054122
1.055083
1.053596
1.052318
1.052709
1.055119
1.057368
1.058877
1.057212
1.054389
1.051741
1.050428
1.050774
1.051102
1.051344
1.051229
1.050019
1.052207
1.054572
1.058566
1.058595
1.059437
1.060138
1.061850
1.063034
1.066903
1.070782
1.075529
1.079206
1.079757
1.081833
1.082160
1.085781
1.087332
1.091409
1.094859
1.097476
1.098003
1.098309
1.099318
1.100443
1.102846
1.108199
1.112278
1.114313
1.114300
1.114524
1.115081
1.113155
1.113319
1.114819
1.117937
1.119720
1.121511
1.122847
1.124519
1.125969
1.127381
1.130408
1.132331
1.134438
1.134144
1.135892
1.137027
1.138673
1.139086
1.139991
1.140798
1.141549
1.142264
1.142916
1.143921
1.145269
1.146899
1.148648
1.149634
1.150778
1.151998
1.151912
1.153102
1.153261
1.154856
1.153594
1.154224
1.154953
1.156797
1.157479
1.158059
1.158992
1.159820
1.161143
1.161653
1.161792
1.161903
1.162711
1.164378
1.164994
1.165159
1.164393
1.164982
1.165737
1.166892
1.167570
1.168040
1.168836
1.169352
1.169784
1.170458
1.170492
1.170685
1.169848
1.169571
1.169703
1.170358
1.171442
1.172284
1.173925
1.174477
1.175258
1.175232
1.176366
1.176765
1.176518
1.175461
1.175781
1.175922
1.177182
1.177915
1.179306
1.180507
1.181304
1.182099
1.182372
1.181979
1.181376
1.180781
1.180959
1.181320
1.181696
1.182039
1.183471
1.183716
1.183916
1.182903
1.183355
1.183752
1.183097
1.182744
1.182902
1.183764
1.184356
1.184640
1.185721
1.186110
1.186032
1.185715
1.186154
1.186994
1.187204
1.186822
1.185827
1.185528
1.186375
1.187588
1.188480
1.189708
1.189957
1.190242
1.189119
1.189805
1.189548
1.190073
1.189492
1.189728
1.189808
1.190053
1.190825
1.191556
1.191864
1.191871
1.191485
1.191725
1.191860
1.192670
1.193499
1.194484
1.194870
1.194720
1.194306
1.193669
1.192588
1.192545
1.192434
1.193087
1.192800
1.192648
1.192801
1.193391
1.193873
1.194144
1.194515
1.195078
1.195636
1.195537
1.196107
1.196241
1.196018
1.195238
1.195520
1.196155
1.196484
1.196246
1.195947
1.195506
1.194594
1.194494
1.194721
1.195560
1.195908
1.196590
1.197447
1.197813
1.197346
1.196818
1.197181
1.197883
1.198049
1.197928
1.197567
1.197888
1.198158
1.199131
1.198776
1.199101
1.198773
1.199058
1.198494
1.198127
1.198309
1.198832
1.199425
1.199277
1.198482
1.197427
1.197626
1.198323
1.199758
1.200706
1.201155
1.201070
1.200366
1.199661
1.199338
1.199508
1.199820
1.199721
1.199660
1.199486
1.199880
1.200241
1.201165
1.201313
1.201677
1.201454
1.201322
1.200658
1.200820
1.201501
1.202603
1.202791
1.202675
1.202195
1.202107
1.202069
1.202278
1.202303
1.202141
1.202553
1.202240
1.202188
1.201281
1.201384
1.201243
1.201279
1.201349
1.201499
1.201867
1.202055
1.202573
1.202989
1.203287
1.203370
1.203302
1.203483
1.204341
1.204710
1.205316
1.205509
1.206005
1.206601
1.206811
1.207028
1.207686
1.207731
1.208368
1.208532
1.209237
1.210219
1.210625
1.211191
1.211347
1.211791
1.212086
1.211796
1.211551
1.212052
1.212829
1.213428
1.213314
1.213129
1.213141
1.213270
1.213420
1.213672
1.213954
1.214329
1.214465
1.214684
1.214644
1.214638
1.214601
1.214670
1.214861
1.214972
1.215154
1.215194
1.215232
1.215287
1.215326
1.215513
1.215775
1.215935
1.215876
1.215899
1.216240
1.216888
1.217200
1.217011
1.216645
1.216528
1.216684
1.216814
1.216404
1.216004
1.215697
1.216074
1.216464
1.217082
1.217141
1.216743
1.216214
1.216218
1.216487
1.216325
1.215834
1.215574
1.215667
1.216033
1.216238
1.216122
1.216085
1.216144
1.216453
1.216151
1.216417
1.216590
1.217191
1.216913
1.216903
1.216756
1.216844
1.216899
1.216894
1.217020
1.216990
1.217138
1.217288
1.217330
1.217275
1.217220
1.217252
1.217406
1.217521
1.217179
1.217035
1.216953
1.217531
1.217650
1.217421
1.217396
1.217501
1.217798
1.217550
1.217385
1.217278
1.217306
1.216750
1.216652
1.216432
1.216804
1.216973
1.217193
1.217453
1.217452
1.217674
1.217842
1.217959
1.217800
1.217511
1.217224
1.217051
1.217065
1.217387
1.217355
1.217501
1.217500
1.217512
1.217341
1.216830
1.216813
1.216947
1.217147
1.217135
1.217037
1.217266
1.217271
1.217106
1.216730
1.216619
1.216630
1.216700
1.216774
1.216779
1.216795
1.216747
1.216696
1.216603
1.216262
1.215968
1.215830
1.216232
1.215931
1.216139
1.215722
1.215703
1.215244
1.214750
1.214794
1.214421
1.214318
1.213961
1.213292
1.212875
1.212542
1.212804
1.212732
1.212638
1.212552
1.212238
1.211719
1.211022
1.210790
1.210072
1.209002
1.207453
1.206049
1.204333
1.202230
1.199580
1.196616
1.193016
1.188573
1.183833
1.179281
1.174311
1.170053
1.165170
1.161348
1.156719
1.153653
1.152943
1.154352
1.157057
1.161386
1.168240
1.176081
1.183036
1.189026
1.194734
1.199867
1.203889
1.207894
1.211612
1.214872
1.216925
1.218720
1.220044
1.221111
1.221539
1.221604
1.221667
1.221675
1.222021
1.222353
1.222834
1.223051
1.223117
1.222996
1.223138
1.223077
1.223061
1.222905
1.223091
1.223161
1.223271
1.223248
1.223230
1.222976
1.222782
1.222786
1.223042
1.223101
1.223034
1.222885
1.222871
1.222973
1.223079
1.223136
1.223015
1.222856
1.222773
1.222927
1.223085
1.223274
1.223231
1.223231
1.223119
1.223063
1.222933
1.222809
1.222676
1.222558
1.222728
1.222908
1.223155
1.223182
1.223105
1.222973
1.222718
1.222539
1.222496
1.222543
1.222649
1.222756
1.222807
1.222868
1.222866
1.222991
1.223155
1.223271
1.223210
1.222939
1.222914
1.222766
1.222895
1.222929
1.223128
1.223179
1.223105
1.223091
1.223039
1.222936
1.222808
1.222720
1.222862
1.223091
1.223244
1.223084
1.222939
1.222950
1.223061
1.223028
1.222957
1.223002
1.223070
1.223090
1.223032
1.222925
1.222876
1.222820
1.222861
1.222925
1.223194
1.223402
1.223473
1.223403
1.223291
1.223255
1.223155
1.223259
1.223266
1.223379
1.223480
1.223343
1.223310
1.223151
1.223357
1.223302
1.223356
1.223254
1.223072
1.222744
1.222780
1.222924
1.223160
1.223042
1.223020
1.222911
1.222971
1.223015
1.223074
1.223081
1.222978
1.222859
1.222847
1.222966
1.223177
1.223294
1.223322
1.223200
1.223036
1.222860
1.223045
1.223119
1.223254
1.223142
1.223198
1.223323
1.223447
1.223524
1.223381
1.223376
1.223263
1.223181
1.223075
1.223084
1.223028
1.222808
1.222533
1.222407
1.222416
1.222541
1.222725
1.222912
1.223094
1.223241
1.223321
1.223335
1.223265
1.223216
1.223234
1.223031
1.223080
1.223103
1.223487
1.223420
1.223412
1.223311
1.223392
1.223322
1.223212
1.223060
1.223008
1.223077
1.223186
1.223123
1.222937
1.222670
1.222634
1.222829
1.223079
1.223210
1.223257
1.223147
1.223129
1.223069
1.223108
1.223291
1.223399
1.223566
1.223438
1.223400
1.223241
1.223033
1.223025
1.223003
1.223217
1.223221
1.223264
1.223267
1.223159
1.223156
1.223142
1.223142
1.223097
1.223016
1.222989
1.223068
1.223088
1.223120
1.223121
1.223092
1.223004
1.222895
1.222885
1.222862
1.222843
1.222841
1.222931
1.222977
1.222923
1.222840
1.222829
1.222758
1.222879
1.222929
1.223085
1.223077
1.223110
1.223144
1.223131
1.223130
1.223248
1.223228
1.223241
1.223186
1.223266
1.223296
1.223198
1.222987
1.222850
1.222711
1.222724
1.222697
1.222778
1.222822
1.222861
1.222921
1.223030
1.223079
1.223143
1.223205
1.223269
1.223195
1.222997
1.222743
1.222655
1.222776
1.223078
1.223291
1.223377
1.223158
1.223002
1.222816
1.222848
1.222881
1.222965
1.222979
1.222859
1.222837
1.222835
1.223001
1.223122
1.223182
1.223087
1.222894
1.222795
1.222769
1.222869
1.223016
1.223211
1.223175
1.223145
1.223039
1.222982
1.222984
1.222963
1.223060
1.223037
1.222941
1.222927
1.222886
1.222908
1.222712
1.222675
1.222726
1.222834
1.222755
1.222716
1.222730
1.222828
1.222860
1.222985
1.223128
1.223230
1.223162
1.223046
1.222960
1.222881
1.222748
1.222658
1.222694
1.222752
1.222742
1.222696
1.222797
1.222951
1.223093
1.223108
1.222997
1.222935
1.222918
1.223050
1.223098
1.223261
1.223347
1.223409
1.223271
1.223117
1.223009
1.222994
1.222956
1.223030
1.223037
1.223080
1.223089
1.223072
1.223152
1.223199
1.223218
1.223105
1.222943
1.222908
1.222865
1.223060
1.222949
1.222978
1.222784
1.222880
1.222909
1.222870
1.222757
1.222889
1.223045
1.223306
1.223343
1.223330
1.223019
1.222729
1.222565
1.222803
1.222934
1.222976
1.222796
1.222712
1.222707
1.222837
1.223011
1.223129
1.223133
1.223120
1.223148
1.223153
1.223105
1.223063
1.223153
1.223306
1.223300
1.223329
1.223220
1.223172
1.223072
1.222874
1.222846
1.222903
1.223061
1.223141
1.223063
1.223024
1.223011
1.222910
1.222895
1.222880
1.223100
1.223054
1.222990
1.222840
1.223034
1.223163
1.223193
1.222996
1.222973
1.222945
1.222996
1.222863
1.222784
1.222863
1.222843
1.222911
1.222881
1.222992
1.223144
1.223185
1.223138
1.222935
1.222798
1.222749
1.222775
1.222762
1.222694
1.222644
1.222688
1.222705
1.222859
1.222948
1.223112
1.223083
1.223095
1.223070
1.223025
1.222959
1.222901
1.223032
1.223131
1.223237
1.223125
1.223044
1.223029
1.223152
1.223202
1.223206
1.223174
1.223257
1.223270
1.223240
1.223126
1.223054
1.222890
1.222933
1.222951
1.223035
1.223031
1.223116
1.223187
1.223090
1.223078
1.223000
1.223096
1.223133
1.223238
1.223276
1.223206
1.223228
1.223266
1.223263
1.223286
1.223243
1.223275
1.223178
1.223169
1.223147
1.223172
1.223180
1.223130
1.223167
1.223232
1.223354
1.223368
1.223275
1.223174
1.223093
1.223036
1.223015
1.223016
1.223090
1.223128
1.223153
1.223131
1.223130
1.223051
1.223026
1.222966
1.222954
1.223013
1.223008
1.223097
1.223077
1.223115
1.223141
1.223070
1.222990
1.222995
1.223024
1.223133
1.223106
1.223095
1.223009
1.222931
1.222877
1.222937
1.222933
1.222919
1.222932
1.223062
1.223177
1.223198
1.223056
1.223021
1.222939
1.223053
1.222982
1.222868
1.222861
1.222849
1.222976
1.222912
1.222914
1.222989
1.223003
1.222989
1.222983
1.222928
1.222946
1.222834
1.222947
1.222880
1.222916
1.222919
1.223069
1.223146
1.223170
1.223279
1.223195
1.223167
1.223079
1.223206
1.223153
1.223151
1.223035
1.223071
1.223111
1.223221
1.223207
1.223073
1.222878
1.222854
1.222938
1.223115
1.223192
1.223217
1.223174
1.223138
1.223119
1.223116
1.223068
1.223039
1.223085
1.223193
1.223196
1.223166
1.223102
1.223021
1.223048
1.223086
1.223205
1.223171
1.223077
1.223045
1.223008
1.222992
1.222984
1.222998
1.223042
1.223004
1.223009
1.222998
1.222983
1.222909
1.222904
1.222917
1.222959
1.222938
1.222875
1.222928
1.222978
1.223062
1.223012
1.223000
1.222980
1.222947
1.222956
1.222955
1.223053
1.223096
1.223183
1.223192
1.223215
1.223198
1.223165
1.223053
1.222930
1.222827
1.222784
1.222808
1.222884
1.222943
1.222947
1.222971
1.223090
1.223221
1.223262
1.223256
1.223228
1.223189
1.223066
1.222972
1.222943
1.223001
1.223099
1.223102
1.223058
1.223034
1.223065
1.223098
1.223072
1.223058
1.223074
1.223116
1.223121
1.223167
1.223173
1.223204
1.223219
1.223189
1.223132
1.222976
1.222887
1.222832
1.222848
1.222874
1.222908
1.222905
1.222907
1.222934
1.223005
1.223061
1.223069
1.223021
1.222906
1.222824
1.222836
1.222940
1.223066
1.223107
1.223116
1.223060
1.222995
1.222980
1.222985
1.223071
1.223155
1.223153
1.223183
1.223127
1.223141
1.223100
1.223072
1.223074
1.223053
1.223030
1.223027
1.222996
1.222964
1.222936
1.222982
1.222999
1.222952
1.222866
1.222931
1.222944
1.222958
1.222867
1.222876
1.222871
1.222898
1.222929
1.223051
1.223039
1.223047
1.223002
1.223012
1.222994
1.222939
1.222952
1.223029
1.223050
1.223077
1.223029
1.223111
1.223137
1.223172
1.223133
1.223110
1.223122
1.223147
1.223224
1.223240
1.223223
1.223087
1.222995
1.222963
1.223047
1.223053
1.222992
1.222870
1.222828
1.222751
1.222789
1.222882
1.222991
1.222982
1.222931
1.222987
1.223045
1.223085
1.223048
1.223039
1.223066
1.223085
1.223102
1.223034
1.222971
1.222977
1.222976
1.222943
1.222934
1.222997
1.223078
1.223037
1.222903
1.222856
1.222889
1.222974
1.222992
1.222936
1.222898
1.222937
1.223090
1.223220
1.223300
1.223281
1.223248
1.223254
1.223258
1.223249
1.223139
1.223086
1.222955
1.222964
1.223006
1.223105
1.223172
1.223195
1.223343
1.223278
1.223100
1.223000
1.223026
1.223127
1.223224
1.223290
1.223290
1.223013
1.222874
1.222863
1.223062
1.223265
1.223313
1.223294
1.223166
1.223135
1.223191
1.223176
1.223217
1.223190
1.223260
1.223225
1.223160
1.223133
1.223169
1.223173
1.223159
1.223173
1.223235
1.223238
1.223183
1.223099
1.223050
1.222984
1.222929
1.222914
1.222993
1.223107
1.223114
1.223062
1.222962
1.222998
1.222989
1.223014
1.222982
1.223089
1.223131
1.223178
1.223138
1.223117
1.223152
1.223197
1.223274
1.223232
1.223157
1.223107
1.223095
1.223097
1.223100
1.223099
1.223107
1.223087
1.223058
1.223078
1.223092
1.223124
1.223074
1.222993
1.222917
1.222871
1.222878
1.222954
1.223009
1.223033
1.223007
1.223036
1.223081
1.223097
1.223070
1.223034
1.222970
1.222856
1.222811
1.222846
1.222944
1.223000
1.223019
1.223024
1.223009
1.222993
1.222983
1.223073
1.223097
1.223110
1.223007
1.222952
1.222969
1.223019
1.223096
1.223022
1.222997
1.222955
1.223013
1.223001
1.222972
1.222920
1.222869
1.222874
1.222922
1.222999
1.223031
1.222999
1.223012
1.223010
1.223070
1.223089
1.223106
1.223064
1.223013
1.223008
1.223026
1.223070
1.223074
1.223065
1.222995
1.222999
1.223035
1.223112
1.223101
1.223031
1.222958
1.222944
1.223007
1.223008
1.223029
1.223068
1.223046
1.223023
1.222926
1.222922
1.222909
1.222837
1.222847
1.222829
1.222923
1.223043
1.223069
1.223062
1.222935
1.222951
1.222985
1.223049
1.223048
1.223095
1.223015
1.223001
1.222982
1.223042
1.223076
1.223054
1.223088
1.223066
1.223094
1.223113
1.223163
1.223133
1.223108
1.223082
1.223102
1.223094
1.223064
1.223016
1.222999
1.223012
1.223064
1.223092
1.223124
1.223135
1.223164
1.223126
1.223061
1.222979
1.223003
1.222981
1.223007
1.223005
1.223073
1.223100
1.223101
1.223086
1.223038
1.223017
1.222986
1.222992
1.223014
1.222989
1.222963
1.222857
1.222841
1.222862
1.222984
1.223079
1.223146
1.223161
1.223199
1.223194
1.223122
1.223033
1.223000
1.223036
1.223072
1.223071
1.223089
1.223100
1.223145
1.223142
1.223076
1.222987
1.222903
1.222921
1.222959
1.223031
1.223064
1.223076
1.223058
1.223027
1.223029
1.222992
1.223019
1.222979
1.223009
1.223002
1.223031
1.223012
1.222983
1.222977
1.223007
1.222993
1.222977
1.222958
1.222962
1.222991
1.222997
1.223000
1.222965
1.222971
1.222987
1.223000
1.223010
1.223038
1.223093
1.223142
1.223102
1.223045
1.222978
1.223010
1.223038
1.223061
1.223050
1.223046
1.223052
1.223101
1.223146
1.223172
1.223153
1.223118
1.223110
1.223104
1.223097
1.223079
1.223071
1.223068
1.223046
1.222998
1.222912
1.222876
1.222921
1.223019
1.223051
1.223068
1.223084
1.223163
1.223172
1.223146
1.223045
1.223009
1.223047
1.223091
1.223110
1.223083
1.223100
1.223146
1.223204
1.223259
1.223240
1.223114
1.223007
1.222981
1.223032
1.223043
1.223021
1.223036
1.222981
1.223020
1.223020
1.223089
1.223045
1.223033
1.223047
1.223060
1.223056
1.223112
1.223105
1.223126
1.223083
1.223125
1.223163
1.223190
1.223201
1.223211
1.223221
1.223230
1.223211
1.223140
1.223102
1.223056
1.223049
1.223032
1.222935
1.222881
1.222841
1.222925
1.222987
1.223005
1.222977
1.222940
1.222986
1.223020
1.223031
1.222983
1.222998
1.223025
1.223068
1.223105
1.223128
1.223096
1.223045
1.223031
1.223074
1.223044
1.223023
1.222994
1.223052
1.223096
1.223082
1.223000
1.222956
1.222961
1.223023
1.223041
1.223014
1.222991
1.222979
1.223024
1.223026
1.222979
1.222928
1.222939
1.222956
1.223025
1.223044
1.223090
1.223049
1.223073
1.223101
1.223137
1.223100
1.223089
1.223105
1.223143
1.223148
1.223097
1.223008
1.222945
1.222951
1.222945
1.222975
1.222968
1.223017
1.223043
1.223111
1.223182
1.223221
1.223143
1.223082
1.223033
1.223072
1.223099
1.223143
1.223151
1.223141
1.223088
1.223069
1.223072
1.223095
1.223116
1.223070
1.223062
1.223047
1.223093
1.223076
1.223095
1.223114
1.223166
1.223130
1.223110
1.223063
1.223062
1.223054
1.223018
1.222997
1.222970
1.223023
1.223035
1.223054
1.223037
1.223083
1.223122
1.223138
1.223118
1.223081
1.223056
1.223026
1.222995
1.222969
1.222908
1.222876
1.222873
1.222950
1.222977
1.223038
1.223052
1.223086
1.223077
1.223077
1.223095
1.223110
1.223111
1.223110
1.223104
1.223103
1.223070
1.223041
1.223015
1.222992
1.222899
1.222910
1.222949
1.223061
1.223075
1.223087
1.223119
1.223109
1.223032
1.222954
1.222965
1.223035
1.223066
1.223043
1.223036
1.223016
1.222989
1.223011
1.223066
1.223153
1.223179
1.223174
1.223125
1.223052
1.222973
1.222967
1.223014
1.223086
1.223111
1.223121
1.223064
1.223053
1.223029
1.223085
1.223082
1.223079
1.223050
1.223030
1.222991
1.222980
1.222964
1.222953
1.222933
1.222979
1.223038
1.223085
1.223096
1.223073
1.223052
1.223016
1.223009
1.222972
1.222934
1.222892
1.222919
1.222976
1.223023
1.222957
1.222942
1.222957
1.223045
1.223035
1.222986
1.222994
1.222957
1.222977
1.222970
1.223009
1.223033
1.223047
1.223103
1.223119
1.223115
1.223089
1.223093
1.223036
1.223010
1.222984
1.223042
1.223039
1.223007
1.222955
1.222931
1.222959
1.222926
1.222881
1.222810
1.222836
1.222870
1.222947
1.223006
1.223089
1.223076
1.223099
1.223073
1.223077
1.223061
1.223067
1.223082
1.223043
1.223048
1.223002
1.222988
1.222940
1.222974
1.222986
1.222996
1.222988
1.223032
1.223043
1.223080
1.223095
1.223147
1.223141
1.223077
1.223008
1.222978
1.222979
1.222993
1.222992
1.222991
1.222995
1.223000
1.223021
1.223032
1.223079
1.223074
1.223063
1.223019
1.223012
1.223004
1.223013
1.223043
1.223062
1.223097
1.223089
1.223056
1.222998
1.222985
1.223009
1.223028
1.223060
1.223065
1.223080
1.223053
1.223036
1.223010
1.223034
1.223062
1.223079
1.223044
1.223063
1.223087
1.223121
1.223123
1.223126
1.223119
1.223078
1.223081
1.223084
1.223111
1.223095
1.223079
1.223091
1.223100
1.223119
1.223088
1.223057
1.223040
1.223056
1.223001
1.223012
1.222934
1.222961
1.222928
1.222960
1.222963
1.222960
1.222984
1.223032
1.223064
1.223081
1.223072
1.223077
1.223044
1.223016
1.222979
1.222973
1.222953
1.222956
1.222996
1.223046
1.223086
1.223095
1.223109
1.223118
1.223138
1.223152
1.223135
1.223110
1.223095
1.223069
1.223029
1.222972
1.222986
1.223036
1.223116
1.223170
1.223211
1.223171
1.223096
1.222984
1.223021
1.223022
1.223069
1.223037
1.223050
1.223021
1.223000
1.223009
1.223029
1.223009
1.222996
1.223029
1.223076
1.223111
1.223109
1.223103
1.223052
1.222992
1.222984
1.222996
1.223004
1.222998
1.223005
1.223009
1.222969
1.222969
1.222932
1.222944
1.222937
1.222998
1.223050
1.223076
1.223079
1.223060
1.223054
1.223054
1.223061
1.223048
1.223030
1.223014
1.223012
1.222997
1.223032
1.223044
1.223073
1.223083
1.223111
1.223067
1.223009
1.222974
1.223014
1.223040
1.223043
1.223046
1.223051
1.223061
1.223092
1.223138
1.223147
1.223143
1.223091
1.223052
1.223012
1.223024
1.223063
1.223098
1.223026
1.223028
1.223014
1.223065
1.223054
1.223048
1.223047
1.222995
1.222988
1.222992
1.223063
1.223083
1.223078
1.223080
1.223083
1.223083
1.223014
1.222929
1.222927
1.222968
1.223061
1.223102
1.223057
1.222999
1.222940
1.222978
1.222985
1.222987
1.222964
1.223005
1.223017
1.223048
1.223040
1.223037
1.222989
1.222937
1.222927
1.222975
1.223028
1.223081
1.223103
1.223120
1.223090
1.223093
1.223079
1.223068
1.223019
1.223008
1.223019
1.223041
1.223045
1.222964
1.222909
1.222892
1.222958
1.223004
1.223016
1.223031
1.223015
1.223021
1.222993
1.222943
1.222861
1.222884
1.222905
1.222942
1.222900
1.222934
1.222978
1.223054
1.223129
1.223126
1.223109
1.223072
1.223115
1.223100
1.223122
1.223103
1.223113
1.223094
1.223098
1.223134
1.223171
1.223106
1.223079
1.223036
1.223109
1.223126
1.223105
1.223049
1.222977
1.222983
1.222995
1.223052
1.223041
1.223004
1.223024
1.223059
1.223140
1.223136
1.223133
1.223114
1.223096
1.223095
1.223095
1.223117
1.223106
1.223062
1.223030
1.223015
1.223058
1.223084
1.223127
1.223136
1.223118
1.223085
1.223086
1.223080
1.223071
1.223028
1.223008
1.223041
1.223090
1.223127
1.223116
1.223116
1.223085
1.223052
1.222988
1.222999
1.223009
1.223030
1.222991
1.223004
1.223029
1.223080
1.223093
1.223096
1.223073
1.223053
1.223047
1.223060
1.223085
1.223087
1.223071
1.223043
1.223035
1.223028
1.223017
1.222999
1.223001
1.223009
1.223020
1.223026
1.223050
1.223050
1.223043
1.222991
1.222998
1.223008
1.223019
1.222968
1.222974
1.222987
1.223020
1.222986
1.222996
1.222973
1.222988
1.222991
1.223020
1.223048
1.223046
1.223045
1.223016
1.223039
1.223075
1.223116
1.223118
1.223110
1.223067
1.223040
1.223039
1.223060
1.223055
1.223025
1.223010
1.223001
1.223008
1.223026
1.223062
1.223003
1.222964
1.222909
1.222950
1.222926
1.222906
1.222858
1.222834
1.222840
1.222909
1.222987
1.223038
1.223053
1.223048
1.223035
1.222987
1.223005
1.223030
1.223060
1.223046
1.223027
1.223030
1.223039
1.223072
1.223121
1.223132
1.223147
1.223131
1.223144
1.223137
1.223111
1.223093
1.223074
1.223096
1.223077
1.223053
1.223014
1.223010
1.223015
1.223015
1.223009
1.223010
1.223003
1.223001
1.222988
1.223002
1.223021
1.223040
1.223035
1.223013
1.222990
1.223020
1.223058
1.223078
1.223077
1.223079
1.223075
1.223032
1.223023
1.223038
1.223074
1.223071
1.223025
1.223027
1.223024
1.223045
1.223031
1.223045
1.223062
1.223061
1.223025
1.223004
1.223007
1.223051
1.223043
1.223036
1.223021
1.223024
1.222970
1.222944
1.222961
1.223026
1.223054
1.223083
1.223097
1.223107
1.223093
1.223083
1.223081
1.223068
1.223037
1.223011
1.222965
1.222952
1.222941
1.222974
1.223011
1.223033
1.223046
1.223040
1.223031
1.223016
1.222997
1.222988
1.223019
1.223010
1.223026
1.223037
1.223076
1.223097
1.223084
1.223086
1.223076
1.223024
1.222990
1.222977
1.223027
1.223045
1.223030
1.222980
1.222956
1.222962
1.222981
1.222980
1.222998
1.223049
1.223099
1.223101
1.223049
1.223043
1.222992
1.222994
1.222981
1.223016
1.223001
1.222952
1.222902
1.222913
1.222920
1.222943
1.222928
1.222922
1.222927
1.222961
1.223039
1.223051
1.223050
1.223025
1.223071
1.223095
1.223113
1.223108
1.223111
1.223102
1.223085
1.223051
1.223021
1.223037
1.223045
1.223062
1.223043
1.223055
1.223061
1.223080
1.223068
1.223029
1.222978
1.222987
1.223007
1.223003
1.223002
1.223051
1.223103
1.223083
1.223029
1.222938
1.222915
1.222939
1.223023
1.223060
1.223070
1.223096
1.223138
1.223135
1.223107
1.223060
1.223048
1.223036
1.223027
1.223010
1.223000
1.223014
1.223032
1.223050
1.223050
1.223080
1.223046
1.223012
1.222940
1.222952
1.222977
1.223014
1.223033
1.222985
1.223007
1.223017
1.223078
1.223089
1.223025
1.222970
1.222892
1.222926
1.222974
1.223051
1.223121
1.223159
1.223165
1.223171
1.223165
1.223131
1.223124
1.223073
1.223082
1.223070
1.223102
1.223148
1.223151
1.223163
1.223105
1.223047
1.222999
1.222976
1.222942
1.222991
1.223024
1.223071
1.223030
1.223005
1.222992
1.222978
1.222931
1.222910
1.222903
1.222959
1.222990
1.223040
1.223014
1.222988
1.222937
1.222945
1.222972
1.223020
1.223071
1.223095
1.223060
1.223023
1.223017
1.223015
1.223020
1.223006
1.223039
1.223042
1.223027
1.223008
1.223005
1.223018
1.223057
1.223078
1.223092
1.223079
1.223050
1.223027
1.223017
1.223059
1.223058
1.223055
1.223029
1.223060
1.223038
1.223033
1.223011
1.223033
1.223027
1.222981
1.222944
1.222931
1.222995
1.223041
1.223076
1.223076
1.223083
1.223077
1.223071
1.223067
1.223035
1.223052
1.223045
1.223067
1.223056
1.223055
1.223072
1.223075
1.223039
1.223052
1.223005
1.223040
1.223032
1.223048
1.223046
1.223015
1.223018
1.223009
1.222990
1.222982
1.222987
1.223010
1.223013
1.222994
1.222961
1.222986
1.222954
1.222968
1.222965
1.223031
1.223054
1.223042
1.223027
1.223054
1.223052
1.223058
1.223037
1.223064
1.223102
1.223105
1.223077
1.223009
1.222976
1.222959
1.222971
1.222989
1.223010
1.223014
1.223020
1.223035
1.223062
1.223084
1.223075
1.223040
1.222996
1.223001
1.223019
1.223031
1.223037
1.223039
1.223067
1.223070
1.223095
1.223059
1.223040
1.223013
1.223042
1.223058
1.223023
1.222968
1.222896
1.222891
1.222893
1.222928
1.222972
1.223045
1.223070
1.223089
1.223093
1.223120
1.223129
1.223116
1.223098
1.223039
1.223001
1.222975
1.223005
1.223043
1.223049
1.223045
1.223025
1.223048
1.223043
1.223095
1.223119
1.223154
1.223021
1.222985
1.222939
1.222995
1.222996
1.223054
1.223104
1.223104
1.223111
1.223084
1.223068
1.222989
1.223006
1.223015
1.223059
1.223061
1.223093
1.223109
1.223116
1.223112
1.223107
1.223094
1.223085
1.223087
1.223064
1.223062
1.223035
1.223038
1.223011
1.223012
1.223009
1.223018
1.223016
1.223027
1.223007
1.222983
1.222948
1.222953
1.222974
1.222993
1.222987
1.222957
1.222979
1.222998
1.223013
1.222992
1.222987
1.222993
1.222986
1.222991
1.222970
1.222936
1.222879
1.222870
1.222938
1.223018
1.223081
1.223076
1.223082
1.223063
1.223052
1.223023
1.223004
1.222990
1.222944
1.222871
1.222889
1.222908
1.222989
1.222979
1.223000
1.223007
1.223009
1.223014
1.223043
1.223086
1.223116
1.223094
1.223107
1.223114
1.223139
1.223089
1.223057
1.223025
1.223006
1.222989
1.222982
1.222988
1.223002
1.223007
1.223005
1.222979
1.222969
1.222947
1.222922
1.222917
1.222951
1.223030
1.223101
1.223106
1.223122
1.223087
1.223073
1.223039
1.222981
1.222963
1.222951
1.222990
1.223040
1.223048
1.223030
1.223003
1.222972
1.223005
1.223006
1.223021
1.223004
1.223026
1.223045
1.223041
1.223006
1.223024
1.223059
1.223096
1.223026
1.222960
1.222903
1.222936
1.222887
1.222931
1.222962
1.223100
1.223072
1.223047
1.222975
1.222971
1.222936
1.222929
1.222938
1.222975
1.222949
1.222939
1.222924
1.222956
1.222937
1.222946
1.222978
1.223007
1.222981
1.222975
1.222981
1.223032
1.223061
1.223096
1.223080
1.223066
1.223072
1.223108
1.223121
1.223111
1.223097
1.223080
1.223033
1.223010
1.223027
1.223076
1.223082
1.223042
1.222990
1.222975
1.222969
1.222970
1.222953
1.222940
1.222945
1.222980
1.223038
1.223097
1.223127
1.223114
1.223088
1.223072
1.223056
1.223038
1.223014
1.223021
1.223041
1.223002
1.222971
1.222937
1.222973
1.222983
1.222973
1.222933
1.222939
1.222983
1.223036
1.223035
1.223007
1.222994
1.223031
1.223060
1.223074
1.223039
1.223056
1.223060
1.223068
1.223007
1.222987
1.222987
1.223015
1.222991
1.223029
1.223041
1.223065
1.223051
1.223031
1.223049
1.223063
1.223100
1.223103
1.223098
1.223111
1.223103
1.223100
1.223062
1.223056
1.223027
1.223057
1.223085
1.223131
1.223139
1.223077
1.223035
1.222981
1.223007
1.223017
1.223015
1.223021
1.223025
1.223032
1.223044
1.223046
1.223074
1.223062
1.223077
1.223090
1.223133
1.223121
1.223078
1.222990
1.222900
1.222890
1.222930
1.222989
1.223009
1.223026
1.223052
1.223016
1.222955
1.222875
1.222912
1.222978
1.223054
1.223042
1.223003
1.223003
1.223026
1.223063
1.223051
1.223024
1.223003
1.223012
1.223029
1.223014
1.222996
1.222998
1.223028
1.223041
1.223046
1.223046
1.223048
1.223050
1.223019
1.223003
1.222987
1.222981
1.222990
1.222995
1.223029
1.223058
1.223080
1.223079
1.223035
1.223038
1.223013
1.223038
1.223043
1.223103
1.223130
1.223136
1.223132
1.223106
1.223111
1.223086
1.223059
1.223046
1.223020
1.223026
1.223008
1.223036
1.223040
1.223065
1.223073
1.223091
1.223102
1.223102
1.223102
1.223052
1.223005
1.223034
1.223065
1.223101
1.223038
1.223051
1.223072
1.223120
1.223114
1.223084
1.223056
1.223020
1.223008
1.222971
1.222967
1.222987
1.223046
1.223061
1.223067
1.223076
1.223096
1.223108
1.223058
1.223013
1.222966
1.222997
1.223019
1.223049
1.223049
1.223065
1.223092
1.223110
1.223111
1.223109
1.223110
1.223115
1.223095
1.223088
1.223060
1.223061
1.223074
1.223077
1.223085
1.223065
1.223059
1.223056
1.223050
1.223054
1.223018
1.223029
1.223009
1.223026
1.223007
1.223043
1.223032
1.223024
1.223008
1.223025
1.223050
1.223051
1.223054
1.223059
1.223098
1.223115
1.223104
1.223058
1.223052
1.223062
1.223092
1.223084
1.223071
1.223038
1.222992
1.222942
1.222948
1.222964
1.223015
1.223022
1.223053
1.223032
1.223012
1.222997
1.223036
1.223095
1.223116
1.223096
1.223048
1.223017
1.222991
1.222973
1.222945
1.222941
1.222974
1.223013
1.223029
1.222987
1.222974
1.222972
1.223014
1.223034
1.223061
1.223062
1.223030
1.222992
1.223009
1.223045
1.223062
1.223010
1.223015
1.223018
1.223059
1.223053
1.223060
1.223057
1.223060
1.223076
1.223083
1.223080
1.223063
1.223049
1.223023
1.223020
1.223024
1.223049
1.223045
1.223058
1.223055
1.223055
1.223034
1.223023
1.223025
1.223031
1.222988
1.223003
1.222998
1.223034
1.223013
1.222998
1.223014
1.223028
1.223060
1.223081
1.223106
1.223118
1.223106
1.223072
1.223089
1.223123
1.223180
1.223171
1.223160
1.223120
1.223082
1.223016
1.223017
1.223011
1.223002
1.223001
1.223022
1.223058
1.223026
1.223028
1.223046
1.223056
1.223042
1.223030
1.223021
1.223042
1.223037
1.223026
1.223011
1.223017
1.223055
1.223065
1.223094
1.223111
1.223115
1.223087
1.223026
1.223001
1.222997
1.223041
1.223052
1.223087
1.223097
1.223103
1.223058
1.223031
1.223013
1.223017
1.223013
1.223037
1.223060
1.223080
1.223066
1.223078
1.223113
1.223136
1.223101
1.223069
1.223034
1.223042
1.223033
1.223027
1.223043
1.223042
1.223058
1.223033
1.223059
1.223086
1.223118
1.223121
1.223089
1.223052
1.222984
1.222981
1.222975
1.222988
1.222993
1.223003
1.223019
1.223022
1.223028
1.223017
1.222992
1.222998
1.223030
1.223092
1.223083
1.223039
1.222986
1.223003
1.223051
1.223030
1.222989
1.222939
1.222945
1.222950
1.222963
1.222987
1.223007
1.223036
1.223054
1.223067
1.223067
1.223065
1.223061
1.223042
1.223032
1.223012
1.223048
1.223043
1.223025
1.222987
1.222984
1.222990
1.222930
1.222898
1.222930
1.223017
1.223087
1.223081
1.223113
1.223117
1.223151
1.223096
1.223062
1.223052
1.223104
1.223112
1.223141
1.223130
1.223137
1.223085
1.223058
1.223041
1.223019
1.223003
1.223022
1.223003
1.222984
1.222955
1.222997
1.223037
1.223052
1.223048
1.223056
1.223065
1.223091
1.223089
1.223070
1.223036
1.223001
1.222997
1.223000
1.222994
1.222994
1.223014
1.223007
1.223005
1.222991
1.223013
1.223049
1.223085
1.223080
1.223015
1.222994
1.223016
1.223035
1.223022
1.223022
1.223067
1.223030
1.223002
1.222986
1.223064
1.223088
1.223088
1.223059
1.223026
1.223046
1.223042
1.223047
1.223036
1.223041
1.223067
1.223038
1.223017
1.223009
1.222984
1.222950
1.222932
1.222894
1.222890
1.222887
1.222977
1.223043
1.223074
1.223055
1.223034
1.223040
1.223034
1.223038
1.223027
1.223047
1.223057
1.223063
1.223051
1.223007
1.222990
1.222970
1.222984
1.222958
1.222987
1.223031
1.223109
1.223093
1.223069
1.223045
1.223102
1.223100
1.223087
1.223059
1.223091
1.223053
1.223055
1.223023
1.223086
1.223114
1.223081
1.223049
1.222983
1.223012
1.223027
1.223037
1.223037
1.223009
1.222991
1.222932
1.222886
1.222855
1.222917
1.222914
1.222923
1.222897
1.222921
1.222963
1.222994
1.223045
1.223066
1.223089
1.223099
1.223106
1.223082
1.223110
1.223120
1.223163
1.223157
1.223124
1.223071
1.223032
1.223055
1.223081
1.223094
1.223102
1.223140
1.223121
1.223114
1.223076
1.223098
1.223070
1.223043
1.223031
1.223062
1.223098
1.223130
1.223125
1.223107
1.223063
1.223040
1.223028
1.223026
1.223010
1.222973
1.222951
1.222929
1.222928
1.222935
1.222946
1.222976
1.223004
1.223044
1.223086
1.223083
1.223031
1.223019
1.223028
1.223077
1.223059
1.223085
1.223123
1.223157
1.223130
1.223120
1.223067
1.223006
1.222885
1.222892
1.222886
1.222930
1.222901
1.222922
1.222985
1.223015
1.223051
1.223030
1.223063
1.223088
1.223100
1.223078
1.223070
1.223060
1.223046
1.222987
1.222976
1.222992
1.223042
1.223059
1.223059
1.223074
1.223080
1.223086
1.223092
1.223088
1.223087
1.223073
1.223059
1.223044
1.223047
1.223054
1.223049
1.223010
1.223033
1.223073
1.223122
1.223103
1.223048
1.223006
1.223006
1.223007
1.223034
1.223055
1.223142
1.223174
1.223149
1.223099
1.223066
1.223064
1.223042
1.223023
1.223013
1.223043
1.223052
1.223050
1.223015
1.223019
1.223045
1.223091
1.223095
1.223067
1.223043
1.222991
1.222968
1.222937
1.222992
1.223067
1.223121
1.223108
1.223080
1.223038
1.223042
1.223056
1.223045
1.223044
1.223011
1.223027
1.223000
1.222973
1.222974
1.223012
1.223074
1.223125
1.223146
1.223147
1.223081
1.223056
1.223040
1.223070
1.223047
1.223027
1.222985
1.222981
1.222995
1.223008
1.222997
1.222970
1.222990
1.223014
1.223013
1.222987
1.222952
1.222992
1.223012
1.223052
1.223035
1.223035
1.223020
1.222975
1.222941
1.222969
1.223025
1.223086
1.223103
1.223116
1.223069
1.223046
1.223035
1.223101
1.223108
1.223130
1.223108
1.223081
1.223000
1.223003
1.223013
1.223040
1.223009
1.222988
1.222986
1.222988
1.223007
1.223031
1.223057
1.223076
1.223092
1.223077
1.223051
1.223001
1.222982
1.222994
1.223020
1.223022
1.222959
1.222957
1.222960
1.223001
1.222967
1.222953
1.222986
1.223030
1.223060
1.223034
1.222986
1.222949
1.222930
1.222959
1.222947
1.222938
1.222918
1.222917
1.222951
1.222993
1.223079
1.223057
1.223049
1.223017
1.223038
1.223018
1.223023
1.223040
1.223094
1.223045
1.223051
1.223006
1.223061
1.223071
1.223112
1.223095
1.223060
1.223017
1.223003
1.223021
1.223032
1.223039
1.223021
1.222999
1.222987
1.222968
1.222973
1.222920
1.222874
1.222822
1.222878
1.222935
1.222957
1.222911
1.222906
1.222946
1.222987
1.222995
1.223004
1.223043
1.223048
1.223039
1.223019
1.223024
1.223026
1.223019
1.222994
1.222989
1.222963
1.222964
1.222963
1.223008
1.223036
1.223056
1.223067
1.223088
1.223106
1.223113
1.223104
1.223076
1.223037
1.223029
1.223047
1.223060
1.223065
1.223026
1.223008
1.222971
1.222987
1.222994
1.223000
1.222978
1.222992
1.223019
1.223079
1.223137
1.223153
1.223163
1.223150
1.223182
1.223160
1.223118
1.223056
1.223024
1.222981
1.222990
1.223000
1.223039
1.223036
1.223020
1.223000
1.222976
1.223027
1.223079
1.223135
1.223123
1.223097
1.223059
1.223019
1.222989
1.222965
1.222938
1.222961
1.222999
1.223073
1.223055
1.223052
1.223036
1.223080
1.223088
1.223076
1.223054
1.223048
1.223012
1.223021
1.223029
1.223098
1.223122
1.223084
1.223052
1.223028
1.223062
1.223100
1.223123
1.223151
1.223155
1.223128
1.223090
1.223052
1.223049
1.222995
1.222988
1.222961
1.222991
1.222990
1.223006
1.223007
1.222966
1.222934
1.222893
1.222900
1.222917
1.222958
1.223020
1.223037
1.223019
1.223005
1.223002
1.223029
1.223010
1.223027
1.223049
1.223085
1.223089
1.223083
1.223078
1.223024
1.222995
1.222964
1.222991
1.222998
1.222974
1.222932
1.222978
1.223001
1.223060
1.223041
1.223048
1.223034
1.223028
1.223053
1.223075
1.223069
1.223052
1.223044
1.223030
1.222952
1.222862
1.222790
1.222795
1.222833
1.222898
1.222953
1.222990
1.223044
1.223048
1.223062
1.223044
1.223034
1.223041
1.223016
1.223005
1.223004
1.222998
1.223028
1.223027
1.223056
1.223054
1.223047
1.223045
1.223045
1.223033
1.223039
1.223076
1.223081
1.223061
1.223008
1.222995
1.222999
1.223021
1.223050
1.223041
1.223001
1.223000
1.222990
1.223019
1.223006
1.223030
1.223038
1.223047
1.223057
1.223055
1.223057
1.223056
1.223076
1.223075
1.223059
1.223040
1.223038
1.223060
1.223094
1.223104
1.223079
1.223030
1.223041
1.223052
1.223061
1.222998
1.222990
1.223026
1.223081
1.223083
1.223064
1.223067
1.223101
1.223131
1.223126
1.223113
1.223104
1.223141
1.223141
1.223124
1.223078
1.223066
1.223054
1.223050
1.223046
1.223045
1.223044
1.223043
1.223043
1.223043
1.223043
1.223043
1.223042
1.223042
1.223042
1.223042
1.223042
1.223042
1.223042
1.223042
1.223042
1.223042
1.223042
1.223042
1.223042
1.223042
1.223042
1.223042
1.223042
1.223042
1.223042
1.223042
1.223042
1.223042
1.223042
1.223042
1.223042
1.223042
1.223042
1.223042
1.223042
1.223042
1.223042
1.223042
1.223042
1.223042
1.223042
1.223042
1.223042
1.223042
1.223042
1.223042
1.223042
1.223042
1.223042
1.223042
1.223042
1.223042
1.223042
1.223042
1.223042
1.223042
1.223042
1.223042
1.223042
1.223042
1.223042
1.223042
1.223042
1.223042
1.223042
1.223042
1.223042
1.223042
1.223042
1.223042
1.223042
1.223042
1.223042
1.223042
1.223042
1.223042
1.223042
1.223042
1.223042
1.223042
1.223042
1.223042
1.223042
1.223042
1.223042
1.223042
1.223042
1.223042
1.223042
1.223042
1.223042
1.223042
1.223042
1.223042
1.223042
1.223042
1.223042
1.223042
1.223042
1.223042
1.223042
1.223042
1.223042
1.223042
1.223042
1.223042
1.223042
1.223042
1.223042
1.223042
1.223042
1.223042
1.223042
1.223042
1.223042
1.223042
1.223042
1.223042
1.223042
1.223042
1.223042
1.223042
1.223042
1.223042
1.223042
1.223042
1.223042
1.223042
1.223042
1.223042
1.223042
1.223042
1.223042
1.223042
1.223042
