0.020303
0.026925
0.025138
0.028083
0.030378
0.033663
0.036891
0.040498
0.044436
0.048725
0.053070
0.057263
0.061076
0.064421
0.067183
0.069408
0.071276
0.072886
0.074210
0.075042
0.075344
0.075134
0.074550
0.073712
0.072742
0.071710
0.070615
0.069524
0.068423
0.067124
0.065164
0.061882
0.056852
0.049941
0.041773
0.033214
0.025284
0.018534
0.013194
0.009161
0.006234
0.004170
0.002749
0.001790
0.001153
0.000736
0.000466
0.000399
0.002381
0.009856
0.028768
0.063693
0.120444
0.204405
0.321697
0.472370
0.650082
0.845527
1.052719
1.268666
1.493204
1.722127
1.954783
2.190799
2.430496
2.670484
2.907121
3.134561
3.345809
3.531932
3.684648
3.798440
3.873813
2.320783
2.229651
2.186797
2.154666
2.149355
1.983459
1.851908
1.747289
1.802865
2.065131
1.878845
2.247231
2.224861
2.372528
2.413311
2.392090
2.224645
2.148011
2.154258
2.256794
2.444745
4.084092
2.606350
2.469873
2.289174
2.191185
2.114350
2.080241
2.041058
1.916987
2.010012
1.853101
2.242347
2.134991
2.367335
2.580344
2.756517
2.975946
3.208778
3.556937
3.787582
3.875738
3.857285
4.045932
4.119758
5.755297
5.805665
5.858944
5.913354
5.966183
6.013544
6.052973
6.085310
4.250994
3.959400
3.778618
3.844406
3.774187
3.874434
4.076866
4.358861
4.393331
4.240162
4.020433
3.746215
3.519435
3.474285
3.537619
3.666739
3.737701
3.655185
3.340332
3.047533
2.831477
2.683906
2.617717
2.588471
2.600299
2.651603
2.729437
2.843833
2.929339
3.171174
3.400182
3.800586
4.247631
5.831598
5.808874
5.785270
5.764191
5.746082
5.729463
5.709840
5.686144
5.657734
5.627548
4.107327
4.146358
5.534190
5.504287
5.474382
5.444825
5.415918
5.389080
5.365065
5.345002
5.329150
5.317340
5.309306
3.721831
3.243159
2.911958
2.690722
2.585811
2.548513
2.522084
2.500098
2.444067
2.397632
2.366687
2.369356
2.546704
2.554740
2.757573
3.022132
4.811615
4.761580
4.711310
4.661711
4.614059
4.567849
4.522945
4.476647
4.427307
4.373300
2.780036
4.267638
4.223859
4.183941
4.142870
4.097072
4.047319
3.996334
3.946246
3.898492
3.853022
3.808489
3.763305
2.224173
1.742960
1.679640
1.664412
1.789005
2.012970
3.527598
3.498285
3.464285
3.426053
3.384513
3.341653
3.300225
3.262317
3.228174
3.195962
3.163418
3.129336
3.093176
3.055666
3.017076
2.978763
2.940354
2.901665
2.861680
2.821881
2.783144
2.746034
2.709415
2.673970
2.640719
2.610217
2.581019
2.552291
2.523893
2.496436
2.469181
2.441850
2.414019
2.386642
2.359570
2.333477
2.307908
2.283704
2.259951
2.237101
2.214773
2.194442
2.177141
2.163248
2.152160
2.141906
2.131622
2.120513
2.108869
2.096680
2.083727
2.069902
2.054693
2.037985
2.019580
2.000054
1.980348
1.961055
1.942435
1.924071
1.906429
1.889537
1.874008
1.859142
1.845167
1.831688
1.818834
1.805765
1.791308
1.775411
1.758065
1.740749
1.723455
1.707203
1.691968
1.677816
1.663751
1.648972
1.633227
1.617250
1.601253
1.586069
1.571307
1.557815
1.545215
1.533888
1.523160
1.512825
1.502855
1.493044
1.483215
1.472473
1.460970
1.449473
1.439547
1.431852
1.425427
1.418532
1.410322
1.401200
1.391918
1.382248
1.371866
1.360536
1.348682
1.336779
1.325660
1.315634
1.306577
1.297944
1.289934
1.283307
1.278560
1.275469
1.272980
1.269729
1.264256
1.256047
1.245631
1.234483
1.223842
1.214482
1.206650
1.200402
1.195106
1.189691
1.183050
1.175258
1.167120
1.159217
1.151747
1.144153
1.136495
1.128413
1.120020
1.111271
1.102167
1.093286
1.084893
1.077910
1.072181
1.067178
1.062645
1.058680
1.056065
1.053706
1.050448
1.045077
1.038602
1.032324
1.027140
1.021947
1.015601
1.007487
0.998829
0.990983
0.984573
0.979199
0.973883
0.968826
0.964078
0.960430
0.957456
0.955217
0.953101
0.951317
0.949918
0.949161
0.948432
0.947094
0.944807
0.942115
0.939626
0.937278
0.934962
0.932315
0.930286
0.928341
0.926400
0.922706
0.917754
0.911844
0.906800
0.903236
0.901348
0.900152
0.898597
0.896387
0.893906
0.891750
0.889634
0.886928
0.883249
0.879255
0.875635
0.872651
0.869844
0.867116
0.864642
0.862364
0.860032
0.857006
0.853306
0.848703
0.843443
0.838114
0.833390
0.830039
0.827617
0.826400
0.825855
0.826148
0.825993
0.824757
0.822130
0.818815
0.815785
0.812919
0.810654
0.808426
0.806532
0.803422
0.798749
0.792265
0.785672
0.779645
0.774229
0.768054
0.760464
0.751554
0.742729
0.734918
0.728462
0.722506
0.716719
0.710948
0.705679
0.700749
0.696445
0.692503
0.689146
0.685474
0.681229
0.675598
0.668537
0.659302
0.647837
0.634210
0.619484
0.604418
0.589502
0.574347
0.558866
0.543382
0.529108
0.516902
0.506947
0.498267
0.489658
0.480576
0.471302
0.462760
0.455308
0.448928
0.443152
0.437512
0.431764
0.425504
0.418797
0.411793
0.405293
0.400386
0.397595
0.397158
0.398103
0.400236
0.402877
0.405948
0.408593
0.409946
0.409605
0.407715
0.405616
0.404137
0.403686
0.403190
0.401383
0.397655
0.392659
0.387593
0.383200
0.379418
0.376247
0.373330
0.370600
0.367281
0.363755
0.360119
0.357221
0.354649
0.352327
0.349742
0.346953
0.344097
0.341571
0.339936
0.339080
0.338607
0.337713
0.336581
0.335454
0.334634
0.333832
0.332834
0.331736
0.330390
0.328708
0.326131
0.322912
0.319177
0.315699
0.312409
0.309610
0.307138
0.305572
0.305064
0.305990
0.307776
0.309717
0.310553
0.310174
0.308738
0.307387
0.306108
0.305265
0.304375
0.303888
0.303711
0.304082
0.304650
0.305067
0.304898
0.303970
0.302055
0.299390
0.296211
0.293583
0.291860
0.291394
0.291693
0.292420
0.293225
0.293724
0.293811
0.293351
0.292446
0.291123
0.289181
0.286687
0.283714
0.280832
0.278410
0.276761
0.276016
0.276116
0.276818
0.277409
0.276975
0.275119
0.272130
0.269336
0.267414
0.266787
0.266868
0.267542
0.268739
0.270549
0.272904
0.275418
0.278094
0.280791
0.283606
0.286205
0.288465
0.290329
0.291923
0.293239
0.294089
0.294210
0.293615
0.292743
0.292506
0.293623
0.296256
0.299913
0.304019
0.308201
0.312580
0.317049
0.321852
0.326435
0.330898
0.334794
0.338589
0.342548
0.346824
0.351302
0.355371
0.359406
0.363247
0.367437
0.371544
0.376379
0.382684
0.392108
0.405564
0.423281
0.445095
0.470702
0.501138
0.536670
0.579120
0.629889
0.692859
0.769038
0.858643
0.958973
1.069990
1.190777
1.320072
1.452114
1.577003
1.683889
1.765128
1.813872
1.825780
1.796817
1.727767
1.623801
1.494109
1.347052
1.191791
1.034788
0.883178
0.742013
0.614556
0.502569
0.407355
0.328894
0.265907
0.216406
0.178083
0.148510
0.125195
0.106406
0.090983
0.078517
0.068302
0.060088
0.053421
0.048379
0.044586
0.041865
0.039724
0.037889
0.036009
0.034111
0.032498
0.031573
0.031452
0.031852
0.032403
0.032946
0.033535
0.034387
0.035406
0.036389
0.036867
0.036794
0.036415
0.036300
0.036638
0.037315
0.037922
0.038341
0.038409
0.038247
0.037870
0.037664
0.037780
0.038277
0.038836
0.039239
0.039365
0.039341
0.039354
0.039531
0.039963
0.040540
0.041221
0.041743
0.041874
0.041340
0.039938
0.037800
0.035243
0.033019
0.031723
0.031520
0.032138
0.032963
0.033821
0.034485
0.035118
0.035574
0.035953
0.036169
0.036348
0.036459
0.036530
0.036277
0.035542
0.034246
0.032821
0.031687
0.031255
0.031472
0.032212
0.033021
0.033856
0.034619
0.035499
0.036202
0.036544
0.036364
0.035929
0.035555
0.035429
0.035543
0.035631
0.035644
0.035506
0.035417
0.035301
0.035074
0.034640
0.034070
0.033621
0.033366
0.033212
0.032896
0.032298
0.031656
0.031141
0.030969
0.030960
0.031140
0.031322
0.031513
0.031407
0.031030
0.030311
0.029722
0.029313
0.029178
0.028940
0.028683
0.028548
0.028874
0.029539
0.030483
0.031366
0.032227
0.032798
0.033059
0.032696
0.031782
0.030529
0.029359
0.028423
0.027614
0.026891
0.026347
0.026229
0.026476
0.026929
0.027252
0.027413
0.027475
0.027729
0.028248
0.029094
0.030008
0.030768
0.030936
0.030447
0.029459
0.028518
0.028018
0.027989
0.028118
0.028009
0.027565
0.026942
0.026449
0.026230
0.026284
0.026380
0.026383
0.026166
0.025802
0.025324
0.024853
0.024478
0.024322
0.024284
0.024301
0.024160
0.023937
0.023512
0.023042
0.022470
0.021988
0.021592
0.021475
0.021602
0.021924
0.022173
0.022336
0.022450
0.022700
0.023080
0.023575
0.024097
0.024600
0.025077
0.025593
0.026184
0.026885
0.027585
0.028330
0.028945
0.029421
0.029587
0.029616
0.029512
0.029329
0.028866
0.028091
0.027060
0.026025
0.025234
0.024716
0.024390
0.024072
0.023755
0.023489
0.023288
0.023106
0.022723
0.022016
0.020941
0.019853
0.019036
0.018835
0.019109
0.019852
0.020788
0.021872
0.022957
0.023914
0.024637
0.024950
0.025004
0.025089
0.025505
0.026375
0.027373
0.028404
0.029163
0.029831
0.030245
0.030600
0.030822
0.031036
0.031112
0.030964
0.030604
0.030163
0.029816
0.029481
0.029053
0.028438
0.027755
0.027094
0.026553
0.026086
0.025664
0.025218
0.024770
0.024363
0.023970
0.023533
0.023048
0.022683
0.022643
0.022956
0.023499
0.024077
0.024628
0.025128
0.025526
0.025736
0.025830
0.025969
0.026453
0.027195
0.028061
0.028581
0.028639
0.028256
0.027875
0.027916
0.028540
0.029563
0.030643
0.031668
0.032655
0.033674
0.034649
0.035505
0.036166
0.036723
0.037292
0.038069
0.039020
0.040002
0.040792
0.041303
0.041578
0.041497
0.041035
0.040011
0.038715
0.037151
0.035646
0.034166
0.033041
0.032237
0.031706
0.031156
0.030532
0.030011
0.029801
0.029897
0.030017
0.029852
0.029399
0.028887
0.028704
0.028882
0.029239
0.029430
0.029301
0.028987
0.028637
0.028427
0.028274
0.028133
0.027961
0.027730
0.027521
0.027302
0.027229
0.027161
0.027099
0.026864
0.026680
0.026629
0.026891
0.027331
0.027842
0.028204
0.028306
0.028096
0.027706
0.027258
0.026927
0.026784
0.026853
0.027038
0.027130
0.027034
0.026749
0.026555
0.026608
0.026949
0.027367
0.027773
0.028189
0.028640
0.028953
0.028886
0.028427
0.027828
0.027419
0.027388
0.027668
0.028029
0.028095
0.027740
0.026969
0.026123
0.025300
0.024767
0.024394
0.024347
0.024468
0.024992
0.025762
0.026817
0.027844
0.028827
0.029508
0.029883
0.029878
0.029811
0.029855
0.030175
0.030587
0.030898
0.030775
0.030146
0.029066
0.027912
0.026930
0.026387
0.026297
0.026642
0.027230
0.027863
0.028407
0.028748
0.028829
0.028575
0.028058
0.027449
0.026957
0.026695
0.026624
0.026641
0.026655
0.026534
0.026314
0.025887
0.025466
0.024918
0.024516
0.024150
0.023999
0.023910
0.023813
0.023586
0.023104
0.022518
0.021925
0.021616
0.021506
0.021617
0.021678
0.021601
0.021162
0.020408
0.019430
0.018285
0.016872
0.015058
0.012947
0.010834
0.008935
0.007345
0.006042
0.005263
0.005226
0.006077
0.007585
0.009511
0.011689
0.014153
0.016828
0.019453
0.021714
0.023449
0.024800
0.025975
0.027103
0.028150
0.028981
0.029544
0.029858
0.030032
0.030111
0.030061
0.029830
0.029471
0.029041
0.028696
0.028434
0.028401
0.028593
0.029095
0.029715
0.030218
0.030377
0.030264
0.030067
0.029952
0.029888
0.029781
0.029572
0.029251
0.028912
0.028554
0.028233
0.027989
0.028009
0.028499
0.029419
0.030504
0.031231
0.031393
0.031019
0.030443
0.029812
0.029215
0.028666
0.028324
0.028235
0.028347
0.028443
0.028375
0.028059
0.027616
0.027263
0.027207
0.027490
0.027884
0.028194
0.028237
0.028148
0.028082
0.028168
0.028376
0.028575
0.028807
0.029119
0.029544
0.029897
0.029909
0.029499
0.028773
0.028035
0.027507
0.027298
0.027488
0.027969
0.028597
0.028961
0.028939
0.028524
0.028010
0.027438
0.026737
0.025720
0.024438
0.023123
0.022031
0.021200
0.020495
0.019834
0.019233
0.018765
0.018328
0.017863
0.017300
0.016805
0.016448
0.016341
0.016459
0.016830
0.017491
0.018439
0.019812
0.021529
0.023450
0.024981
0.025752
0.025736
0.025372
0.025145
0.025199
0.025563
0.026023
0.026509
0.026786
0.026855
0.026612
0.026155
0.025540
0.025034
0.024848
0.025069
0.025519
0.025950
0.026175
0.026188
0.025984
0.025622
0.025040
0.024281
0.023292
0.022161
0.020868
0.019575
0.018340
0.017366
0.016627
0.016131
0.015820
0.015705
0.015921
0.016359
0.016936
0.017214
0.017137
0.016668
0.016146
0.015684
0.015377
0.015107
0.014842
0.014614
0.014488
0.014526
0.014619
0.014705
0.014664
0.014568
0.014496
0.014562
0.014752
0.014984
0.015227
0.015519
0.015896
0.016320
0.016694
0.016920
0.016906
0.016502
0.015766
0.014834
0.014070
0.013586
0.013429
0.013400
0.013404
0.013379
0.013420
0.013544
0.013668
0.013607
0.013367
0.013094
0.013054
0.013233
0.013581
0.013877
0.014117
0.014242
0.014255
0.014085
0.013700
0.013172
0.012553
0.011877
0.011087
0.010235
0.009406
0.008772
0.008405
0.008380
0.008536
0.008757
0.008859
0.008953
0.009120
0.009535
0.010168
0.010927
0.011628
0.012087
0.012247
0.012083
0.011777
0.011392
0.011049
0.010643
0.010224
0.009726
0.009239
0.008743
0.008384
0.008213
0.008281
0.008541
0.009001
0.009682
0.010513
0.011302
0.011831
0.012016
0.011971
0.011904
0.012005
0.012287
0.012620
0.012830
0.012848
0.012722
0.012553
0.012388
0.012291
0.012339
0.012610
0.013020
0.013275
0.013117
0.012453
0.011518
0.010573
0.009837
0.009388
0.009266
0.009430
0.009729
0.009942
0.009978
0.009881
0.009829
0.009879
0.010044
0.010198
0.010264
0.010200
0.010125
0.010163
0.010341
0.010525
0.010540
0.010374
0.010110
0.009934
0.009894
0.010026
0.010251
0.010501
0.010694
0.010731
0.010618
0.010321
0.010014
0.009705
0.009496
0.009222
0.008946
0.008679
0.008641
0.008896
0.009441
0.010145
0.010805
0.011295
0.011461
0.011397
0.011182
0.011112
0.011267
0.011767
0.012414
0.013038
0.013293
0.013157
0.012676
0.012170
0.011714
0.011408
0.011193
0.011116
0.011187
0.011390
0.011705
0.011988
0.012121
0.012014
0.011769
0.011577
0.011549
0.011725
0.012043
0.012488
0.012968
0.013395
0.013700
0.013971
0.014415
0.015226
0.016375
0.017699
0.018942
0.020066
0.020997
0.021863
0.022653
0.023463
0.024195
0.024883
0.025613
0.026570
0.027817
0.029188
0.030481
0.031431
0.032105
0.032492
0.032766
0.032766
0.032619
0.032269
0.031924
0.031353
0.030514
0.029065
0.027078
0.024578
0.021979
0.019526
0.017441
0.015671
0.014168
0.012813
0.011545
0.010292
0.009088
0.008011
0.007161
0.006546
0.006154
0.005956
0.005937
0.006017
0.006082
0.006093
0.006106
0.006265
0.006583
0.006993
0.007313
0.007493
0.007531
0.007518
0.007443
0.007279
0.007009
0.006662
0.006345
0.006161
0.006259
0.006578
0.006936
0.007054
0.006862
0.006425
0.005907
0.005439
0.005096
0.004905
0.004845
0.004881
0.005014
0.005258
0.005672
0.006117
0.006489
0.006641
0.006731
0.006844
0.007077
0.007325
0.007518
0.007562
0.007432
0.007155
0.006807
0.006487
0.006280
0.006185
0.006140
0.005975
0.005670
0.005268
0.004975
0.004846
0.004881
0.004965
0.005042
0.005040
0.004941
0.004747
0.004520
0.004304
0.004118
0.003949
0.003793
0.003658
0.003629
0.003755
0.004087
0.004456
0.004779
0.004918
0.004928
0.004788
0.004520
0.004161
0.003793
0.003518
0.003376
0.003358
0.003427
0.003485
0.003494
0.003481
0.003586
0.003916
0.004450
0.005153
0.005941
0.006777
0.007480
0.007919
0.008045
0.008073
0.008236
0.008700
0.009372
0.010065
0.010601
0.010950
0.011190
0.011395
0.011600
0.011807
0.012007
0.012183
0.012344
0.012513
0.012797
0.013192
0.013741
0.014313
0.014897
0.015329
0.015575
0.015525
0.015254
0.014791
0.014174
0.013353
0.012371
0.011328
0.010350
0.009437
0.008575
0.007732
0.007016
0.006443
0.006071
0.005807
0.005675
0.005602
0.005554
0.005393
0.005094
0.004713
0.004406
0.004269
0.004260
0.004296
0.004282
0.004262
0.004252
0.004279
0.004261
0.004148
0.003931
0.003704
0.003550
0.003477
0.003407
0.003261
0.003050
0.002830
0.002686
0.002587
0.002539
0.002497
0.002542
0.002638
0.002769
0.002835
0.002816
0.002709
0.002515
0.002274
0.002033
0.001875
0.001802
0.001761
0.001722
0.001700
0.001791
0.001984
0.002236
0.002419
0.002511
0.002528
0.002543
0.002600
0.002712
0.002855
0.002990
0.003070
0.003115
0.003136
0.003202
0.003313
0.003493
0.003696
0.003872
0.003983
0.004032
0.003992
0.003840
0.003525
0.003125
0.002682
0.002310
0.002028
0.001924
0.002008
0.002286
0.002666
0.003021
0.003241
0.003238
0.003067
0.002780
0.002543
0.002399
0.002401
0.002478
0.002593
0.002708
0.002807
0.002887
0.002891
0.002838
0.002707
0.002572
0.002450
0.002450
0.002601
0.002899
0.003214
0.003440
0.003504
0.003423
0.003253
0.003084
0.002971
0.002927
0.002926
0.002972
0.003058
0.003175
0.003331
0.003582
0.004038
0.004649
0.005305
0.005775
0.006013
0.005979
0.005812
0.005588
0.005486
0.005485
0.005526
0.005415
0.005116
0.004704
0.004323
0.004062
0.003844
0.003610
0.003305
0.003027
0.002840
0.002762
0.002751
0.002727
0.002707
0.002670
0.002711
0.002837
0.003126
0.003540
0.004038
0.004496
0.004841
0.005059
0.005236
0.005425
0.005632
0.005745
0.005724
0.005558
0.005345
0.005089
0.004821
0.004529
0.004316
0.004201
0.004244
0.004306
0.004329
0.004178
0.003954
0.003702
0.003528
0.003373
0.003231
0.003072
0.002935
0.002815
0.002703
0.002567
0.002431
0.002352
0.002383
0.002486
0.002601
0.002669
0.002689
0.002662
0.002602
0.002547
0.002508
0.002494
0.002484
0.002483
0.002481
0.002456
0.002441
0.002457
0.002552
0.002637
0.002670
0.002603
0.002518
0.002465
0.002492
0.002610
0.002798
0.003034
0.003251
0.003439
0.003606
0.003749
0.003892
0.004007
0.004178
0.004364
0.004578
0.004671
0.004588
0.004288
0.003861
0.003447
0.003140
0.003033
0.003067
0.003254
0.003465
0.003694
0.003817
0.003888
0.003879
0.003845
0.003741
0.003615
0.003511
0.003485
0.003536
0.003630
0.003707
0.003696
0.003557
0.003319
0.003048
0.002813
0.002668
0.002663
0.002790
0.003012
0.003258
0.003523
0.003727
0.003814
0.003708
0.003466
0.003186
0.002980
0.002904
0.002954
0.003094
0.003260
0.003398
0.003476
0.003484
0.003457
0.003412
0.003395
0.003377
0.003344
0.003208
0.002974
0.002676
0.002446
0.002350
0.002420
0.002532
0.002627
0.002630
0.002649
0.002697
0.002855
0.003036
0.003224
0.003292
0.003236
0.003042
0.002809
0.002608
0.002514
0.002541
0.002639
0.002737
0.002783
0.002796
0.002803
0.002827
0.002879
0.002981
0.003180
0.003437
0.003694
0.003802
0.003758
0.003561
0.003325
0.003076
0.002874
0.002755
0.002757
0.002880
0.003049
0.003199
0.003257
0.003199
0.003028
0.002791
0.002569
0.002409
0.002355
0.002381
0.002461
0.002510
0.002538
0.002591
0.002753
0.002957
0.003080
0.003039
0.002909
0.002833
0.002905
0.003138
0.003461
0.003774
0.003960
0.003960
0.003793
0.003557
0.003375
0.003303
0.003388
0.003551
0.003768
0.003889
0.003871
0.003629
0.003232
0.002748
0.002276
0.001866
0.001572
0.001407
0.001361
0.001338
0.001302
0.001238
0.001222
0.001284
0.001426
0.001618
0.001803
0.001988
0.002132
0.002261
0.002308
0.002300
0.002222
0.002158
0.002111
0.002101
0.002075
0.002032
0.001949
0.001834
0.001675
0.001476
0.001252
0.001024
0.000822
0.000672
0.000604
0.000629
0.000743
0.000904
0.001085
0.001252
0.001418
0.001529
0.001595
0.001587
0.001595
0.001620
0.001729
0.001865
0.002031
0.002148
0.002211
0.002203
0.002180
0.002189
0.002266
0.002414
0.002579
0.002749
0.002874
0.002969
0.002967
0.002912
0.002788
0.002683
0.002581
0.002511
0.002449
0.002447
0.002536
0.002710
0.002865
0.002896
0.002767
0.002540
0.002283
0.002050
0.001879
0.001835
0.001937
0.002160
0.002384
0.002530
0.002551
0.002476
0.002337
0.002171
0.002004
0.001854
0.001746
0.001724
0.001815
0.001992
0.002151
0.002217
0.002171
0.002091
0.002048
0.002106
0.002260
0.002453
0.002606
0.002641
0.002568
0.002404
0.002245
0.002123
0.002097
0.002126
0.002192
0.002238
0.002255
0.002206
0.002124
0.002034
0.002006
0.001991
0.002014
0.002064
0.002253
0.002508
0.002774
0.002915
0.002965
0.002936
0.002909
0.002900
0.002967
0.003120
0.003341
0.003553
0.003677
0.003687
0.003624
0.003553
0.003499
0.003462
0.003403
0.003278
0.003053
0.002773
0.002548
0.002466
0.002564
0.002745
0.002935
0.003008
0.002967
0.002810
0.002592
0.002361
0.002162
0.002077
0.002113
0.002265
0.002439
0.002534
0.002495
0.002331
0.002137
0.001974
0.001894
0.001915
0.002033
0.002199
0.002306
0.002322
0.002234
0.002121
0.001971
0.001821
0.001671
0.001575
0.001528
0.001534
0.001574
0.001657
0.001729
0.001755
0.001691
0.001580
0.001445
0.001325
0.001216
0.001134
0.001077
0.001054
0.001074
0.001126
0.001233
0.001377
0.001581
0.001770
0.001891
0.001864
0.001709
0.001488
0.001280
0.001118
0.001016
0.000973
0.000987
0.001033
0.001098
0.001179
0.001291
0.001419
0.001549
0.001653
0.001709
0.001710
0.001629
0.001505
0.001360
0.001269
0.001210
0.001170
0.001098
0.001023
0.000964
0.000959
0.001004
0.001104
0.001279
0.001540
0.001889
0.002249
0.002519
0.002606
0.002508
0.002286
0.002031
0.001833
0.001777
0.001883
0.002098
0.002301
0.002440
0.002538
0.002666
0.002870
0.003135
0.003380
0.003474
0.003351
0.003047
0.002721
0.002484
0.002408
0.002416
0.002454
0.002415
0.002312
0.002141
0.001990
0.001895
0.001924
0.002051
0.002226
0.002355
0.002376
0.002269
0.002084
0.001905
0.001825
0.001827
0.001902
0.001964
0.002005
0.001954
0.001823
0.001625
0.001420
0.001256
0.001138
0.001081
0.001044
0.001040
0.001027
0.001013
0.000965
0.000899
0.000824
0.000803
0.000861
0.001012
0.001190
0.001345
0.001434
0.001451
0.001404
0.001337
0.001307
0.001344
0.001383
0.001396
0.001385
0.001467
0.001653
0.001890
0.002050
0.002075
0.001966
0.001773
0.001536
0.001317
0.001142
0.001032
0.001016
0.001143
0.001451
0.001837
0.002145
0.002233
0.002141
0.002004
0.001943
0.001985
0.002040
0.002051
0.001953
0.001801
0.001623
0.001509
0.001436
0.001385
0.001289
0.001153
0.001002
0.000886
0.000821
0.000795
0.000765
0.000742
0.000751
0.000863
0.001019
0.001183
0.001284
0.001386
0.001519
0.001679
0.001804
0.001811
0.001715
0.001534
0.001347
0.001175
0.001102
0.001165
0.001384
0.001638
0.001828
0.001890
0.001910
0.001938
0.002011
0.002070
0.002091
0.002068
0.002048
0.002074
0.002147
0.002225
0.002260
0.002213
0.002112
0.001977
0.001870
0.001757
0.001658
0.001533
0.001425
0.001298
0.001197
0.001132
0.001165
0.001250
0.001357
0.001441
0.001547
0.001699
0.001876
0.002012
0.002030
0.001939
0.001787
0.001662
0.001635
0.001728
0.001909
0.002074
0.002143
0.002090
0.001953
0.001780
0.001594
0.001406
0.001234
0.001093
0.000990
0.000923
0.000882
0.000860
0.000853
0.000875
0.000950
0.001061
0.001179
0.001228
0.001205
0.001121
0.001028
0.000930
0.000847
0.000779
0.000760
0.000771
0.000809
0.000834
0.000841
0.000798
0.000716
0.000602
0.000482
0.000394
0.000378
0.000470
0.000623
0.000774
0.000833
0.000807
0.000725
0.000662
0.000639
0.000656
0.000679
0.000686
0.000690
0.000692
0.000709
0.000715
0.000713
0.000674
0.000613
0.000531
0.000452
0.000390
0.000373
0.000414
0.000492
0.000557
0.000578
0.000552
0.000509
0.000453
0.000411
0.000381
0.000391
0.000407
0.000421
0.000399
0.000367
0.000327
0.000299
0.000283
0.000291
0.000341
0.000441
0.000600
0.000784
0.000953
0.001092
0.001213
0.001360
0.001479
0.001551
0.001502
0.001379
0.001211
0.001105
0.001105
0.001207
0.001360
0.001494
0.001594
0.001624
0.001615
0.001564
0.001525
0.001462
0.001382
0.001257
0.001141
0.001018
0.000917
0.000823
0.000786
0.000779
0.000796
0.000795
0.000810
0.000835
0.000876
0.000879
0.000836
0.000741
0.000631
0.000544
0.000534
0.000665
0.000907
0.001206
0.001415
0.001508
0.001446
0.001313
0.001130
0.000949
0.000770
0.000624
0.000531
0.000517
0.000559
0.000634
0.000709
0.000777
0.000844
0.000897
0.000940
0.000945
0.000924
0.000884
0.000833
0.000766
0.000670
0.000564
0.000452
0.000351
0.000261
0.000188
0.000134
0.000097
0.000078
0.000077
0.000100
0.000142
0.000204
0.000268
0.000352
0.000445
0.000569
0.000655
0.000694
0.000641
0.000549
0.000431
0.000327
0.000240
0.000183
0.000153
0.000138
0.000130
0.000116
0.000103
0.000087
0.000079
0.000083
0.000113
0.000163
0.000225
0.000284
0.000344
0.000386
0.000416
0.000442
0.000502
0.000593
0.000682
0.000723
0.000704
0.000653
0.000586
0.000517
0.000449
0.000408
0.000406
0.000431
0.000461
0.000462
0.000434
0.000376
0.000308
0.000237
0.000189
0.000177
0.000221
0.000303
0.000415
0.000524
0.000627
0.000684
0.000693
0.000645
0.000574
0.000497
0.000434
0.000401
0.000410
0.000457
0.000515
0.000543
0.000535
0.000525
0.000574
0.000703
0.000874
0.001032
0.001130
0.001153
0.001103
0.000994
0.000863
0.000727
0.000605
0.000491
0.000400
0.000325
0.000271
0.000224
0.000215
0.000254
0.000367
0.000485
0.000571
0.000562
0.000509
0.000443
0.000425
0.000456
0.000526
0.000636
0.000818
0.001060
0.001316
0.001471
0.001504
0.001401
0.001289
0.001233
0.001344
0.001530
0.001712
0.001750
0.001682
0.001553
0.001432
0.001312
0.001184
0.001071
0.001019
0.001050
0.001128
0.001184
0.001174
0.001106
0.001014
0.000920
0.000815
0.000694
0.000560
0.000431
0.000328
0.000272
0.000275
0.000320
0.000380
0.000429
0.000466
0.000486
0.000489
0.000460
0.000427
0.000403
0.000420
0.000439
0.000448
0.000411
0.000362
0.000316
0.000307
0.000334
0.000367
0.000385
0.000395
0.000441
0.000545
0.000682
0.000800
0.000861
0.000859
0.000806
0.000716
0.000618
0.000527
0.000450
0.000389
0.000333
0.000284
0.000232
0.000184
0.000140
0.000110
0.000103
0.000135
0.000205
0.000296
0.000397
0.000505
0.000636
0.000761
0.000848
0.000849
0.000782
0.000663
0.000534
0.000421
0.000351
0.000340
0.000363
0.000401
0.000423
0.000455
0.000486
0.000538
0.000569
0.000591
0.000563
0.000511
0.000424
0.000337
0.000252
0.000184
0.000129
0.000091
0.000069
0.000064
0.000067
0.000074
0.000081
0.000091
0.000105
0.000118
0.000121
0.000117
0.000115
0.000126
0.000142
0.000156
0.000153
0.000142
0.000124
0.000110
0.000095
0.000082
0.000070
0.000063
0.000069
0.000084
0.000111
0.000137
0.000161
0.000168
0.000162
0.000144
0.000122
0.000106
0.000111
0.000156
0.000235
0.000322
0.000394
0.000449
0.000519
0.000608
0.000721
0.000798
0.000844
0.000830
0.000792
0.000716
0.000626
0.000526
0.000448
0.000407
0.000414
0.000442
0.000482
0.000514
0.000537
0.000532
0.000491
0.000431
0.000387
0.000393
0.000439
0.000488
0.000503
0.000475
0.000433
0.000395
0.000374
0.000356
0.000344
0.000335
0.000347
0.000380
0.000442
0.000511
0.000573
0.000615
0.000652
0.000676
0.000675
0.000623
0.000533
0.000425
0.000330
0.000258
0.000219
0.000197
0.000181
0.000158
0.000144
0.000147
0.000187
0.000246
0.000315
0.000366
0.000409
0.000465
0.000576
0.000738
0.000913
0.001020
0.001028
0.000938
0.000805
0.000670
0.000567
0.000502
0.000463
0.000443
0.000434
0.000454
0.000485
0.000528
0.000549
0.000561
0.000559
0.000562
0.000555
0.000534
0.000489
0.000439
0.000393
0.000368
0.000351
0.000345
0.000337
0.000326
0.000304
0.000271
0.000235
0.000197
0.000162
0.000126
0.000105
0.000103
0.000133
0.000177
0.000249
0.000348
0.000490
0.000622
0.000709
0.000712
0.000662
0.000588
0.000516
0.000458
0.000425
0.000422
0.000454
0.000493
0.000541
0.000560
0.000562
0.000522
0.000463
0.000389
0.000335
0.000309
0.000300
0.000293
0.000273
0.000257
0.000264
0.000306
0.000379
0.000444
0.000479
0.000471
0.000445
0.000416
0.000388
0.000351
0.000321
0.000331
0.000420
0.000564
0.000715
0.000794
0.000790
0.000709
0.000595
0.000474
0.000380
0.000327
0.000326
0.000372
0.000447
0.000514
0.000559
0.000572
0.000592
0.000614
0.000649
0.000655
0.000648
0.000633
0.000672
0.000743
0.000843
0.000903
0.000937
0.000923
0.000898
0.000854
0.000803
0.000731
0.000631
0.000520
0.000409
0.000315
0.000256
0.000251
0.000316
0.000418
0.000520
0.000602
0.000693
0.000825
0.000968
0.001073
0.001077
0.000996
0.000857
0.000714
0.000586
0.000499
0.000455
0.000461
0.000496
0.000547
0.000597
0.000649
0.000674
0.000664
0.000606
0.000537
0.000471
0.000439
0.000430
0.000453
0.000480
0.000512
0.000527
0.000537
0.000519
0.000487
0.000438
0.000417
0.000440
0.000534
0.000673
0.000836
0.000981
0.001066
0.001070
0.000987
0.000858
0.000709
0.000570
0.000458
0.000403
0.000432
0.000529
0.000649
0.000730
0.000753
0.000725
0.000674
0.000626
0.000604
0.000632
0.000714
0.000845
0.001000
0.001137
0.001244
0.001299
0.001339
0.001345
0.001333
0.001297
0.001273
0.001283
0.001294
0.001269
0.001168
0.001026
0.000869
0.000724
0.000614
0.000565
0.000610
0.000698
0.000782
0.000799
0.000765
0.000707
0.000652
0.000610
0.000570
0.000591
0.000730
0.001093
0.001613
0.002201
0.002675
0.003046
0.003363
0.003747
0.004173
0.004563
0.004834
0.004997
0.005118
0.005228
0.005315
0.005336
0.005306
0.005251
0.005187
0.005057
0.004842
0.004581
0.004411
0.004386
0.004485
0.004587
0.004635
0.004618
0.004593
0.004599
0.004643
0.004668
0.004618
0.004486
0.004321
0.004174
0.004049
0.003954
0.003876
0.003833
0.003790
0.003746
0.003683
0.003611
0.003561
0.003564
0.003677
0.003886
0.004195
0.004513
0.004793
0.004965
0.005083
0.005159
0.005231
0.005247
0.005241
0.005216
0.005230
0.005263
0.005320
0.005375
0.005406
0.005379
0.005274
0.005114
0.004947
0.004842
0.004835
0.004946
0.005121
0.005287
0.005346
0.005265
0.005070
0.004844
0.004677
0.004566
0.004488
0.004375
0.004267
0.004204
0.004267
0.004430
0.004626
0.004737
0.004710
0.004555
0.004352
0.004208
0.004177
0.004286
0.004479
0.004743
0.005004
0.005218
0.005330
0.005331
0.005256
0.005118
0.004927
0.004690
0.004459
0.004312
0.004276
0.004312
0.004357
0.004375
0.004390
0.004392
0.004374
0.004319
0.004250
0.004191
0.004148
0.004094
0.004021
0.003942
0.003923
0.004011
0.004212
0.004456
0.004640
0.004723
0.004724
0.004705
0.004653
0.004557
0.004384
0.004183
0.003977
0.003853
0.003828
0.003941
0.004127
0.004373
0.004614
0.004846
0.005036
0.005179
0.005258
0.005268
0.005229
0.005160
0.005105
0.005053
0.005002
0.004899
0.004748
0.004542
0.004308
0.004033
0.003722
0.003426
0.003233
0.003242
0.003440
0.003773
0.004103
0.004361
0.004447
0.004394
0.004239
0.004115
0.004073
0.004132
0.004253
0.004397
0.004572
0.004739
0.004879
0.004905
0.004811
0.004596
0.004365
0.004188
0.004161
0.004247
0.004445
0.004675
0.004914
0.005086
0.005140
0.005075
0.004917
0.004778
0.004698
0.004716
0.004768
0.004823
0.004844
0.004843
0.004840
0.004834
0.004840
0.004836
0.004849
0.004828
0.004798
0.004726
0.004683
0.004649
0.004684
0.004780
0.004958
0.005136
0.005243
0.005237
0.005164
0.005108
0.005102
0.005141
0.005163
0.005152
0.005089
0.005012
0.004948
0.004925
0.004924
0.004890
0.004790
0.004640
0.004477
0.004354
0.004273
0.004264
0.004282
0.004298
0.004253
0.004178
0.004119
0.004139
0.004241
0.004397
0.004534
0.004604
0.004606
0.004603
0.004692
0.004876
0.005110
0.005264
0.005284
0.005164
0.004952
0.004727
0.004545
0.004464
0.004470
0.004520
0.004552
0.004547
0.004521
0.004508
0.004518
0.004564
0.004613
0.004678
0.004742
0.004862
0.005014
0.005187
0.005306
0.005368
0.005357
0.005273
0.005105
0.004885
0.004708
0.004636
0.004712
0.004859
0.005032
0.005125
0.005145
0.005092
0.005057
0.005030
0.005007
0.004959
0.004913
0.004844
0.004764
0.004682
0.004725
0.004902
0.005182
0.005406
0.005515
0.005513
0.005469
0.005436
0.005400
0.005325
0.005208
0.005097
0.005087
0.005176
0.005314
0.005385
0.005363
0.005267
0.005183
0.005178
0.005280
0.005438
0.005541
0.005496
0.005290
0.004995
0.004706
0.004490
0.004349
0.004265
0.004180
0.004107
0.004046
0.004067
0.004143
0.004289
0.004464
0.004669
0.004871
0.005034
0.005143
0.005202
0.005214
0.005178
0.005064
0.004896
0.004700
0.004542
0.004439
0.004373
0.004327
0.004291
0.004293
0.004314
0.004349
0.004384
0.004443
0.004530
0.004632
0.004715
0.004753
0.004720
0.004603
0.004415
0.004214
0.004085
0.004085
0.004235
0.004465
0.004698
0.004820
0.004813
0.004680
0.004497
0.004297
0.004117
0.003966
0.003862
0.003822
0.003845
0.003916
0.003995
0.004046
0.004034
0.003961
0.003877
0.003868
0.003995
0.004205
0.004424
0.004550
0.004620
0.004628
0.004665
0.004706
0.004792
0.004867
0.004944
0.005009
0.005059
0.005093
0.005076
0.005053
0.005030
0.005105
0.005251
0.005425
0.005495
0.005410
0.005196
0.004935
0.004698
0.004472
0.004243
0.004024
0.003886
0.003849
0.003882
0.003923
0.003958
0.003977
0.003978
0.003957
0.003940
0.003939
0.003951
0.003971
0.004003
0.004079
0.004197
0.004342
0.004476
0.004574
0.004625
0.004603
0.004526
0.004424
0.004383
0.004413
0.004506
0.004606
0.004721
0.004814
0.004853
0.004792
0.004683
0.004653
0.004804
0.005135
0.005499
0.005723
0.005736
0.005587
0.005423
0.005290
0.005204
0.005091
0.004960
0.004780
0.004608
0.004435
0.004303
0.004166
0.004080
0.004066
0.004209
0.004415
0.004603
0.004658
0.004636
0.004604
0.004631
0.004694
0.004745
0.004783
0.004841
0.004946
0.005117
0.005332
0.005613
0.005865
0.006020
0.005959
0.005707
0.005302
0.004855
0.004467
0.004255
0.004260
0.004447
0.004721
0.005022
0.005343
0.005681
0.005990
0.006139
0.006103
0.005898
0.005680
0.005440
0.005212
0.004937
0.004709
0.004552
0.004500
0.004507
0.004546
0.004590
0.004669
0.004761
0.004869
0.004929
0.004997
0.005068
0.005183
0.005249
0.005257
0.005170
0.005054
0.004929
0.004883
0.004938
0.005097
0.005255
0.005346
0.005340
0.005306
0.005281
0.005293
0.005286
0.005257
0.005195
0.005161
0.005202
0.005342
0.005545
0.005706
0.005770
0.005704
0.005565
0.005376
0.005180
0.004993
0.004876
0.004868
0.005008
0.005237
0.005482
0.005653
0.005710
0.005630
0.005414
0.005114
0.004786
0.004526
0.004375
0.004389
0.004511
0.004713
0.004920
0.005136
0.005316
0.005431
0.005448
0.005384
0.005286
0.005186
0.005103
0.005047
0.005045
0.005109
0.005189
0.005222
0.005159
0.005046
0.004914
0.004801
0.004688
0.004588
0.004489
0.004401
0.004307
0.004243
0.004221
0.004259
0.004288
0.004282
0.004253
0.004281
0.004388
0.004510
0.004574
0.004560
0.004545
0.004575
0.004719
0.004950
0.005267
0.005573
0.005872
0.006111
0.006278
0.006267
0.006039
0.005631
0.005175
0.004814
0.004622
0.004647
0.004850
0.005157
0.005406
0.005499
0.005392
0.005166
0.004917
0.004759
0.004741
0.004857
0.005012
0.005137
0.005164
0.005122
0.005024
0.004931
0.004857
0.004820
0.004792
0.004769
0.004738
0.004715
0.004694
0.004684
0.004649
0.004585
0.004485
0.004389
0.004311
0.004271
0.004271
0.004326
0.004421
0.004542
0.004653
0.004747
0.004770
0.004727
0.004627
0.004556
0.004547
0.004599
0.004651
0.004672
0.004663
0.004660
0.004669
0.004655
0.004602
0.004530
0.004513
0.004586
0.004721
0.004853
0.004925
0.004949
0.004972
0.005027
0.005108
0.005142
0.005088
0.004939
0.004740
0.004536
0.004359
0.004250
0.004249
0.004361
0.004533
0.004681
0.004772
0.004819
0.004865
0.004906
0.004978
0.005115
0.005402
0.005740
0.006020
0.006091
0.006033
0.005924
0.005826
0.005710
0.005561
0.005436
0.005344
0.005290
0.005238
0.005188
0.005109
0.004972
0.004769
0.004556
0.004402
0.004348
0.004386
0.004473
0.004583
0.004686
0.004769
0.004797
0.004738
0.004593
0.004401
0.004225
0.004111
0.004067
0.004093
0.004190
0.004372
0.004639
0.004952
0.005265
0.005529
0.005715
0.005824
0.005849
0.005818
0.005715
0.005538
0.005278
0.004991
0.004732
0.004549
0.004425
0.004332
0.004225
0.004080
0.003892
0.003707
0.003607
0.003621
0.003745
0.003885
0.003995
0.004016
0.003972
0.003896
0.003859
0.003880
0.003931
0.003950
0.003928
0.003891
0.003921
0.004024
0.004212
0.004394
0.004546
0.004609
0.004613
0.004574
0.004535
0.004536
0.004599
0.004753
0.004978
0.005236
0.005451
0.005558
0.005540
0.005428
0.005289
0.005163
0.005050
0.004917
0.004750
0.004593
0.004499
0.004525
0.004648
0.004879
0.005135
0.005388
0.005520
0.005560
0.005528
0.005518
0.005524
0.005494
0.005353
0.005104
0.004808
0.004577
0.004435
0.004391
0.004377
0.004356
0.004298
0.004231
0.004179
0.004143
0.004070
0.003969
0.003849
0.003782
0.003763
0.003829
0.003970
0.004184
0.004427
0.004646
0.004798
0.004850
0.004796
0.004698
0.004621
0.004622
0.004657
0.004676
0.004632
0.004566
0.004532
0.004604
0.004750
0.004934
0.005073
0.005182
0.005246
0.005262
0.005182
0.004987
0.004753
0.004552
0.004476
0.004464
0.004513
0.004558
0.004631
0.004636
0.004543
0.004304
0.004032
0.003816
0.003769
0.003845
0.003995
0.004104
0.004191
0.004245
0.004330
0.004430
0.004592
0.004813
0.005081
0.005339
0.005516
0.005590
0.005568
0.005510
0.005481
0.005526
0.005638
0.005736
0.005707
0.005496
0.005149
0.004818
0.004599
0.004523
0.004504
0.004477
0.004391
0.004263
0.004106
0.003949
0.003811
0.003714
0.003704
0.003813
0.004080
0.004487
0.004985
0.005472
0.005818
0.005959
0.005866
0.005624
0.005282
0.004943
0.004629
0.004378
0.004170
0.004047
0.004047
0.004191
0.004432
0.004684
0.004902
0.005087
0.005254
0.005370
0.005340
0.005166
0.004881
0.004655
0.004534
0.004587
0.004734
0.004933
0.005083
0.005156
0.005139
0.005045
0.004907
0.004727
0.004556
0.004394
0.004329
0.004340
0.004421
0.004457
0.004439
0.004392
0.004420
0.004567
0.004796
0.004997
0.005062
0.004993
0.004883
0.004868
0.004971
0.005147
0.005284
0.005357
0.005360
0.005325
0.005233
0.005065
0.004841
0.004639
0.004586
0.004717
0.004989
0.005264
0.005456
0.005525
0.005497
0.005428
0.005361
0.005337
0.005299
0.005207
0.005018
0.004773
0.004509
0.004288
0.004173
0.004205
0.004356
0.004528
0.004633
0.004662
0.004693
0.004784
0.004945
0.005046
0.005005
0.004718
0.004226
0.003558
0.002842
0.002159
0.001582
0.001124
0.000779
0.000529
0.000353
0.000233
0.000151
0.000097
0.000062
0.000039
0.000025
0.000015
0.000009
0.000006
0.000004
0.000002
0.000001
0.000001
0.000000
0.000000
0.000000
0.000000
0.000000
0.000000
0.000000
0.000000
0.000000
0.000000
0.000000
0.000000
0.000000
0.000000
0.000000
0.000000
0.000000
0.000000
0.000000
0.000000
0.000000
0.000000
0.000000
0.000000
0.000000
0.000000
0.000000
0.000000
0.000000
0.000000
0.000000
0.000000
0.000000
0.000000
0.000000
0.000000
0.000000
0.000000
0.000000
0.000000
0.000000
0.000000
0.000000
0.000000
0.000000
0.000000
0.000000
0.000000
0.000000
0.000000
0.000000
0.000000
0.000000
0.000000
0.000000
0.000000
0.000000
0.000000
0.000000
0.000000
0.000000
0.000000
0.000000
0.000000
0.000000
0.000000
0.000000
0.000000
0.000000
0.000000
0.000000
0.000000
0.000000
0.000000
0.000000
0.000000
0.000000
0.000000
0.000000
0.000000
0.000000
0.000000
0.000000
0.000000
0.000000
0.000000
0.000000
0.000000
0.000000
0.000000
0.000000
0.000000
0.000000
0.000000
0.000000
0.000000
0.000000
0.000000
0.000000
0.000000
0.000000
0.000000
0.000000
0.000000
0.000000
0.000000
0.000000
0.000000
0.000000
0.000000
0.000000
0.000000
0.000000
0.000000
0.000000
0.000000
0.000000
0.000000
0.000000
0.000000
0.000000
0.000000
0.000000
0.000000
0.000000
