кэВ    имп*м^2/с
0.024158
0.031455
0.029910
0.033430
0.036279
0.040149
0.043896
0.047979
0.052386
0.057199
0.062124
0.066925
0.071284
0.075080
0.078179
0.080691
0.082837
0.084755
0.086389
0.087494
0.088001
0.087932
0.087446
0.086674
0.085724
0.084652
0.083444
0.082171
0.080822
0.079216
0.076892
0.073140
0.067459
0.059625
0.050249
0.040281
0.030894
0.022798
0.016317
0.011382
0.007775
0.005218
0.003450
0.002252
0.001472
0.001046
0.001038
0.001883
0.006152
0.018259
0.044934
0.091149
0.163001
0.260801
0.402379
0.582408
0.793755
1.025391
1.270235
1.524812
1.788612
2.058909
2.330194
2.608050
2.889392
3.171329
3.449227
3.717695
3.964771
4.181627
4.358886
4.490509
4.577320
3.030235
2.941355
2.898831
2.865245
2.860379
2.695440
2.566755
2.464030
2.521257
2.784349
2.597578
2.962811
2.938241
3.081723
3.118048
3.092513
2.921519
2.842763
2.849048
2.954052
3.146898
4.793191
3.323119
3.197861
3.028443
2.942462
2.878095
2.856565
2.828480
2.717166
2.823737
2.679527
3.080159
2.985849
3.231144
3.456854
3.645224
3.876330
4.120575
4.480311
4.723663
4.823403
4.815831
5.014432
5.097401
6.741508
6.800047
6.861103
6.922948
6.982722
7.036572
7.081763
7.119170
5.289108
5.001228
4.823755
4.892641
4.824436
4.927329
5.132139
5.417077
5.453164
5.301016
5.081552
4.806645
4.578485
4.530680
4.592580
4.721385
4.791178
4.707210
4.390538
4.095468
3.876809
3.726382
3.657273
3.624995
3.633925
3.682517
3.757993
3.869973
3.952733
4.191285
4.416624
4.813040
5.255727
6.834929
6.807191
6.778623
6.752976
6.730804
6.710567
6.687378
6.659901
6.627358
6.592903
5.068518
5.103691
6.487939
6.454575
6.421090
6.387797
6.355157
6.324971
6.298200
6.275948
6.258348
6.244207
6.236308
4.648402
4.169496
3.837902
3.615777
3.509104
3.468927
3.438434
3.411314
3.349067
3.294326
3.255074
3.248875
3.418585
3.417617
3.611700
3.867852
5.648367
5.590323
5.532023
5.475793
5.420025
5.365469
5.311901
5.255413
5.198006
5.134845
3.532695
5.011919
4.960342
4.912001
4.863982
4.810958
4.754710
4.696272
4.638661
4.583411
4.529772
4.476890
4.425383
2.878661
2.390333
2.319421
2.299217
2.416971
2.636325
4.145331
4.110393
4.069570
4.026761
3.979581
3.931297
3.884640
3.841525
3.801902
3.763761
3.724809
3.684006
3.640928
3.596450
3.550915
3.505886
3.461057
3.416250
3.370287
3.324663
3.280268
3.237689
3.195639
3.153704
3.114756
3.079697
3.044800
3.010495
2.976684
2.944093
2.911798
2.879466
2.846553
2.814090
2.781906
2.750714
2.720067
2.689995
2.661356
2.634710
2.607809
2.583104
2.561671
2.543933
2.529280
2.515718
2.502306
2.488205
2.473586
2.458372
2.442234
2.425157
2.406774
2.387116
2.365968
2.343682
2.321031
2.298500
2.276470
2.254617
2.233568
2.213442
2.194976
2.177469
2.161116
2.145336
2.130152
2.114591
2.096472
2.077898
2.058411
2.038103
2.017914
1.998992
1.980320
1.963897
1.948305
1.931098
1.912900
1.893551
1.876179
1.858812
1.841226
1.826846
1.812682
1.798933
1.787033
1.775469
1.764186
1.754110
1.741760
1.730496
1.717391
1.704203
1.692516
1.683125
1.675169
1.666942
1.657498
1.647149
1.636508
1.625307
1.613181
1.599968
1.586131
1.572295
1.559365
1.547773
1.537356
1.527563
1.518486
1.510882
1.505203
1.501282
1.498001
1.493894
1.487343
1.477835
1.466044
1.453603
1.441860
1.431575
1.422958
1.415891
1.409558
1.402716
1.394299
1.384538
1.374484
1.364807
1.355795
1.346815
1.337939
1.328714
1.319227
1.309368
1.299111
1.289082
1.279647
1.271810
1.265405
1.259749
1.254516
1.249740
1.246288
1.243078
1.239023
1.232875
1.225617
1.218476
1.212340
1.206102
1.198667
1.189425
1.179660
1.170666
1.163069
1.156420
1.149861
1.143640
1.137897
1.133375
1.128717
1.125765
1.123011
1.120722
1.119025
1.118177
1.117436
1.116035
1.113515
1.110474
1.107553
1.104783
1.102031
1.098922
1.096406
1.093949
1.091533
1.087352
1.081957
1.075591
1.070136
1.066154
1.063890
1.062305
1.060342
1.057645
1.054649
1.051958
1.049285
1.045914
1.041462
1.036664
1.032332
1.028795
1.025554
1.022524
1.019853
1.017530
1.015211
1.012208
1.008435
1.003643
0.998065
0.992299
0.987063
0.983108
0.980003
0.977982
0.976624
0.976127
0.975230
0.973171
0.969676
0.965527
0.961853
0.958537
0.955979
0.953505
0.951303
0.947752
0.942516
0.935427
0.928196
0.921461
0.915228
0.908134
0.899520
0.889440
0.879239
0.869846
0.862429
0.854772
0.846660
0.839546
0.833192
0.828185
0.823251
0.818761
0.814775
0.810240
0.804814
0.797697
0.788935
0.777808
0.764263
0.748374
0.731283
0.713780
0.696355
0.678594
0.660452
0.642314
0.625440
0.610754
0.598491
0.587724
0.577218
0.566389
0.555525
0.545553
0.536837
0.529274
0.522354
0.515573
0.508224
0.500909
0.493241
0.485410
0.478239
0.472831
0.469676
0.469005
0.469818
0.471959
0.474693
0.477897
0.480610
0.481980
0.481621
0.479706
0.477525
0.475906
0.475268
0.474547
0.472395
0.468126
0.462385
0.456455
0.451181
0.446554
0.442621
0.438996
0.435588
0.431559
0.427325
0.423018
0.419551
0.416492
0.413722
0.410683
0.407416
0.404116
0.401194
0.399237
0.398070
0.397256
0.395976
0.394430
0.392933
0.391812
0.390815
0.389678
0.388473
0.386974
0.385083
0.382185
0.378575
0.374401
0.370527
0.366906
0.363849
0.361158
0.359419
0.358798
0.359715
0.361590
0.363699
0.364667
0.364316
0.362741
0.361161
0.359621
0.358572
0.357512
0.356890
0.356543
0.356721
0.357055
0.357237
0.356818
0.355635
0.353490
0.350659
0.347408
0.344780
0.343128
0.342791
0.343279
0.344175
0.345068
0.345507
0.345425
0.344734
0.343621
0.342107
0.339931
0.337088
0.333657
0.330277
0.327360
0.325212
0.323970
0.323627
0.324031
0.324487
0.324024
0.322164
0.319166
0.316369
0.314453
0.313837
0.313945
0.314693
0.316033
0.318072
0.320726
0.323598
0.326680
0.329830
0.333115
0.336110
0.338633
0.340616
0.342275
0.343662
0.344627
0.344875
0.344414
0.343709
0.343727
0.345210
0.348311
0.352545
0.357343
0.362334
0.367596
0.372955
0.378611
0.383999
0.389270
0.393995
0.398637
0.403362
0.408302
0.413332
0.417929
0.422498
0.426955
0.431874
0.436894
0.442890
0.450689
0.462072
0.478094
0.499145
0.525142
0.555869
0.592459
0.635276
0.686249
0.746985
0.821818
0.912168
1.018456
1.137911
1.269634
1.413583
1.567294
1.725959
1.870993
1.996958
2.092617
2.149967
2.163903
2.129712
2.048343
1.925780
1.772689
1.598799
1.414694
1.228297
1.050179
0.882035
0.730284
0.597019
0.483729
0.390321
0.315234
0.256086
0.210187
0.174744
0.146908
0.124607
0.106392
0.091646
0.079550
0.069804
0.061922
0.055934
0.051410
0.048164
0.045704
0.043751
0.041876
0.040022
0.038426
0.037484
0.037323
0.037671
0.038175
0.038705
0.039344
0.040303
0.041445
0.042508
0.042975
0.042813
0.042301
0.042077
0.042337
0.042978
0.043558
0.043981
0.044063
0.043928
0.043551
0.043322
0.043399
0.043873
0.044442
0.044898
0.045108
0.045170
0.045225
0.045394
0.045780
0.046323
0.046984
0.047502
0.047609
0.047037
0.045554
0.043315
0.040623
0.038273
0.036863
0.036574
0.037135
0.037927
0.038782
0.039447
0.040087
0.040538
0.040914
0.041137
0.041353
0.041538
0.041705
0.041547
0.040890
0.039658
0.038277
0.037165
0.036722
0.036907
0.037587
0.038339
0.039115
0.039842
0.040697
0.041401
0.041747
0.041572
0.041115
0.040703
0.040523
0.040601
0.040676
0.040718
0.040643
0.040623
0.040552
0.040327
0.039873
0.039263
0.038767
0.038437
0.038198
0.037783
0.037084
0.036340
0.035748
0.035550
0.035572
0.035819
0.036062
0.036287
0.036156
0.035705
0.034864
0.034165
0.033690
0.033564
0.033387
0.033209
0.033144
0.033508
0.034176
0.035091
0.035917
0.036719
0.037230
0.037455
0.037057
0.036108
0.034804
0.033581
0.032590
0.031720
0.030935
0.030351
0.030241
0.030542
0.031070
0.031453
0.031648
0.031713
0.031952
0.032463
0.033320
0.034267
0.035034
0.035171
0.034610
0.033550
0.032564
0.032054
0.032041
0.032190
0.032096
0.031660
0.031043
0.030566
0.030369
0.030455
0.030575
0.030604
0.030394
0.030012
0.029474
0.028913
0.028455
0.028256
0.028220
0.028241
0.028069
0.027774
0.027270
0.026746
0.026149
0.025642
0.025189
0.024974
0.024975
0.025173
0.025329
0.025452
0.025572
0.025863
0.026292
0.026857
0.027458
0.028052
0.028611
0.029200
0.029858
0.030629
0.031404
0.032205
0.032840
0.033276
0.033359
0.033273
0.033051
0.032758
0.032205
0.031376
0.030325
0.029299
0.028533
0.028050
0.027760
0.027477
0.027184
0.026941
0.026754
0.026571
0.026144
0.025357
0.024186
0.023028
0.022173
0.021963
0.022229
0.022980
0.023942
0.025083
0.026237
0.027267
0.028050
0.028409
0.028490
0.028614
0.029086
0.030057
0.031169
0.032326
0.033189
0.033946
0.034411
0.034797
0.035027
0.035250
0.035337
0.035188
0.034805
0.034306
0.033903
0.033532
0.033098
0.032489
0.031798
0.031113
0.030527
0.030008
0.029515
0.028973
0.028413
0.027917
0.027495
0.027074
0.026610
0.026223
0.026118
0.026340
0.026797
0.027311
0.027833
0.028339
0.028766
0.029008
0.029130
0.029306
0.029851
0.030690
0.031680
0.032336
0.032518
0.032237
0.031949
0.032094
0.032840
0.033994
0.035196
0.036329
0.037394
0.038467
0.039471
0.040356
0.041053
0.041663
0.042301
0.043170
0.044226
0.045316
0.046198
0.046790
0.047135
0.047113
0.046685
0.045647
0.044293
0.042627
0.041021
0.039442
0.038240
0.037355
0.036728
0.036054
0.035277
0.034593
0.034235
0.034238
0.034338
0.034236
0.033891
0.033493
0.033387
0.033600
0.033953
0.034112
0.033925
0.033549
0.033139
0.032891
0.032715
0.032559
0.032358
0.032065
0.031774
0.031477
0.031363
0.031282
0.031217
0.030975
0.030805
0.030794
0.031115
0.031597
0.032126
0.032468
0.032534
0.032273
0.031848
0.031383
0.031069
0.030958
0.031071
0.031281
0.031365
0.031232
0.030906
0.030693
0.030744
0.031087
0.031500
0.031899
0.032311
0.032763
0.033069
0.032970
0.032461
0.031818
0.031413
0.031441
0.031824
0.032287
0.032428
0.032097
0.031299
0.030387
0.029478
0.028855
0.028383
0.028239
0.028277
0.028775
0.029567
0.030684
0.031758
0.032772
0.033466
0.033857
0.033872
0.033817
0.033861
0.034176
0.034607
0.034957
0.034881
0.034280
0.033205
0.032042
0.031048
0.030495
0.030401
0.030746
0.031330
0.031943
0.032454
0.032765
0.032844
0.032613
0.032135
0.031569
0.031117
0.030883
0.030806
0.030779
0.030717
0.030518
0.030247
0.029801
0.029380
0.028817
0.028376
0.027942
0.027709
0.027524
0.027339
0.027051
0.026545
0.025972
0.025397
0.025095
0.024938
0.024951
0.024878
0.024669
0.024110
0.023244
0.022142
0.020843
0.019237
0.017189
0.014820
0.012457
0.010341
0.008581
0.007155
0.006310
0.006274
0.007211
0.008875
0.011020
0.013467
0.016251
0.019269
0.022227
0.024776
0.026765
0.028349
0.029758
0.031107
0.032357
0.033360
0.034071
0.034501
0.034756
0.034868
0.034807
0.034530
0.034109
0.033606
0.033189
0.032860
0.032766
0.032910
0.033391
0.034027
0.034564
0.034754
0.034649
0.034448
0.034322
0.034255
0.034151
0.033949
0.033626
0.033260
0.032839
0.032430
0.032110
0.032114
0.032678
0.033730
0.034939
0.035710
0.035832
0.035369
0.034716
0.034036
0.033419
0.032863
0.032529
0.032449
0.032569
0.032654
0.032567
0.032221
0.031752
0.031382
0.031325
0.031626
0.032054
0.032408
0.032492
0.032427
0.032369
0.032452
0.032660
0.032855
0.033089
0.033398
0.033823
0.034164
0.034157
0.033708
0.032926
0.032117
0.031519
0.031254
0.031407
0.031864
0.032468
0.032798
0.032734
0.032281
0.031735
0.031135
0.030389
0.029300
0.027914
0.026487
0.025287
0.024354
0.023542
0.022769
0.022052
0.021493
0.020988
0.020489
0.019887
0.019350
0.018939
0.018807
0.018939
0.019370
0.020118
0.021158
0.022616
0.024405
0.026397
0.027993
0.028826
0.028867
0.028562
0.028395
0.028513
0.028947
0.029492
0.030068
0.030425
0.030549
0.030334
0.029884
0.029255
0.028710
0.028465
0.028625
0.029034
0.029465
0.029725
0.029781
0.029585
0.029168
0.028465
0.027545
0.026378
0.025080
0.023644
0.022253
0.020953
0.019933
0.019140
0.018587
0.018221
0.018061
0.018252
0.018676
0.019248
0.019509
0.019409
0.018904
0.018353
0.017865
0.017540
0.017252
0.016969
0.016720
0.016571
0.016584
0.016652
0.016716
0.016661
0.016569
0.016525
0.016635
0.016877
0.017157
0.017432
0.017735
0.018099
0.018491
0.018823
0.019012
0.018971
0.018547
0.017783
0.016808
0.015993
0.015469
0.015295
0.015270
0.015278
0.015247
0.015272
0.015386
0.015505
0.015446
0.015210
0.014949
0.014935
0.015161
0.015565
0.015913
0.016176
0.016286
0.016257
0.016031
0.015586
0.014991
0.014300
0.013556
0.012714
0.011833
0.010994
0.010363
0.010008
0.010002
0.010177
0.010417
0.010531
0.010637
0.010806
0.011209
0.011810
0.012527
0.013188
0.013617
0.013763
0.013590
0.013281
0.012897
0.012569
0.012188
0.011799
0.011318
0.010830
0.010314
0.009926
0.009719
0.009749
0.009964
0.010376
0.011021
0.011842
0.012653
0.013218
0.013436
0.013413
0.013366
0.013489
0.013800
0.014157
0.014383
0.014406
0.014284
0.014123
0.013970
0.013885
0.013945
0.014232
0.014666
0.014953
0.014822
0.014171
0.013228
0.012263
0.011507
0.011048
0.010920
0.011080
0.011369
0.011570
0.011594
0.011497
0.011457
0.011527
0.011710
0.011868
0.011921
0.011825
0.011712
0.011724
0.011900
0.012102
0.012137
0.011974
0.011683
0.011465
0.011377
0.011473
0.011671
0.011909
0.012101
0.012150
0.012046
0.011750
0.011433
0.011113
0.010901
0.010641
0.010397
0.010171
0.010173
0.010456
0.011025
0.011753
0.012439
0.012952
0.013127
0.013056
0.012818
0.012736
0.012892
0.013411
0.014068
0.014684
0.014903
0.014716
0.014189
0.013672
0.013255
0.013032
0.012918
0.012923
0.013047
0.013264
0.013572
0.013830
0.013939
0.013814
0.013577
0.013424
0.013466
0.013727
0.014128
0.014639
0.015164
0.015619
0.015947
0.016246
0.016738
0.017604
0.018814
0.020193
0.021508
0.022733
0.023800
0.024825
0.025777
0.026746
0.027621
0.028439
0.029290
0.030377
0.031784
0.033345
0.034844
0.035983
0.036821
0.037323
0.037657
0.037631
0.037381
0.036866
0.036339
0.035578
0.034534
0.032846
0.030590
0.027806
0.024928
0.022213
0.019887
0.017900
0.016200
0.014664
0.013233
0.011836
0.010517
0.009354
0.008432
0.007751
0.007295
0.007033
0.006952
0.006975
0.006997
0.006989
0.007001
0.007179
0.007521
0.007964
0.008316
0.008527
0.008588
0.008587
0.008518
0.008350
0.008069
0.007701
0.007359
0.007149
0.007233
0.007548
0.007911
0.008034
0.007844
0.007410
0.006896
0.006436
0.006102
0.005917
0.005857
0.005894
0.006039
0.006300
0.006728
0.007172
0.007523
0.007640
0.007696
0.007784
0.008004
0.008251
0.008451
0.008513
0.008405
0.008152
0.007820
0.007510
0.007301
0.007195
0.007129
0.006931
0.006585
0.006136
0.005806
0.005653
0.005679
0.005760
0.005836
0.005839
0.005744
0.005560
0.005343
0.005139
0.004960
0.004795
0.004638
0.004496
0.004456
0.004562
0.004867
0.005207
0.005503
0.005620
0.005607
0.005444
0.005153
0.004780
0.004409
0.004147
0.004027
0.004043
0.004151
0.004251
0.004292
0.004312
0.004456
0.004835
0.005413
0.006150
0.006965
0.007836
0.008579
0.009055
0.009207
0.009254
0.009442
0.009940
0.010655
0.011390
0.011969
0.012362
0.012657
0.012937
0.013248
0.013584
0.013924
0.014208
0.014428
0.014596
0.014848
0.015208
0.015751
0.016349
0.016981
0.017454
0.017714
0.017646
0.017331
0.016801
0.016089
0.015148
0.014025
0.012840
0.011721
0.010676
0.009685
0.008720
0.007896
0.007242
0.006820
0.006534
0.006399
0.006334
0.006299
0.006147
0.005846
0.005449
0.005118
0.004955
0.004925
0.004947
0.004931
0.004921
0.004928
0.004966
0.004942
0.004799
0.004543
0.004280
0.004103
0.004023
0.003951
0.003802
0.003580
0.003340
0.003180
0.003072
0.003034
0.003010
0.003082
0.003198
0.003346
0.003420
0.003403
0.003291
0.003091
0.002843
0.002600
0.002446
0.002379
0.002333
0.002275
0.002221
0.002280
0.002446
0.002681
0.002852
0.002936
0.002949
0.002965
0.003022
0.003137
0.003285
0.003434
0.003534
0.003601
0.003636
0.003707
0.003821
0.004014
0.004236
0.004428
0.004542
0.004581
0.004524
0.004350
0.004008
0.003577
0.003107
0.002717
0.002434
0.002343
0.002447
0.002748
0.003148
0.003521
0.003754
0.003753
0.003573
0.003271
0.003026
0.002891
0.002919
0.003031
0.003177
0.003319
0.003442
0.003539
0.003546
0.003479
0.003325
0.003162
0.003016
0.002993
0.003125
0.003405
0.003703
0.003915
0.003964
0.003870
0.003694
0.003530
0.003432
0.003405
0.003420
0.003478
0.003573
0.003700
0.003872
0.004148
0.004642
0.005296
0.005991
0.006483
0.006728
0.006690
0.006516
0.006276
0.006158
0.006141
0.006175
0.006061
0.005766
0.005364
0.004996
0.004744
0.004525
0.004284
0.003969
0.003685
0.003492
0.003406
0.003384
0.003349
0.003325
0.003291
0.003352
0.003504
0.003826
0.004265
0.004782
0.005256
0.005617
0.005848
0.006029
0.006211
0.006414
0.006525
0.006509
0.006342
0.006126
0.005860
0.005583
0.005278
0.005053
0.004921
0.004950
0.004996
0.005004
0.004830
0.004580
0.004300
0.004105
0.003936
0.003781
0.003606
0.003446
0.003304
0.003175
0.003032
0.002898
0.002823
0.002852
0.002942
0.003039
0.003098
0.003123
0.003108
0.003059
0.003008
0.002973
0.002966
0.002968
0.002985
0.003004
0.002996
0.002985
0.002992
0.003073
0.003149
0.003185
0.003126
0.003047
0.002991
0.003007
0.003113
0.003292
0.003530
0.003756
0.003955
0.004121
0.004256
0.004384
0.004488
0.004652
0.004837
0.005054
0.005156
0.005086
0.004802
0.004393
0.003998
0.003710
0.003619
0.003664
0.003862
0.004081
0.004318
0.004446
0.004516
0.004501
0.004456
0.004335
0.004187
0.004063
0.004026
0.004077
0.004179
0.004264
0.004250
0.004098
0.003841
0.003552
0.003298
0.003136
0.003117
0.003241
0.003473
0.003739
0.004027
0.004245
0.004333
0.004210
0.003942
0.003636
0.003411
0.003330
0.003387
0.003543
0.003731
0.003890
0.003983
0.003997
0.003974
0.003933
0.003921
0.003908
0.003874
0.003737
0.003504
0.003211
0.002992
0.002907
0.002986
0.003102
0.003199
0.003192
0.003199
0.003230
0.003382
0.003564
0.003760
0.003829
0.003771
0.003573
0.003342
0.003148
0.003065
0.003102
0.003208
0.003311
0.003363
0.003385
0.003396
0.003413
0.003441
0.003511
0.003677
0.003907
0.004148
0.004245
0.004199
0.004004
0.003773
0.003524
0.003315
0.003182
0.003166
0.003276
0.003439
0.003592
0.003654
0.003595
0.003414
0.003164
0.002934
0.002773
0.002730
0.002772
0.002875
0.002946
0.002994
0.003062
0.003235
0.003450
0.003579
0.003536
0.003394
0.003306
0.003370
0.003601
0.003924
0.004235
0.004411
0.004394
0.004213
0.003967
0.003789
0.003731
0.003841
0.004027
0.004263
0.004393
0.004378
0.004135
0.003736
0.003250
0.002775
0.002364
0.002073
0.001919
0.001885
0.001873
0.001833
0.001751
0.001697
0.001713
0.001810
0.001967
0.002129
0.002303
0.002441
0.002566
0.002608
0.002595
0.002515
0.002454
0.002410
0.002401
0.002374
0.002328
0.002244
0.002126
0.001961
0.001757
0.001529
0.001300
0.001101
0.000955
0.000889
0.000913
0.001021
0.001175
0.001353
0.001519
0.001687
0.001799
0.001872
0.001876
0.001906
0.001957
0.002091
0.002246
0.002431
0.002565
0.002646
0.002648
0.002627
0.002636
0.002711
0.002856
0.003013
0.003174
0.003288
0.003379
0.003375
0.003324
0.003206
0.003108
0.003007
0.002929
0.002854
0.002842
0.002932
0.003119
0.003291
0.003338
0.003217
0.002989
0.002723
0.002479
0.002299
0.002254
0.002361
0.002587
0.002806
0.002938
0.002937
0.002840
0.002683
0.002510
0.002348
0.002209
0.002114
0.002101
0.002192
0.002360
0.002499
0.002540
0.002470
0.002374
0.002327
0.002388
0.002552
0.002757
0.002925
0.002974
0.002917
0.002765
0.002613
0.002496
0.002477
0.002515
0.002588
0.002633
0.002646
0.002589
0.002503
0.002415
0.002397
0.002390
0.002413
0.002454
0.002634
0.002887
0.003158
0.003307
0.003369
0.003355
0.003344
0.003350
0.003429
0.003588
0.003804
0.004007
0.004118
0.004125
0.004066
0.003999
0.003937
0.003882
0.003804
0.003668
0.003443
0.003168
0.002951
0.002872
0.002975
0.003157
0.003346
0.003411
0.003360
0.003193
0.002964
0.002717
0.002497
0.002392
0.002422
0.002586
0.002786
0.002913
0.002905
0.002768
0.002596
0.002438
0.002350
0.002350
0.002442
0.002589
0.002681
0.002689
0.002591
0.002468
0.002304
0.002139
0.001974
0.001868
0.001819
0.001830
0.001881
0.001975
0.002053
0.002076
0.002004
0.001884
0.001737
0.001606
0.001483
0.001386
0.001316
0.001285
0.001301
0.001353
0.001465
0.001616
0.001829
0.002031
0.002169
0.002156
0.002010
0.001792
0.001587
0.001432
0.001336
0.001301
0.001320
0.001373
0.001447
0.001540
0.001667
0.001805
0.001935
0.002028
0.002065
0.002043
0.001935
0.001785
0.001617
0.001510
0.001445
0.001407
0.001342
0.001273
0.001219
0.001212
0.001253
0.001349
0.001520
0.001781
0.002134
0.002496
0.002763
0.002840
0.002725
0.002488
0.002224
0.002024
0.001976
0.002099
0.002333
0.002549
0.002694
0.002793
0.002922
0.003130
0.003406
0.003669
0.003786
0.003682
0.003390
0.003067
0.002829
0.002752
0.002765
0.002807
0.002769
0.002662
0.002484
0.002328
0.002236
0.002274
0.002420
0.002616
0.002765
0.002792
0.002677
0.002468
0.002258
0.002146
0.002121
0.002176
0.002225
0.002260
0.002210
0.002081
0.001885
0.001678
0.001507
0.001377
0.001305
0.001259
0.001259
0.001259
0.001260
0.001217
0.001145
0.001057
0.001024
0.001077
0.001232
0.001417
0.001579
0.001670
0.001687
0.001639
0.001572
0.001548
0.001596
0.001651
0.001681
0.001689
0.001793
0.002005
0.002266
0.002446
0.002479
0.002366
0.002156
0.001899
0.001659
0.001465
0.001335
0.001301
0.001413
0.001713
0.002095
0.002399
0.002481
0.002386
0.002257
0.002216
0.002280
0.002351
0.002368
0.002264
0.002101
0.001913
0.001793
0.001719
0.001671
0.001573
0.001430
0.001264
0.001135
0.001062
0.001037
0.001011
0.000993
0.001005
0.001120
0.001277
0.001439
0.001533
0.001627
0.001755
0.001916
0.002047
0.002061
0.001968
0.001783
0.001590
0.001411
0.001332
0.001393
0.001617
0.001877
0.002075
0.002140
0.002161
0.002186
0.002254
0.002307
0.002325
0.002301
0.002282
0.002312
0.002389
0.002474
0.002516
0.002477
0.002386
0.002260
0.002159
0.002042
0.001932
0.001790
0.001664
0.001524
0.001420
0.001362
0.001408
0.001506
0.001619
0.001707
0.001814
0.001971
0.002150
0.002285
0.002298
0.002202
0.002050
0.001930
0.001913
0.002013
0.002197
0.002358
0.002416
0.002351
0.002205
0.002025
0.001827
0.001626
0.001449
0.001318
0.001240
0.001198
0.001171
0.001149
0.001134
0.001144
0.001206
0.001303
0.001403
0.001436
0.001402
0.001309
0.001212
0.001110
0.001026
0.000961
0.000953
0.000981
0.001043
0.001084
0.001094
0.001037
0.000929
0.000785
0.000641
0.000538
0.000517
0.000609
0.000765
0.000918
0.000981
0.000961
0.000886
0.000828
0.000807
0.000822
0.000845
0.000863
0.000884
0.000903
0.000928
0.000931
0.000918
0.000867
0.000798
0.000712
0.000629
0.000564
0.000541
0.000577
0.000650
0.000710
0.000724
0.000690
0.000641
0.000581
0.000532
0.000493
0.000497
0.000514
0.000537
0.000531
0.000520
0.000499
0.000483
0.000467
0.000467
0.000507
0.000602
0.000763
0.000954
0.001128
0.001269
0.001389
0.001534
0.001653
0.001725
0.001669
0.001536
0.001358
0.001251
0.001255
0.001366
0.001528
0.001671
0.001787
0.001838
0.001852
0.001814
0.001775
0.001699
0.001600
0.001455
0.001322
0.001181
0.001065
0.000959
0.000919
0.000914
0.000938
0.000944
0.000966
0.000996
0.001040
0.001043
0.001004
0.000914
0.000808
0.000722
0.000710
0.000840
0.001084
0.001389
0.001603
0.001695
0.001626
0.001481
0.001285
0.001093
0.000903
0.000747
0.000646
0.000632
0.000678
0.000760
0.000842
0.000917
0.000991
0.001054
0.001104
0.001112
0.001091
0.001053
0.001001
0.000932
0.000830
0.000717
0.000596
0.000485
0.000387
0.000307
0.000251
0.000215
0.000199
0.000198
0.000218
0.000256
0.000316
0.000375
0.000457
0.000551
0.000682
0.000778
0.000831
0.000787
0.000702
0.000585
0.000482
0.000392
0.000330
0.000292
0.000268
0.000249
0.000228
0.000209
0.000189
0.000180
0.000182
0.000212
0.000258
0.000318
0.000376
0.000438
0.000485
0.000522
0.000555
0.000623
0.000724
0.000822
0.000869
0.000853
0.000805
0.000740
0.000678
0.000619
0.000587
0.000589
0.000610
0.000628
0.000609
0.000560
0.000482
0.000397
0.000315
0.000260
0.000249
0.000302
0.000399
0.000527
0.000650
0.000768
0.000841
0.000862
0.000817
0.000739
0.000648
0.000571
0.000528
0.000531
0.000580
0.000640
0.000672
0.000664
0.000653
0.000703
0.000835
0.001015
0.001184
0.001294
0.001327
0.001283
0.001176
0.001045
0.000907
0.000785
0.000667
0.000571
0.000489
0.000430
0.000382
0.000375
0.000417
0.000534
0.000653
0.000740
0.000732
0.000685
0.000631
0.000629
0.000672
0.000748
0.000860
0.001046
0.001301
0.001575
0.001748
0.001790
0.001686
0.001570
0.001509
0.001618
0.001802
0.001983
0.002017
0.001944
0.001808
0.001681
0.001559
0.001437
0.001338
0.001303
0.001348
0.001431
0.001482
0.001459
0.001375
0.001265
0.001153
0.001031
0.000897
0.000753
0.000622
0.000521
0.000471
0.000476
0.000518
0.000568
0.000604
0.000630
0.000640
0.000637
0.000602
0.000567
0.000544
0.000568
0.000593
0.000605
0.000562
0.000502
0.000443
0.000428
0.000451
0.000483
0.000496
0.000498
0.000538
0.000640
0.000778
0.000899
0.000964
0.000961
0.000905
0.000811
0.000709
0.000614
0.000533
0.000466
0.000405
0.000354
0.000302
0.000256
0.000212
0.000182
0.000179
0.000217
0.000292
0.000385
0.000484
0.000587
0.000713
0.000830
0.000911
0.000905
0.000834
0.000716
0.000596
0.000496
0.000447
0.000455
0.000494
0.000542
0.000569
0.000605
0.000637
0.000691
0.000719
0.000736
0.000702
0.000647
0.000556
0.000463
0.000367
0.000287
0.000223
0.000181
0.000160
0.000162
0.000175
0.000189
0.000200
0.000213
0.000232
0.000249
0.000254
0.000247
0.000240
0.000247
0.000258
0.000267
0.000260
0.000250
0.000237
0.000230
0.000222
0.000215
0.000211
0.000211
0.000219
0.000232
0.000254
0.000279
0.000304
0.000312
0.000306
0.000285
0.000258
0.000234
0.000232
0.000273
0.000350
0.000440
0.000512
0.000565
0.000634
0.000722
0.000837
0.000917
0.000964
0.000948
0.000908
0.000833
0.000745
0.000646
0.000566
0.000520
0.000518
0.000541
0.000578
0.000613
0.000642
0.000646
0.000610
0.000553
0.000510
0.000522
0.000580
0.000643
0.000671
0.000651
0.000615
0.000578
0.000556
0.000533
0.000514
0.000498
0.000506
0.000536
0.000591
0.000647
0.000695
0.000723
0.000750
0.000768
0.000763
0.000707
0.000612
0.000498
0.000398
0.000327
0.000297
0.000289
0.000289
0.000276
0.000267
0.000271
0.000311
0.000370
0.000442
0.000498
0.000550
0.000615
0.000734
0.000901
0.001076
0.001180
0.001184
0.001090
0.000953
0.000813
0.000706
0.000640
0.000605
0.000598
0.000604
0.000639
0.000678
0.000718
0.000728
0.000723
0.000698
0.000681
0.000658
0.000632
0.000588
0.000544
0.000505
0.000487
0.000479
0.000481
0.000476
0.000463
0.000432
0.000390
0.000347
0.000309
0.000280
0.000252
0.000237
0.000236
0.000263
0.000300
0.000367
0.000463
0.000605
0.000738
0.000824
0.000825
0.000776
0.000706
0.000646
0.000598
0.000573
0.000572
0.000610
0.000657
0.000712
0.000732
0.000727
0.000671
0.000596
0.000512
0.000457
0.000441
0.000446
0.000450
0.000435
0.000419
0.000421
0.000456
0.000522
0.000582
0.000617
0.000615
0.000599
0.000580
0.000557
0.000520
0.000488
0.000499
0.000595
0.000753
0.000918
0.001004
0.000999
0.000908
0.000781
0.000650
0.000546
0.000487
0.000482
0.000527
0.000606
0.000679
0.000729
0.000744
0.000762
0.000780
0.000814
0.000823
0.000822
0.000813
0.000854
0.000922
0.001015
0.001067
0.001093
0.001071
0.001038
0.000991
0.000942
0.000875
0.000782
0.000675
0.000568
0.000477
0.000420
0.000418
0.000483
0.000585
0.000685
0.000765
0.000852
0.000977
0.001110
0.001210
0.001210
0.001127
0.000979
0.000825
0.000688
0.000602
0.000573
0.000606
0.000669
0.000741
0.000799
0.000849
0.000868
0.000853
0.000792
0.000724
0.000659
0.000625
0.000609
0.000623
0.000644
0.000675
0.000691
0.000701
0.000683
0.000650
0.000600
0.000580
0.000605
0.000700
0.000834
0.000988
0.001123
0.001202
0.001204
0.001121
0.000999
0.000865
0.000749
0.000658
0.000615
0.000645
0.000737
0.000849
0.000925
0.000950
0.000925
0.000878
0.000832
0.000809
0.000835
0.000913
0.001042
0.001194
0.001326
0.001425
0.001472
0.001508
0.001515
0.001509
0.001480
0.001460
0.001467
0.001471
0.001434
0.001319
0.001167
0.001006
0.000860
0.000752
0.000703
0.000750
0.000838
0.000919
0.000929
0.000889
0.000825
0.000764
0.000718
0.000676
0.000705
0.000866
0.001274
0.001857
0.002525
0.003079
0.003526
0.003904
0.004337
0.004797
0.005208
0.005493
0.005670
0.005803
0.005919
0.006001
0.006010
0.005965
0.005899
0.005831
0.005707
0.005506
0.005265
0.005114
0.005103
0.005209
0.005310
0.005354
0.005326
0.005288
0.005277
0.005309
0.005332
0.005292
0.005181
0.005034
0.004899
0.004777
0.004681
0.004600
0.004555
0.004508
0.004457
0.004380
0.004298
0.004240
0.004240
0.004351
0.004561
0.004877
0.005203
0.005494
0.005675
0.005803
0.005889
0.005970
0.005987
0.005976
0.005943
0.005956
0.005989
0.006045
0.006091
0.006113
0.006078
0.005967
0.005804
0.005633
0.005528
0.005519
0.005624
0.005789
0.005945
0.005999
0.005915
0.005720
0.005497
0.005332
0.005221
0.005141
0.005025
0.004915
0.004852
0.004914
0.005070
0.005254
0.005350
0.005308
0.005140
0.004927
0.004778
0.004747
0.004866
0.005076
0.005365
0.005650
0.005882
0.006003
0.006006
0.005933
0.005798
0.005613
0.005380
0.005154
0.005009
0.004972
0.004997
0.005025
0.005024
0.005026
0.005026
0.005015
0.004973
0.004916
0.004864
0.004817
0.004752
0.004665
0.004576
0.004552
0.004647
0.004871
0.005151
0.005368
0.005469
0.005468
0.005432
0.005357
0.005233
0.005030
0.004800
0.004569
0.004429
0.004391
0.004495
0.004672
0.004910
0.005148
0.005388
0.005598
0.005770
0.005881
0.005917
0.005894
0.005832
0.005774
0.005717
0.005660
0.005554
0.005404
0.005201
0.004972
0.004696
0.004380
0.004073
0.003868
0.003868
0.004058
0.004387
0.004718
0.004983
0.005081
0.005041
0.004896
0.004786
0.004757
0.004827
0.004953
0.005096
0.005262
0.005412
0.005526
0.005526
0.005413
0.005194
0.004972
0.004813
0.004800
0.004894
0.005093
0.005323
0.005565
0.005740
0.005798
0.005734
0.005576
0.005438
0.005362
0.005388
0.005449
0.005513
0.005539
0.005537
0.005527
0.005513
0.005516
0.005520
0.005548
0.005546
0.005529
0.005465
0.005420
0.005382
0.005412
0.005507
0.005688
0.005869
0.005974
0.005960
0.005877
0.005814
0.005808
0.005849
0.005873
0.005865
0.005813
0.005757
0.005716
0.005706
0.005692
0.005622
0.005475
0.005284
0.005094
0.004957
0.004870
0.004866
0.004894
0.004930
0.004909
0.004860
0.004820
0.004848
0.004946
0.005092
0.005220
0.005284
0.005285
0.005287
0.005387
0.005583
0.005828
0.005986
0.006007
0.005877
0.005650
0.005407
0.005215
0.005135
0.005152
0.005216
0.005259
0.005259
0.005231
0.005214
0.005216
0.005256
0.005303
0.005371
0.005439
0.005565
0.005720
0.005895
0.006016
0.006081
0.006072
0.005984
0.005802
0.005558
0.005354
0.005261
0.005324
0.005470
0.005649
0.005750
0.005777
0.005730
0.005699
0.005677
0.005660
0.005620
0.005584
0.005525
0.005445
0.005355
0.005388
0.005563
0.005848
0.006082
0.006196
0.006190
0.006137
0.006095
0.006053
0.005977
0.005864
0.005761
0.005763
0.005859
0.006003
0.006077
0.006060
0.005968
0.005887
0.005882
0.005981
0.006132
0.006226
0.006172
0.005959
0.005665
0.005385
0.005183
0.005059
0.004993
0.004922
0.004858
0.004800
0.004820
0.004895
0.005043
0.005221
0.005428
0.005623
0.005772
0.005859
0.005896
0.005887
0.005834
0.005705
0.005530
0.005334
0.005185
0.005095
0.005045
0.005013
0.004985
0.004987
0.005001
0.005021
0.005037
0.005076
0.005145
0.005234
0.005316
0.005361
0.005341
0.005233
0.005046
0.004838
0.004703
0.004710
0.004890
0.005172
0.005465
0.005638
0.005658
0.005528
0.005326
0.005098
0.004885
0.004701
0.004564
0.004492
0.004489
0.004544
0.004619
0.004673
0.004670
0.004606
0.004532
0.004529
0.004664
0.004888
0.005130
0.005279
0.005367
0.005384
0.005424
0.005467
0.005560
0.005643
0.005727
0.005791
0.005838
0.005872
0.005860
0.005841
0.005818
0.005886
0.006021
0.006184
0.006243
0.006144
0.005912
0.005635
0.005388
0.005163
0.004939
0.004727
0.004595
0.004569
0.004612
0.004661
0.004694
0.004706
0.004701
0.004679
0.004666
0.004670
0.004685
0.004702
0.004722
0.004783
0.004885
0.005021
0.005152
0.005255
0.005316
0.005309
0.005252
0.005172
0.005152
0.005192
0.005284
0.005370
0.005462
0.005529
0.005548
0.005477
0.005367
0.005347
0.005512
0.005859
0.006235
0.006474
0.006504
0.006372
0.006214
0.006075
0.005977
0.005855
0.005715
0.005525
0.005337
0.005143
0.004994
0.004852
0.004775
0.004782
0.004948
0.005172
0.005371
0.005430
0.005411
0.005387
0.005421
0.005489
0.005535
0.005562
0.005609
0.005707
0.005875
0.006089
0.006371
0.006625
0.006779
0.006714
0.006454
0.006035
0.005573
0.005175
0.004968
0.004988
0.005197
0.005485
0.005789
0.006100
0.006422
0.006711
0.006837
0.006778
0.006553
0.006330
0.006096
0.005883
0.005625
0.005412
0.005263
0.005216
0.005227
0.005273
0.005326
0.005410
0.005500
0.005597
0.005636
0.005683
0.005741
0.005857
0.005933
0.005951
0.005869
0.005753
0.005626
0.005579
0.005632
0.005785
0.005934
0.006013
0.005999
0.005964
0.005947
0.005971
0.005976
0.005953
0.005890
0.005852
0.005890
0.006031
0.006245
0.006422
0.006502
0.006446
0.006306
0.006107
0.005896
0.005694
0.005568
0.005566
0.005724
0.005977
0.006241
0.006417
0.006464
0.006363
0.006122
0.005801
0.005461
0.005201
0.005058
0.005085
0.005217
0.005424
0.005632
0.005854
0.006047
0.006178
0.006208
0.006148
0.006051
0.005950
0.005865
0.005808
0.005804
0.005869
0.005953
0.005990
0.005925
0.005799
0.005650
0.005522
0.005396
0.005289
0.005185
0.005093
0.004990
0.004911
0.004865
0.004876
0.004879
0.004857
0.004822
0.004856
0.004979
0.005127
0.005223
0.005241
0.005251
0.005297
0.005446
0.005670
0.005973
0.006266
0.006559
0.006800
0.006972
0.006962
0.006730
0.006316
0.005853
0.005488
0.005295
0.005320
0.005521
0.005830
0.006083
0.006181
0.006078
0.005851
0.005598
0.005437
0.005425
0.005556
0.005729
0.005867
0.005898
0.005855
0.005752
0.005661
0.005597
0.005575
0.005555
0.005518
0.005453
0.005390
0.005337
0.005306
0.005264
0.005200
0.005106
0.005017
0.004949
0.004918
0.004930
0.004996
0.005102
0.005237
0.005366
0.005482
0.005524
0.005491
0.005390
0.005307
0.005276
0.005301
0.005325
0.005326
0.005310
0.005313
0.005337
0.005338
0.005302
0.005250
0.005262
0.005368
0.005539
0.005698
0.005784
0.005799
0.005802
0.005828
0.005878
0.005881
0.005802
0.005637
0.005434
0.005232
0.005061
0.004961
0.004972
0.005094
0.005270
0.005407
0.005474
0.005489
0.005505
0.005528
0.005598
0.005749
0.006067
0.006437
0.006745
0.006826
0.006767
0.006646
0.006536
0.006408
0.006256
0.006130
0.006042
0.005993
0.005949
0.005906
0.005831
0.005691
0.005485
0.005270
0.005117
0.005066
0.005110
0.005203
0.005317
0.005421
0.005503
0.005525
0.005454
0.005293
0.005088
0.004905
0.004793
0.004762
0.004809
0.004931
0.005136
0.005419
0.005744
0.006068
0.006349
0.006553
0.006675
0.006705
0.006668
0.006551
0.006361
0.006091
0.005805
0.005552
0.005378
0.005255
0.005153
0.005023
0.004848
0.004630
0.004427
0.004328
0.004361
0.004510
0.004670
0.004788
0.004807
0.004757
0.004676
0.004637
0.004657
0.004705
0.004718
0.004688
0.004640
0.004658
0.004749
0.004923
0.005090
0.005225
0.005274
0.005270
0.005233
0.005202
0.005213
0.005279
0.005428
0.005641
0.005886
0.006091
0.006190
0.006169
0.006052
0.005911
0.005791
0.005695
0.005589
0.005448
0.005305
0.005212
0.005230
0.005347
0.005582
0.005854
0.006129
0.006280
0.006329
0.006295
0.006272
0.006254
0.006196
0.006031
0.005768
0.005471
0.005247
0.005113
0.005071
0.005046
0.005008
0.004934
0.004860
0.004811
0.004782
0.004715
0.004619
0.004503
0.004443
0.004426
0.004491
0.004631
0.004855
0.005116
0.005357
0.005521
0.005574
0.005512
0.005403
0.005318
0.005317
0.005354
0.005376
0.005334
0.005268
0.005234
0.005305
0.005450
0.005630
0.005764
0.005865
0.005916
0.005913
0.005813
0.005602
0.005363
0.005170
0.005109
0.005111
0.005167
0.005212
0.005279
0.005273
0.005171
0.004928
0.004662
0.004458
0.004427
0.004517
0.004676
0.004785
0.004870
0.004923
0.005016
0.005130
0.005311
0.005551
0.005837
0.006109
0.006290
0.006356
0.006316
0.006237
0.006187
0.006215
0.006317
0.006411
0.006381
0.006175
0.005831
0.005503
0.005284
0.005208
0.005187
0.005161
0.005077
0.004949
0.004794
0.004638
0.004499
0.004397
0.004378
0.004479
0.004742
0.005154
0.005665
0.006164
0.006511
0.006642
0.006533
0.006276
0.005922
0.005574
0.005252
0.004993
0.004779
0.004650
0.004645
0.004790
0.005043
0.005311
0.005546
0.005742
0.005915
0.006037
0.006013
0.005841
0.005550
0.005315
0.005186
0.005242
0.005400
0.005620
0.005789
0.005877
0.005865
0.005767
0.005617
0.005421
0.005232
0.005056
0.004979
0.004986
0.005074
0.005127
0.005134
0.005111
0.005157
0.005318
0.005557
0.005768
0.005840
0.005772
0.005654
0.005623
0.005713
0.005880
0.006012
0.006077
0.006069
0.006021
0.005920
0.005747
0.005526
0.005332
0.005291
0.005438
0.005726
0.006012
0.006206
0.006270
0.006239
0.006175
0.006116
0.006096
0.006051
0.005945
0.005739
0.005476
0.005192
0.004948
0.004813
0.004836
0.004993
0.005186
0.005315
0.005366
0.005408
0.005500
0.005654
0.005742
0.005682
0.005358
0.004802
0.004049
0.003237
0.002461
0.001804
0.001282
0.000889
0.000604
0.000404
0.000266
0.000173
0.000111
0.000071
0.000045
0.000028
0.000018
0.000015
0.000011
0.000009
0.000007
0.000006
0.000005
0.000005
0.000005
0.000005
0.000005
0.000004
0.000004
0.000004
0.000004
0.000004
0.000004
0.000004
0.000004
0.000004
0.000004
0.000004
0.000004
0.000004
0.000004
0.000004
0.000004
0.000004
0.000004
0.000004
0.000004
0.000004
0.000004
0.000004
0.000004
0.000004
0.000004
0.000004
0.000004
0.000004
0.000004
0.000004
0.000004
0.000004
0.000004
0.000004
0.000004
0.000004
0.000004
0.000004
0.000004
0.000004
0.000004
0.000004
0.000004
0.000004
0.000004
0.000004
0.000004
0.000004
0.000004
0.000004
0.000004
0.000004
0.000004
0.000004
0.000004
0.000004
0.000004
0.000004
0.000004
0.000004
0.000004
0.000004
0.000004
0.000004
0.000004
0.000004
0.000004
0.000004
0.000004
0.000004
0.000004
0.000004
0.000004
0.000004
0.000004
0.000004
0.000004
0.000004
0.000004
0.000004
0.000004
0.000004
0.000004
0.000004
0.000004
0.000004
0.000004
0.000004
0.000004
0.000004
0.000004
0.000004
0.000004
0.000004
0.000004
0.000004
0.000004
0.000004
0.000004
0.000004
0.000004
0.000004
0.000004
0.000004
0.000004
0.000004
0.000004
0.000004
0.000004
0.000004
0.000004
0.000004
0.000004
0.000004
0.000004
0.000004
0.000004
0.000004
0.000004
0.000004
