0.003855
0.004530
0.004772
0.005347
0.005900
0.006486
0.007005
0.007481
0.007950
0.008474
0.009054
0.009663
0.010208
0.010659
0.010996
0.011283
0.011561
0.011869
0.012179
0.012452
0.012657
0.012798
0.012896
0.012962
0.012982
0.012942
0.012829
0.012647
0.012399
0.012093
0.011728
0.011258
0.010608
0.009684
0.008477
0.007067
0.005610
0.004263
0.003122
0.002221
0.001541
0.001048
0.000701
0.000462
0.000318
0.000310
0.000572
0.001484
0.003772
0.008403
0.016166
0.027455
0.042557
0.056396
0.080683
0.110038
0.143672
0.179864
0.217517
0.256146
0.295407
0.336782
0.375410
0.417251
0.458896
0.500845
0.542106
0.583134
0.618962
0.649696
0.674238
0.692069
0.703507
0.709451
0.711704
0.712034
0.710579
0.711023
0.711981
0.714847
0.716741
0.718391
0.719219
0.718733
0.715580
0.713380
0.709195
0.704737
0.700423
0.696874
0.694752
0.694790
0.697258
0.702153
0.709099
0.716769
0.727988
0.739268
0.751276
0.763745
0.776324
0.787422
0.800179
0.813725
0.826426
0.837812
0.850858
0.863809
0.876510
0.888708
0.900384
0.911798
0.923374
0.936082
0.947665
0.958546
0.968500
0.977643
0.986212
0.994381
1.002159
1.009594
1.016539
1.023027
1.028790
1.033859
1.038113
1.041828
1.045137
1.048235
1.050249
1.052895
1.055273
1.058216
1.059833
1.060853
1.061118
1.060431
1.059050
1.056394
1.054961
1.054646
1.053476
1.052025
1.050207
1.047935
1.045331
1.042476
1.039556
1.036523
1.033625
1.030914
1.028555
1.026140
1.023394
1.020111
1.016441
1.012454
1.008096
1.003331
0.998317
0.993352
0.988785
0.984722
0.981104
0.977538
0.973757
0.969624
0.965355
0.961192
0.957332
0.953749
0.950289
0.946708
0.942973
0.939239
0.935891
0.933134
0.930946
0.929198
0.926867
0.927001
0.926571
0.926337
0.925944
0.925055
0.923293
0.920414
0.916350
0.911215
0.905001
0.896694
0.888387
0.879519
0.871881
0.862878
0.854127
0.845720
0.836752
0.828744
0.820713
0.814081
0.805965
0.797620
0.788956
0.778767
0.770699
0.761545
0.752659
0.744281
0.736483
0.728060
0.721112
0.713886
0.707391
0.699937
0.692415
0.684920
0.676750
0.668402
0.662078
0.654488
0.647373
0.639781
0.634805
0.627965
0.623356
0.617733
0.612108
0.605286
0.600707
0.595068
0.589645
0.584415
0.579208
0.573727
0.567799
0.561391
0.554670
0.547753
0.540784
0.533839
0.527123
0.520703
0.514585
0.508607
0.502782
0.497124
0.491655
0.486224
0.479735
0.474036
0.469481
0.463782
0.458204
0.452791
0.447657
0.442617
0.437616
0.432534
0.427448
0.422336
0.417237
0.412159
0.406291
0.401405
0.397609
0.393037
0.388662
0.384530
0.380685
0.377120
0.373813
0.370683
0.367692
0.364717
0.361692
0.358508
0.355256
0.352080
0.349131
0.346388
0.343628
0.340684
0.337445
0.334035
0.330547
0.327139
0.323905
0.320967
0.318327
0.315949
0.313648
0.311317
0.308826
0.305164
0.302488
0.300345
0.297354
0.294459
0.291790
0.288352
0.286081
0.284554
0.282127
0.279673
0.276301
0.274926
0.272742
0.269919
0.269031
0.267467
0.265045
0.263872
0.262645
0.261331
0.261066
0.258545
0.258023
0.256422
0.254730
0.252968
0.251273
0.249742
0.248410
0.247177
0.245949
0.244590
0.243059
0.241315
0.239432
0.237449
0.235516
0.233705
0.232140
0.230778
0.229619
0.228552
0.227576
0.226642
0.225813
0.225021
0.224164
0.223086
0.221788
0.220413
0.219120
0.218019
0.217093
0.216308
0.215489
0.214452
0.213024
0.211249
0.209280
0.207364
0.205590
0.204048
0.202662
0.201443
0.200301
0.199206
0.198097
0.196944
0.195796
0.194755
0.193899
0.193224
0.192571
0.191871
0.191060
0.190223
0.189373
0.188574
0.187798
0.187015
0.186151
0.185200
0.184155
0.183065
0.181938
0.180831
0.179683
0.178496
0.177221
0.175978
0.174815
0.173819
0.172945
0.171261
0.170548
0.169910
0.169406
0.169107
0.169016
0.169004
0.168941
0.168708
0.168359
0.167927
0.167504
0.167069
0.166607
0.166121
0.165608
0.165133
0.164645
0.164203
0.163747
0.163336
0.162918
0.162541
0.162153
0.161744
0.161258
0.160744
0.160208
0.159651
0.158986
0.158212
0.157409
0.156697
0.156145
0.155710
0.155408
0.155210
0.155165
0.155179
0.155202
0.155128
0.154940
0.154622
0.154185
0.153673
0.153070
0.152386
0.151582
0.150768
0.149979
0.149237
0.148414
0.147546
0.146711
0.146068
0.145618
0.145325
0.145079
0.144771
0.144331
0.143767
0.143162
0.142523
0.141816
0.140999
0.140080
0.139056
0.137887
0.136510
0.134927
0.133967
0.132266
0.129941
0.128599
0.127513
0.127436
0.126806
0.126258
0.125628
0.124766
0.123585
0.122098
0.120398
0.118506
0.116425
0.114164
0.111799
0.109362
0.106853
0.104247
0.101587
0.098932
0.096332
0.093852
0.091544
0.089456
0.087560
0.085813
0.084222
0.082794
0.081529
0.080347
0.079202
0.078061
0.076460
0.075405
0.074443
0.073617
0.072946
0.072445
0.072080
0.071847
0.071715
0.071723
0.071817
0.071950
0.072017
0.072034
0.072016
0.071991
0.071909
0.071770
0.071582
0.071357
0.071011
0.070470
0.069726
0.068861
0.067981
0.067136
0.066374
0.065665
0.064988
0.064278
0.063570
0.062899
0.062330
0.061843
0.061394
0.060941
0.060463
0.060019
0.059623
0.059301
0.058990
0.058649
0.058263
0.057849
0.057479
0.057177
0.056984
0.056845
0.056737
0.056584
0.056375
0.056054
0.055662
0.055224
0.054829
0.054498
0.054238
0.054019
0.053847
0.053734
0.053726
0.053813
0.053982
0.054114
0.054143
0.054003
0.053774
0.053512
0.053307
0.053137
0.053001
0.052832
0.052638
0.052405
0.052169
0.051920
0.051666
0.051435
0.051269
0.051197
0.051197
0.051268
0.051398
0.051586
0.051755
0.051843
0.051783
0.051614
0.051383
0.051175
0.050985
0.050750
0.050401
0.049943
0.049445
0.048950
0.048451
0.047954
0.047511
0.047213
0.047078
0.047049
0.047045
0.047036
0.047033
0.047039
0.047050
0.047077
0.047150
0.047294
0.047523
0.047821
0.048180
0.048586
0.049039
0.049509
0.049905
0.050168
0.050287
0.050352
0.050423
0.050537
0.050664
0.050799
0.050966
0.051221
0.051587
0.052055
0.052631
0.053323
0.054134
0.055016
0.055906
0.056759
0.057564
0.058372
0.059202
0.060048
0.060814
0.061479
0.062030
0.062558
0.063093
0.063708
0.064436
0.065350
0.066511
0.068006
0.069964
0.072530
0.075864
0.080047
0.085166
0.091321
0.098606
0.107129
0.117096
0.128958
0.143130
0.159813
0.178937
0.199644
0.222806
0.247222
0.273845
0.293990
0.313070
0.327489
0.336095
0.338123
0.332894
0.320576
0.301979
0.278580
0.251747
0.222904
0.193509
0.167001
0.140022
0.115728
0.094450
0.076373
0.061427
0.049327
0.039681
0.032104
0.026234
0.021713
0.018201
0.015409
0.013129
0.011248
0.009716
0.008501
0.007554
0.006824
0.006299
0.005980
0.005862
0.005867
0.005911
0.005928
0.005911
0.005871
0.005819
0.005772
0.005759
0.005808
0.005917
0.006039
0.006119
0.006108
0.006019
0.005886
0.005777
0.005699
0.005664
0.005637
0.005640
0.005654
0.005681
0.005682
0.005658
0.005620
0.005595
0.005606
0.005659
0.005744
0.005829
0.005871
0.005862
0.005817
0.005783
0.005763
0.005760
0.005735
0.005697
0.005616
0.005514
0.005380
0.005254
0.005140
0.005054
0.004997
0.004964
0.004960
0.004962
0.004968
0.004964
0.004961
0.004967
0.005005
0.005079
0.005175
0.005271
0.005348
0.005412
0.005456
0.005479
0.005468
0.005434
0.005376
0.005318
0.005259
0.005223
0.005199
0.005199
0.005203
0.005208
0.005185
0.005147
0.005094
0.005058
0.005045
0.005075
0.005137
0.005206
0.005251
0.005253
0.005233
0.005193
0.005145
0.005071
0.004986
0.004887
0.004786
0.004684
0.004608
0.004582
0.004612
0.004680
0.004741
0.004775
0.004749
0.004676
0.004552
0.004443
0.004377
0.004386
0.004447
0.004526
0.004596
0.004634
0.004637
0.004608
0.004552
0.004492
0.004433
0.004396
0.004362
0.004326
0.004275
0.004222
0.004166
0.004107
0.004044
0.004004
0.004013
0.004066
0.004141
0.004200
0.004234
0.004238
0.004223
0.004215
0.004226
0.004259
0.004266
0.004235
0.004162
0.004091
0.004046
0.004036
0.004052
0.004072
0.004087
0.004095
0.004101
0.004117
0.004138
0.004171
0.004196
0.004221
0.004228
0.004210
0.004150
0.004060
0.003977
0.003934
0.003936
0.003940
0.003909
0.003837
0.003758
0.003704
0.003679
0.003654
0.003597
0.003499
0.003372
0.003249
0.003155
0.003116
0.003122
0.003162
0.003212
0.003281
0.003361
0.003453
0.003534
0.003606
0.003674
0.003744
0.003819
0.003875
0.003895
0.003856
0.003772
0.003657
0.003539
0.003428
0.003338
0.003285
0.003264
0.003275
0.003299
0.003334
0.003370
0.003405
0.003429
0.003452
0.003465
0.003465
0.003421
0.003341
0.003245
0.003175
0.003138
0.003128
0.003120
0.003128
0.003154
0.003211
0.003280
0.003353
0.003413
0.003459
0.003486
0.003525
0.003581
0.003682
0.003796
0.003922
0.004026
0.004115
0.004166
0.004197
0.004205
0.004214
0.004225
0.004224
0.004201
0.004143
0.004087
0.004050
0.004044
0.004050
0.004044
0.004019
0.003974
0.003922
0.003851
0.003755
0.003643
0.003555
0.003525
0.003541
0.003562
0.003540
0.003475
0.003384
0.003298
0.003234
0.003205
0.003211
0.003240
0.003272
0.003300
0.003337
0.003398
0.003494
0.003619
0.003754
0.003879
0.003981
0.004075
0.004178
0.004300
0.004431
0.004553
0.004660
0.004739
0.004793
0.004823
0.004852
0.004887
0.004941
0.005009
0.005101
0.005206
0.005314
0.005406
0.005486
0.005557
0.005616
0.005650
0.005636
0.005578
0.005476
0.005374
0.005276
0.005199
0.005117
0.005022
0.004898
0.004745
0.004582
0.004434
0.004341
0.004321
0.004383
0.004492
0.004606
0.004683
0.004719
0.004713
0.004682
0.004624
0.004561
0.004502
0.004463
0.004441
0.004426
0.004397
0.004335
0.004253
0.004174
0.004134
0.004120
0.004118
0.004111
0.004125
0.004165
0.004224
0.004266
0.004283
0.004265
0.004228
0.004177
0.004141
0.004125
0.004141
0.004174
0.004217
0.004243
0.004235
0.004198
0.004157
0.004138
0.004136
0.004139
0.004133
0.004126
0.004123
0.004123
0.004116
0.004084
0.004034
0.003990
0.003994
0.004053
0.004156
0.004258
0.004332
0.004357
0.004330
0.004264
0.004178
0.004088
0.003989
0.003892
0.003809
0.003783
0.003805
0.003866
0.003913
0.003945
0.003958
0.003974
0.003994
0.004006
0.004006
0.004002
0.004020
0.004059
0.004106
0.004133
0.004139
0.004130
0.004118
0.004108
0.004104
0.004104
0.004101
0.004080
0.004047
0.004018
0.004015
0.004038
0.004077
0.004120
0.004160
0.004188
0.004182
0.004138
0.004062
0.003984
0.003933
0.003914
0.003914
0.003898
0.003860
0.003792
0.003710
0.003614
0.003526
0.003465
0.003441
0.003453
0.003473
0.003479
0.003432
0.003335
0.003200
0.003068
0.002947
0.002836
0.002711
0.002558
0.002365
0.002131
0.001873
0.001622
0.001406
0.001236
0.001113
0.001046
0.001048
0.001134
0.001290
0.001509
0.001777
0.002099
0.002441
0.002774
0.003062
0.003316
0.003549
0.003783
0.004003
0.004207
0.004379
0.004527
0.004643
0.004724
0.004757
0.004746
0.004701
0.004638
0.004565
0.004493
0.004426
0.004365
0.004317
0.004296
0.004311
0.004346
0.004377
0.004385
0.004381
0.004370
0.004367
0.004370
0.004377
0.004375
0.004348
0.004286
0.004197
0.004121
0.004105
0.004179
0.004311
0.004435
0.004479
0.004439
0.004349
0.004273
0.004224
0.004204
0.004197
0.004205
0.004214
0.004222
0.004211
0.004193
0.004162
0.004136
0.004119
0.004118
0.004136
0.004169
0.004214
0.004256
0.004279
0.004287
0.004285
0.004284
0.004280
0.004282
0.004279
0.004278
0.004267
0.004248
0.004209
0.004153
0.004082
0.004012
0.003955
0.003919
0.003895
0.003871
0.003837
0.003795
0.003757
0.003724
0.003698
0.003652
0.003579
0.003476
0.003364
0.003255
0.003154
0.003047
0.002935
0.002819
0.002728
0.002660
0.002626
0.002587
0.002545
0.002492
0.002466
0.002479
0.002539
0.002627
0.002719
0.002804
0.002876
0.002947
0.003012
0.003075
0.003131
0.003190
0.003249
0.003314
0.003384
0.003470
0.003559
0.003639
0.003694
0.003722
0.003730
0.003715
0.003677
0.003617
0.003556
0.003516
0.003515
0.003550
0.003593
0.003601
0.003545
0.003425
0.003265
0.003087
0.002919
0.002775
0.002678
0.002612
0.002567
0.002514
0.002456
0.002401
0.002356
0.002331
0.002317
0.002312
0.002296
0.002272
0.002237
0.002207
0.002181
0.002163
0.002146
0.002127
0.002106
0.002082
0.002059
0.002033
0.002010
0.001997
0.002002
0.002029
0.002073
0.002126
0.002173
0.002205
0.002217
0.002203
0.002172
0.002129
0.002092
0.002065
0.002044
0.002016
0.001974
0.001923
0.001882
0.001865
0.001870
0.001873
0.001868
0.001852
0.001842
0.001837
0.001839
0.001843
0.001856
0.001882
0.001927
0.001984
0.002036
0.002059
0.002044
0.002002
0.001946
0.001886
0.001819
0.001747
0.001679
0.001627
0.001598
0.001588
0.001592
0.001604
0.001622
0.001641
0.001659
0.001672
0.001684
0.001686
0.001674
0.001642
0.001600
0.001559
0.001531
0.001515
0.001507
0.001504
0.001505
0.001520
0.001545
0.001575
0.001592
0.001592
0.001571
0.001542
0.001507
0.001469
0.001423
0.001375
0.001339
0.001330
0.001351
0.001387
0.001420
0.001442
0.001461
0.001484
0.001513
0.001537
0.001553
0.001558
0.001563
0.001570
0.001582
0.001594
0.001605
0.001622
0.001646
0.001677
0.001705
0.001717
0.001710
0.001690
0.001670
0.001659
0.001654
0.001650
0.001640
0.001628
0.001616
0.001615
0.001628
0.001648
0.001666
0.001670
0.001657
0.001625
0.001588
0.001560
0.001559
0.001577
0.001597
0.001600
0.001574
0.001531
0.001483
0.001447
0.001420
0.001408
0.001407
0.001419
0.001428
0.001429
0.001419
0.001408
0.001405
0.001419
0.001451
0.001492
0.001532
0.001561
0.001585
0.001608
0.001634
0.001657
0.001666
0.001659
0.001636
0.001624
0.001625
0.001644
0.001654
0.001646
0.001609
0.001559
0.001513
0.001502
0.001542
0.001624
0.001725
0.001807
0.001860
0.001874
0.001868
0.001842
0.001818
0.001801
0.001809
0.001847
0.001917
0.002002
0.002085
0.002151
0.002196
0.002224
0.002247
0.002275
0.002323
0.002379
0.002439
0.002495
0.002566
0.002668
0.002803
0.002962
0.003124
0.003282
0.003426
0.003556
0.003677
0.003807
0.003967
0.004157
0.004363
0.004553
0.004715
0.004831
0.004891
0.004865
0.004762
0.004597
0.004416
0.004224
0.004019
0.003781
0.003512
0.003229
0.002949
0.002687
0.002446
0.002228
0.002032
0.001852
0.001687
0.001544
0.001430
0.001342
0.001271
0.001205
0.001141
0.001077
0.001014
0.000959
0.000915
0.000895
0.000895
0.000914
0.000939
0.000971
0.001003
0.001034
0.001056
0.001070
0.001074
0.001070
0.001060
0.001039
0.001014
0.000988
0.000974
0.000970
0.000975
0.000980
0.000982
0.000985
0.000988
0.000997
0.001007
0.001012
0.001012
0.001014
0.001025
0.001042
0.001057
0.001055
0.001034
0.000999
0.000965
0.000940
0.000927
0.000925
0.000933
0.000951
0.000973
0.000996
0.001014
0.001022
0.001021
0.001009
0.000990
0.000956
0.000915
0.000869
0.000831
0.000807
0.000797
0.000796
0.000795
0.000799
0.000803
0.000814
0.000823
0.000835
0.000843
0.000847
0.000845
0.000839
0.000827
0.000808
0.000781
0.000751
0.000724
0.000701
0.000680
0.000656
0.000633
0.000619
0.000616
0.000629
0.000650
0.000685
0.000725
0.000766
0.000798
0.000831
0.000870
0.000919
0.000963
0.000997
0.001024
0.001059
0.001100
0.001137
0.001162
0.001182
0.001206
0.001240
0.001282
0.001326
0.001368
0.001413
0.001468
0.001542
0.001647
0.001778
0.001917
0.002025
0.002084
0.002083
0.002051
0.002016
0.002009
0.002036
0.002085
0.002125
0.002139
0.002121
0.002077
0.002010
0.001915
0.001795
0.001655
0.001511
0.001371
0.001239
0.001110
0.000988
0.000880
0.000798
0.000749
0.000727
0.000724
0.000732
0.000745
0.000754
0.000752
0.000736
0.000712
0.000686
0.000665
0.000651
0.000648
0.000659
0.000677
0.000687
0.000680
0.000652
0.000613
0.000576
0.000553
0.000545
0.000544
0.000541
0.000529
0.000510
0.000494
0.000485
0.000495
0.000513
0.000540
0.000560
0.000578
0.000585
0.000587
0.000583
0.000576
0.000569
0.000568
0.000571
0.000577
0.000572
0.000554
0.000520
0.000489
0.000462
0.000445
0.000432
0.000426
0.000422
0.000422
0.000422
0.000425
0.000430
0.000444
0.000464
0.000486
0.000500
0.000506
0.000508
0.000521
0.000539
0.000556
0.000559
0.000550
0.000533
0.000510
0.000483
0.000452
0.000424
0.000408
0.000406
0.000419
0.000439
0.000462
0.000482
0.000500
0.000513
0.000515
0.000507
0.000491
0.000483
0.000492
0.000519
0.000553
0.000584
0.000611
0.000635
0.000652
0.000655
0.000642
0.000618
0.000591
0.000565
0.000543
0.000523
0.000506
0.000490
0.000475
0.000460
0.000447
0.000441
0.000446
0.000460
0.000479
0.000495
0.000505
0.000514
0.000525
0.000541
0.000566
0.000604
0.000647
0.000686
0.000707
0.000715
0.000711
0.000704
0.000688
0.000672
0.000656
0.000649
0.000646
0.000650
0.000659
0.000673
0.000682
0.000681
0.000673
0.000664
0.000658
0.000652
0.000644
0.000633
0.000622
0.000618
0.000621
0.000640
0.000668
0.000700
0.000725
0.000744
0.000760
0.000776
0.000789
0.000792
0.000787
0.000781
0.000781
0.000785
0.000784
0.000781
0.000771
0.000762
0.000749
0.000737
0.000720
0.000706
0.000690
0.000675
0.000652
0.000626
0.000598
0.000577
0.000563
0.000550
0.000534
0.000511
0.000489
0.000472
0.000466
0.000467
0.000472
0.000469
0.000456
0.000438
0.000429
0.000434
0.000446
0.000457
0.000461
0.000466
0.000472
0.000484
0.000502
0.000524
0.000540
0.000544
0.000535
0.000521
0.000513
0.000515
0.000523
0.000528
0.000526
0.000515
0.000502
0.000494
0.000497
0.000505
0.000515
0.000515
0.000507
0.000492
0.000481
0.000474
0.000473
0.000477
0.000485
0.000498
0.000513
0.000532
0.000551
0.000570
0.000586
0.000597
0.000607
0.000616
0.000624
0.000628
0.000628
0.000622
0.000611
0.000593
0.000572
0.000552
0.000541
0.000541
0.000550
0.000557
0.000554
0.000541
0.000522
0.000504
0.000485
0.000467
0.000454
0.000451
0.000461
0.000481
0.000504
0.000519
0.000518
0.000502
0.000476
0.000450
0.000431
0.000426
0.000433
0.000449
0.000471
0.000491
0.000507
0.000514
0.000517
0.000520
0.000526
0.000530
0.000531
0.000529
0.000530
0.000535
0.000546
0.000556
0.000566
0.000570
0.000571
0.000562
0.000549
0.000533
0.000527
0.000528
0.000535
0.000537
0.000535
0.000531
0.000533
0.000541
0.000551
0.000561
0.000568
0.000575
0.000580
0.000589
0.000593
0.000585
0.000562
0.000530
0.000497
0.000470
0.000454
0.000443
0.000441
0.000442
0.000448
0.000449
0.000442
0.000427
0.000409
0.000396
0.000390
0.000393
0.000396
0.000395
0.000386
0.000373
0.000365
0.000364
0.000374
0.000390
0.000414
0.000436
0.000456
0.000470
0.000483
0.000493
0.000499
0.000497
0.000485
0.000473
0.000464
0.000463
0.000463
0.000460
0.000450
0.000435
0.000420
0.000410
0.000414
0.000428
0.000453
0.000476
0.000495
0.000504
0.000507
0.000506
0.000504
0.000502
0.000498
0.000498
0.000501
0.000512
0.000524
0.000534
0.000531
0.000513
0.000475
0.000429
0.000384
0.000349
0.000327
0.000315
0.000309
0.000305
0.000300
0.000295
0.000293
0.000295
0.000299
0.000300
0.000299
0.000297
0.000295
0.000291
0.000286
0.000280
0.000276
0.000276
0.000279
0.000282
0.000285
0.000283
0.000278
0.000270
0.000267
0.000266
0.000269
0.000270
0.000277
0.000289
0.000312
0.000337
0.000362
0.000381
0.000400
0.000418
0.000435
0.000445
0.000447
0.000447
0.000445
0.000442
0.000434
0.000425
0.000414
0.000409
0.000408
0.000413
0.000419
0.000425
0.000425
0.000418
0.000405
0.000395
0.000396
0.000409
0.000427
0.000442
0.000450
0.000449
0.000440
0.000428
0.000420
0.000419
0.000424
0.000427
0.000422
0.000408
0.000386
0.000363
0.000346
0.000339
0.000343
0.000355
0.000368
0.000376
0.000377
0.000368
0.000348
0.000323
0.000299
0.000284
0.000279
0.000282
0.000292
0.000304
0.000318
0.000333
0.000349
0.000361
0.000369
0.000373
0.000380
0.000389
0.000396
0.000396
0.000390
0.000383
0.000379
0.000381
0.000391
0.000398
0.000399
0.000390
0.000382
0.000379
0.000383
0.000392
0.000403
0.000418
0.000435
0.000451
0.000462
0.000468
0.000464
0.000454
0.000441
0.000438
0.000442
0.000445
0.000438
0.000420
0.000401
0.000390
0.000390
0.000395
0.000402
0.000406
0.000411
0.000412
0.000411
0.000403
0.000393
0.000383
0.000372
0.000357
0.000334
0.000315
0.000308
0.000320
0.000347
0.000378
0.000411
0.000437
0.000458
0.000465
0.000456
0.000434
0.000409
0.000390
0.000375
0.000367
0.000357
0.000347
0.000333
0.000318
0.000303
0.000293
0.000291
0.000296
0.000307
0.000318
0.000323
0.000322
0.000313
0.000303
0.000293
0.000281
0.000267
0.000252
0.000240
0.000231
0.000227
0.000227
0.000232
0.000238
0.000248
0.000262
0.000278
0.000292
0.000300
0.000304
0.000307
0.000313
0.000321
0.000328
0.000334
0.000340
0.000349
0.000361
0.000376
0.000386
0.000386
0.000376
0.000356
0.000333
0.000307
0.000280
0.000257
0.000241
0.000235
0.000237
0.000244
0.000250
0.000254
0.000253
0.000250
0.000244
0.000241
0.000242
0.000245
0.000248
0.000244
0.000234
0.000218
0.000202
0.000192
0.000191
0.000200
0.000216
0.000235
0.000248
0.000255
0.000255
0.000256
0.000260
0.000271
0.000289
0.000312
0.000331
0.000343
0.000346
0.000345
0.000345
0.000348
0.000353
0.000355
0.000350
0.000343
0.000338
0.000340
0.000350
0.000368
0.000390
0.000410
0.000416
0.000408
0.000384
0.000354
0.000321
0.000295
0.000274
0.000261
0.000256
0.000256
0.000258
0.000260
0.000257
0.000251
0.000238
0.000224
0.000215
0.000219
0.000232
0.000247
0.000251
0.000246
0.000233
0.000221
0.000216
0.000220
0.000228
0.000234
0.000236
0.000236
0.000235
0.000235
0.000241
0.000253
0.000268
0.000285
0.000304
0.000326
0.000352
0.000377
0.000397
0.000404
0.000400
0.000383
0.000363
0.000342
0.000323
0.000303
0.000285
0.000270
0.000262
0.000258
0.000254
0.000248
0.000246
0.000254
0.000272
0.000295
0.000312
0.000317
0.000310
0.000300
0.000289
0.000284
0.000283
0.000286
0.000284
0.000277
0.000262
0.000249
0.000241
0.000242
0.000247
0.000251
0.000254
0.000257
0.000258
0.000256
0.000249
0.000241
0.000236
0.000237
0.000244
0.000250
0.000253
0.000249
0.000243
0.000235
0.000231
0.000229
0.000233
0.000239
0.000247
0.000250
0.000251
0.000248
0.000243
0.000237
0.000234
0.000233
0.000234
0.000238
0.000242
0.000249
0.000256
0.000265
0.000274
0.000283
0.000288
0.000285
0.000274
0.000257
0.000239
0.000226
0.000223
0.000230
0.000243
0.000256
0.000262
0.000265
0.000267
0.000272
0.000274
0.000273
0.000268
0.000263
0.000263
0.000268
0.000277
0.000285
0.000289
0.000284
0.000273
0.000261
0.000253
0.000245
0.000233
0.000220
0.000215
0.000225
0.000250
0.000275
0.000290
0.000289
0.000280
0.000269
0.000256
0.000241
0.000224
0.000208
0.000196
0.000188
0.000184
0.000180
0.000179
0.000182
0.000193
0.000210
0.000233
0.000250
0.000254
0.000239
0.000213
0.000183
0.000159
0.000144
0.000139
0.000139
0.000142
0.000144
0.000148
0.000153
0.000161
0.000166
0.000167
0.000166
0.000167
0.000176
0.000193
0.000211
0.000219
0.000216
0.000205
0.000194
0.000185
0.000181
0.000177
0.000174
0.000168
0.000163
0.000158
0.000153
0.000146
0.000138
0.000133
0.000128
0.000121
0.000112
0.000106
0.000106
0.000116
0.000132
0.000153
0.000172
0.000184
0.000184
0.000176
0.000166
0.000161
0.000163
0.000170
0.000175
0.000177
0.000175
0.000175
0.000175
0.000173
0.000166
0.000156
0.000147
0.000145
0.000150
0.000159
0.000168
0.000177
0.000193
0.000214
0.000237
0.000249
0.000250
0.000237
0.000219
0.000198
0.000181
0.000163
0.000147
0.000136
0.000133
0.000135
0.000142
0.000149
0.000156
0.000161
0.000163
0.000165
0.000168
0.000173
0.000177
0.000178
0.000176
0.000175
0.000177
0.000183
0.000188
0.000188
0.000180
0.000168
0.000155
0.000143
0.000132
0.000123
0.000116
0.000115
0.000119
0.000126
0.000133
0.000140
0.000147
0.000157
0.000164
0.000168
0.000168
0.000168
0.000168
0.000167
0.000160
0.000153
0.000144
0.000135
0.000126
0.000119
0.000117
0.000118
0.000121
0.000120
0.000118
0.000115
0.000112
0.000108
0.000105
0.000106
0.000112
0.000123
0.000137
0.000146
0.000153
0.000154
0.000155
0.000152
0.000148
0.000139
0.000130
0.000120
0.000112
0.000106
0.000102
0.000101
0.000099
0.000098
0.000095
0.000092
0.000091
0.000094
0.000100
0.000106
0.000113
0.000122
0.000131
0.000140
0.000146
0.000149
0.000151
0.000154
0.000161
0.000170
0.000179
0.000183
0.000179
0.000167
0.000147
0.000126
0.000105
0.000089
0.000078
0.000071
0.000072
0.000081
0.000096
0.000112
0.000126
0.000141
0.000157
0.000169
0.000173
0.000166
0.000152
0.000137
0.000127
0.000122
0.000122
0.000125
0.000128
0.000129
0.000129
0.000129
0.000133
0.000141
0.000152
0.000163
0.000173
0.000179
0.000182
0.000182
0.000181
0.000180
0.000176
0.000171
0.000164
0.000160
0.000158
0.000160
0.000163
0.000167
0.000169
0.000169
0.000170
0.000176
0.000188
0.000204
0.000216
0.000222
0.000224
0.000229
0.000241
0.000260
0.000276
0.000286
0.000286
0.000281
0.000276
0.000274
0.000272
0.000271
0.000267
0.000262
0.000255
0.000249
0.000247
0.000253
0.000267
0.000284
0.000298
0.000303
0.000298
0.000285
0.000269
0.000250
0.000233
0.000216
0.000202
0.000193
0.000191
0.000193
0.000199
0.000201
0.000197
0.000188
0.000175
0.000163
0.000154
0.000148
0.000142
0.000140
0.000141
0.000148
0.000154
0.000157
0.000151
0.000140
0.000127
0.000120
0.000117
0.000116
0.000111
0.000104
0.000097
0.000094
0.000096
0.000099
0.000102
0.000102
0.000099
0.000095
0.000091
0.000087
0.000083
0.000077
0.000072
0.000070
0.000070
0.000072
0.000072
0.000072
0.000076
0.000082
0.000087
0.000089
0.000088
0.000083
0.000077
0.000069
0.000063
0.000056
0.000053
0.000053
0.000062
0.000076
0.000095
0.000115
0.000131
0.000141
0.000146
0.000149
0.000151
0.000153
0.000150
0.000145
0.000139
0.000136
0.000132
0.000126
0.000115
0.000103
0.000094
0.000089
0.000091
0.000098
0.000108
0.000115
0.000119
0.000122
0.000126
0.000131
0.000133
0.000130
0.000125
0.000120
0.000116
0.000112
0.000107
0.000108
0.000113
0.000120
0.000127
0.000134
0.000141
0.000148
0.000151
0.000148
0.000144
0.000142
0.000143
0.000144
0.000144
0.000141
0.000136
0.000129
0.000121
0.000117
0.000116
0.000118
0.000118
0.000117
0.000114
0.000113
0.000116
0.000118
0.000120
0.000118
0.000117
0.000117
0.000119
0.000120
0.000118
0.000113
0.000105
0.000099
0.000096
0.000099
0.000105
0.000114
0.000119
0.000122
0.000124
0.000129
0.000141
0.000155
0.000168
0.000177
0.000182
0.000183
0.000182
0.000177
0.000170
0.000163
0.000159
0.000156
0.000149
0.000136
0.000121
0.000107
0.000097
0.000092
0.000088
0.000084
0.000078
0.000072
0.000068
0.000070
0.000079
0.000093
0.000108
0.000118
0.000123
0.000124
0.000124
0.000124
0.000127
0.000132
0.000141
0.000150
0.000159
0.000163
0.000163
0.000160
0.000156
0.000152
0.000148
0.000143
0.000139
0.000138
0.000142
0.000154
0.000170
0.000185
0.000192
0.000191
0.000179
0.000162
0.000139
0.000119
0.000104
0.000098
0.000099
0.000105
0.000112
0.000120
0.000127
0.000136
0.000139
0.000137
0.000128
0.000118
0.000112
0.000112
0.000118
0.000126
0.000133
0.000133
0.000130
0.000123
0.000118
0.000115
0.000115
0.000115
0.000115
0.000113
0.000113
0.000118
0.000129
0.000140
0.000148
0.000151
0.000157
0.000163
0.000172
0.000172
0.000165
0.000149
0.000133
0.000123
0.000123
0.000132
0.000146
0.000157
0.000162
0.000161
0.000157
0.000150
0.000143
0.000138
0.000138
0.000144
0.000154
0.000164
0.000169
0.000169
0.000167
0.000168
0.000176
0.000189
0.000203
0.000210
0.000209
0.000199
0.000187
0.000175
0.000166
0.000160
0.000156
0.000155
0.000158
0.000165
0.000170
0.000172
0.000170
0.000166
0.000165
0.000168
0.000174
0.000180
0.000182
0.000179
0.000172
0.000164
0.000156
0.000148
0.000141
0.000137
0.000139
0.000144
0.000151
0.000155
0.000159
0.000161
0.000164
0.000167
0.000168
0.000167
0.000165
0.000163
0.000158
0.000152
0.000142
0.000137
0.000133
0.000130
0.000122
0.000111
0.000101
0.000103
0.000118
0.000145
0.000173
0.000194
0.000202
0.000201
0.000194
0.000189
0.000186
0.000187
0.000188
0.000186
0.000179
0.000170
0.000164
0.000163
0.000163
0.000164
0.000164
0.000163
0.000162
0.000163
0.000165
0.000166
0.000161
0.000152
0.000142
0.000136
0.000134
0.000134
0.000140
0.000156
0.000179
0.000200
0.000212
0.000213
0.000207
0.000200
0.000195
0.000196
0.000201
0.000205
0.000206
0.000205
0.000203
0.000200
0.000197
0.000194
0.000189
0.000181
0.000172
0.000169
0.000170
0.000176
0.000183
0.000187
0.000185
0.000177
0.000164
0.000151
0.000141
0.000137
0.000136
0.000137
0.000138
0.000140
0.000139
0.000137
0.000130
0.000124
0.000118
0.000112
0.000108
0.000106
0.000114
0.000135
0.000180
0.000244
0.000324
0.000404
0.000480
0.000541
0.000590
0.000623
0.000645
0.000659
0.000672
0.000684
0.000691
0.000686
0.000673
0.000658
0.000648
0.000644
0.000650
0.000664
0.000684
0.000704
0.000718
0.000724
0.000724
0.000718
0.000708
0.000695
0.000678
0.000666
0.000664
0.000675
0.000694
0.000713
0.000725
0.000728
0.000727
0.000724
0.000723
0.000718
0.000710
0.000698
0.000687
0.000679
0.000675
0.000674
0.000676
0.000682
0.000691
0.000701
0.000710
0.000720
0.000730
0.000739
0.000740
0.000735
0.000727
0.000726
0.000726
0.000724
0.000716
0.000707
0.000699
0.000693
0.000689
0.000686
0.000686
0.000683
0.000678
0.000668
0.000659
0.000652
0.000650
0.000650
0.000653
0.000655
0.000655
0.000653
0.000650
0.000649
0.000648
0.000647
0.000640
0.000628
0.000613
0.000598
0.000585
0.000575
0.000570
0.000571
0.000580
0.000597
0.000622
0.000646
0.000665
0.000673
0.000675
0.000677
0.000680
0.000686
0.000690
0.000695
0.000698
0.000696
0.000685
0.000667
0.000649
0.000637
0.000634
0.000641
0.000654
0.000666
0.000672
0.000669
0.000658
0.000645
0.000634
0.000629
0.000636
0.000660
0.000695
0.000728
0.000746
0.000744
0.000727
0.000704
0.000676
0.000646
0.000617
0.000592
0.000575
0.000564
0.000554
0.000545
0.000537
0.000535
0.000542
0.000562
0.000592
0.000623
0.000649
0.000665
0.000671
0.000669
0.000665
0.000659
0.000656
0.000656
0.000659
0.000663
0.000663
0.000657
0.000647
0.000635
0.000625
0.000618
0.000614
0.000615
0.000622
0.000634
0.000647
0.000658
0.000671
0.000683
0.000695
0.000699
0.000699
0.000690
0.000673
0.000647
0.000621
0.000602
0.000598
0.000608
0.000625
0.000639
0.000646
0.000648
0.000648
0.000651
0.000654
0.000657
0.000659
0.000658
0.000660
0.000664
0.000672
0.000681
0.000690
0.000695
0.000694
0.000687
0.000679
0.000676
0.000684
0.000699
0.000718
0.000732
0.000738
0.000737
0.000732
0.000727
0.000726
0.000730
0.000733
0.000731
0.000723
0.000712
0.000706
0.000706
0.000708
0.000710
0.000713
0.000724
0.000745
0.000768
0.000780
0.000767
0.000732
0.000684
0.000644
0.000616
0.000603
0.000598
0.000602
0.000613
0.000632
0.000656
0.000682
0.000701
0.000709
0.000704
0.000695
0.000686
0.000680
0.000680
0.000684
0.000695
0.000707
0.000718
0.000722
0.000723
0.000714
0.000699
0.000680
0.000670
0.000671
0.000682
0.000696
0.000707
0.000712
0.000710
0.000706
0.000698
0.000692
0.000690
0.000693
0.000698
0.000703
0.000706
0.000709
0.000710
0.000714
0.000715
0.000712
0.000696
0.000673
0.000647
0.000626
0.000612
0.000611
0.000617
0.000626
0.000632
0.000638
0.000642
0.000647
0.000653
0.000660
0.000672
0.000681
0.000681
0.000673
0.000663
0.000661
0.000666
0.000676
0.000680
0.000678
0.000668
0.000659
0.000653
0.000652
0.000656
0.000665
0.000676
0.000684
0.000689
0.000692
0.000697
0.000701
0.000704
0.000704
0.000701
0.000695
0.000685
0.000675
0.000669
0.000670
0.000679
0.000693
0.000710
0.000728
0.000742
0.000751
0.000754
0.000753
0.000753
0.000755
0.000757
0.000758
0.000753
0.000738
0.000716
0.000694
0.000673
0.000656
0.000641
0.000634
0.000634
0.000643
0.000656
0.000672
0.000686
0.000695
0.000694
0.000687
0.000672
0.000654
0.000633
0.000615
0.000602
0.000601
0.000608
0.000621
0.000630
0.000631
0.000624
0.000618
0.000625
0.000655
0.000707
0.000767
0.000818
0.000845
0.000847
0.000829
0.000801
0.000768
0.000735
0.000701
0.000670
0.000645
0.000629
0.000624
0.000627
0.000636
0.000645
0.000654
0.000661
0.000669
0.000684
0.000705
0.000729
0.000747
0.000756
0.000759
0.000761
0.000768
0.000777
0.000783
0.000783
0.000780
0.000780
0.000784
0.000788
0.000788
0.000780
0.000770
0.000759
0.000749
0.000734
0.000717
0.000700
0.000690
0.000691
0.000696
0.000703
0.000709
0.000720
0.000731
0.000738
0.000736
0.000730
0.000723
0.000722
0.000726
0.000732
0.000734
0.000731
0.000720
0.000704
0.000689
0.000679
0.000676
0.000681
0.000690
0.000706
0.000726
0.000749
0.000768
0.000779
0.000778
0.000764
0.000741
0.000716
0.000695
0.000685
0.000684
0.000694
0.000707
0.000724
0.000736
0.000752
0.000768
0.000785
0.000790
0.000786
0.000773
0.000763
0.000755
0.000745
0.000729
0.000708
0.000691
0.000686
0.000695
0.000716
0.000739
0.000757
0.000768
0.000772
0.000775
0.000783
0.000791
0.000795
0.000790
0.000779
0.000767
0.000761
0.000758
0.000758
0.000758
0.000759
0.000759
0.000756
0.000747
0.000733
0.000718
0.000709
0.000712
0.000729
0.000751
0.000765
0.000766
0.000756
0.000741
0.000721
0.000698
0.000674
0.000655
0.000650
0.000656
0.000671
0.000688
0.000703
0.000711
0.000716
0.000720
0.000727
0.000736
0.000742
0.000740
0.000728
0.000707
0.000686
0.000673
0.000674
0.000684
0.000694
0.000699
0.000699
0.000697
0.000696
0.000694
0.000688
0.000678
0.000667
0.000659
0.000658
0.000666
0.000679
0.000690
0.000696
0.000695
0.000690
0.000688
0.000689
0.000700
0.000716
0.000733
0.000742
0.000741
0.000732
0.000716
0.000701
0.000692
0.000697
0.000716
0.000740
0.000760
0.000765
0.000755
0.000733
0.000708
0.000688
0.000676
0.000675
0.000683
0.000696
0.000706
0.000711
0.000713
0.000718
0.000732
0.000748
0.000760
0.000765
0.000765
0.000764
0.000762
0.000761
0.000758
0.000759
0.000764
0.000768
0.000766
0.000754
0.000736
0.000720
0.000708
0.000701
0.000696
0.000692
0.000683
0.000668
0.000644
0.000618
0.000592
0.000575
0.000569
0.000575
0.000592
0.000618
0.000649
0.000681
0.000706
0.000722
0.000727
0.000721
0.000706
0.000693
0.000687
0.000689
0.000694
0.000695
0.000692
0.000685
0.000677
0.000674
0.000672
0.000673
0.000672
0.000673
0.000676
0.000682
0.000686
0.000685
0.000681
0.000678
0.000684
0.000699
0.000717
0.000730
0.000734
0.000733
0.000728
0.000729
0.000740
0.000756
0.000762
0.000748
0.000715
0.000674
0.000643
0.000623
0.000616
0.000615
0.000621
0.000629
0.000638
0.000647
0.000659
0.000670
0.000682
0.000695
0.000713
0.000735
0.000754
0.000764
0.000762
0.000750
0.000729
0.000702
0.000674
0.000653
0.000647
0.000653
0.000668
0.000683
0.000700
0.000720
0.000749
0.000783
0.000819
0.000845
0.000858
0.000851
0.000831
0.000801
0.000770
0.000739
0.000714
0.000698
0.000694
0.000696
0.000703
0.000711
0.000722
0.000733
0.000736
0.000726
0.000702
0.000670
0.000641
0.000622
0.000620
0.000634
0.000664
0.000697
0.000725
0.000735
0.000734
0.000722
0.000710
0.000698
0.000694
0.000694
0.000698
0.000703
0.000711
0.000718
0.000721
0.000719
0.000716
0.000714
0.000715
0.000718
0.000724
0.000730
0.000734
0.000735
0.000734
0.000728
0.000716
0.000700
0.000686
0.000680
0.000682
0.000695
0.000716
0.000741
0.000764
0.000780
0.000792
0.000804
0.000820
0.000837
0.000851
0.000856
0.000850
0.000836
0.000823
0.000813
0.000813
0.000820
0.000828
0.000830
0.000821
0.000798
0.000768
0.000738
0.000720
0.000721
0.000739
0.000765
0.000785
0.000793
0.000791
0.000785
0.000780
0.000778
0.000777
0.000773
0.000768
0.000760
0.000749
0.000737
0.000725
0.000711
0.000696
0.000679
0.000665
0.000657
0.000659
0.000668
0.000677
0.000680
0.000675
0.000663
0.000650
0.000639
0.000633
0.000629
0.000624
0.000622
0.000628
0.000646
0.000672
0.000697
0.000712
0.000712
0.000705
0.000699
0.000703
0.000719
0.000741
0.000760
0.000769
0.000767
0.000754
0.000731
0.000702
0.000677
0.000663
0.000662
0.000670
0.000678
0.000680
0.000669
0.000652
0.000635
0.000629
0.000632
0.000640
0.000646
0.000650
0.000654
0.000661
0.000663
0.000663
0.000661
0.000670
0.000689
0.000710
0.000723
0.000724
0.000715
0.000705
0.000697
0.000695
0.000697
0.000700
0.000702
0.000702
0.000702
0.000701
0.000699
0.000696
0.000691
0.000683
0.000670
0.000651
0.000631
0.000615
0.000611
0.000618
0.000632
0.000647
0.000654
0.000655
0.000648
0.000637
0.000628
0.000624
0.000630
0.000642
0.000658
0.000673
0.000681
0.000681
0.000678
0.000678
0.000686
0.000700
0.000719
0.000738
0.000757
0.000770
0.000774
0.000767
0.000748
0.000727
0.000706
0.000690
0.000679
0.000674
0.000674
0.000679
0.000682
0.000685
0.000685
0.000684
0.000684
0.000684
0.000685
0.000686
0.000688
0.000689
0.000688
0.000683
0.000675
0.000665
0.000662
0.000668
0.000680
0.000692
0.000693
0.000683
0.000668
0.000652
0.000640
0.000631
0.000623
0.000615
0.000609
0.000602
0.000598
0.000600
0.000611
0.000627
0.000644
0.000655
0.000661
0.000667
0.000673
0.000675
0.000669
0.000660
0.000652
0.000655
0.000666
0.000687
0.000707
0.000722
0.000726
0.000722
0.000710
0.000694
0.000677
0.000661
0.000650
0.000646
0.000653
0.000670
0.000695
0.000719
0.000738
0.000751
0.000761
0.000771
0.000779
0.000779
0.000771
0.000756
0.000742
0.000733
0.000727
0.000720
0.000709
0.000696
0.000687
0.000683
0.000686
0.000693
0.000705
0.000721
0.000737
0.000748
0.000749
0.000745
0.000742
0.000747
0.000755
0.000758
0.000752
0.000738
0.000721
0.000703
0.000683
0.000660
0.000641
0.000631
0.000637
0.000657
0.000682
0.000704
0.000715
0.000716
0.000709
0.000697
0.000677
0.000639
0.000576
0.000491
0.000394
0.000302
0.000222
0.000158
0.000110
0.000075
0.000050
0.000033
0.000022
0.000014
0.000009
0.000006
0.000004
0.000002
0.000006
0.000005
0.000005
0.000005
0.000005
0.000005
0.000005
0.000004
0.000004
0.000004
0.000004
0.000004
0.000004
0.000004
0.000004
0.000004
0.000004
0.000004
0.000004
0.000004
0.000004
0.000004
0.000004
0.000004
0.000004
0.000004
0.000004
0.000004
0.000004
0.000004
0.000004
0.000004
0.000004
0.000004
0.000004
0.000004
0.000004
0.000004
0.000004
0.000004
0.000004
0.000004
0.000004
0.000004
0.000004
0.000004
0.000004
0.000004
0.000004
0.000004
0.000004
0.000004
0.000004
0.000004
0.000004
0.000004
0.000004
0.000004
0.000004
0.000004
0.000004
0.000004
0.000004
0.000004
0.000004
0.000004
0.000004
0.000004
0.000004
0.000004
0.000004
0.000004
0.000004
0.000004
0.000004
0.000004
0.000004
0.000004
0.000004
0.000004
0.000004
0.000004
0.000004
0.000004
0.000004
0.000004
0.000004
0.000004
0.000004
0.000004
0.000004
0.000004
0.000004
0.000004
0.000004
0.000004
0.000004
0.000004
0.000004
0.000004
0.000004
0.000004
0.000004
0.000004
0.000004
0.000004
0.000004
0.000004
0.000004
0.000004
0.000004
0.000004
0.000004
0.000004
0.000004
0.000004
0.000004
0.000004
0.000004
0.000004
0.000004
0.000004
0.000004
0.000004
0.000004
0.000004
0.000004
0.000004
0.000004
0.000004
0.000004
