0.006386
0.007502
0.007902
0.008853
0.009767
0.010734
0.011591
0.012376
0.013150
0.014014
0.014970
0.015973
0.016871
0.017614
0.018169
0.018641
0.019099
0.019604
0.020115
0.020564
0.020901
0.021132
0.021294
0.021401
0.021435
0.021370
0.021184
0.020884
0.020476
0.019973
0.019374
0.018600
0.017530
0.016008
0.014019
0.011692
0.009287
0.007061
0.005173
0.003681
0.002555
0.001738
0.001162
0.000766
0.000528
0.000514
0.000949
0.002460
0.006248
0.013897
0.026664
0.045106
0.069551
3.407115
1.879645
1.302978
0.947208
0.762124
0.665562
0.618082
0.602107
0.504239
0.621551
0.612687
0.669076
0.725863
0.781894
0.749762
0.795828
0.835344
0.866899
0.889826
0.904532
0.912174
0.915071
0.915495
0.975569
0.971836
0.973326
0.919112
0.921547
0.923669
0.924733
0.924109
0.970915
0.917225
0.911845
0.906113
0.900566
0.896003
0.893275
0.893324
0.896497
0.902791
0.911722
0.966004
0.936008
0.950512
0.965951
0.981982
0.998156
1.066770
1.073601
1.046244
1.062575
1.135504
1.149614
1.162886
1.175682
1.188134
1.200680
1.213832
1.227755
1.203564
1.218457
1.232447
1.245245
1.257001
1.268018
1.278522
1.288523
1.298082
1.307012
1.315354
1.322763
1.329281
1.334751
1.339527
1.343781
1.347764
1.387072
1.391084
1.394673
1.360597
1.362676
1.363988
1.364329
1.363445
1.361669
1.399337
1.396573
1.356007
1.354503
1.352638
1.350300
1.347379
1.344031
1.340360
1.336605
1.332706
1.328980
1.325494
1.322461
1.319356
1.315825
1.311604
1.306886
1.301759
1.296155
1.290029
1.283583
1.277199
1.271327
1.266103
1.261451
1.256865
1.252004
1.246691
1.241202
1.235849
1.230887
1.226280
1.221830
1.217226
1.212424
1.207624
1.203318
1.199774
1.196960
1.194712
1.235832
1.191889
1.191335
1.191034
1.190528
1.189386
1.187121
1.183419
1.178194
1.171592
1.163601
1.199033
1.193023
1.185579
1.121018
1.109442
1.098191
1.087382
1.122831
1.118728
1.113405
1.046702
1.036267
1.025537
1.014397
1.051348
0.990923
0.979154
0.967728
0.956957
0.946930
0.984525
0.968457
0.959225
0.909525
0.899942
0.890271
0.880633
0.899210
0.914151
0.851264
0.841506
0.832358
0.868640
0.816199
0.853030
0.801477
0.794248
0.787015
0.825198
0.772357
0.765106
0.758134
0.751409
0.744714
0.737668
0.730046
0.721806
0.713165
0.704271
0.695311
0.686381
0.677747
0.669492
0.661625
0.653939
0.646450
0.639175
0.632144
0.625161
0.662951
0.658068
0.603633
0.596305
0.589134
0.582174
0.575573
0.569093
0.562663
0.556128
0.549590
0.543017
0.536462
0.529932
0.563726
0.558529
0.511224
0.505345
0.499721
0.494408
0.489465
0.484881
0.480628
0.476605
0.472759
0.468934
0.465044
0.460950
0.456769
0.452686
0.448894
0.445368
0.441818
0.438033
0.433869
0.429484
0.425000
0.420618
0.416460
0.412683
0.409288
0.406230
0.403272
0.400275
0.397072
0.432430
0.425786
0.386168
0.382321
0.378600
0.375167
0.409869
0.405397
0.365864
0.362743
0.359589
0.394771
0.353485
0.350678
0.383869
0.345905
0.343895
0.384764
0.381544
0.381756
0.380864
0.335665
0.375031
0.331752
0.329693
0.327518
0.325253
0.323074
0.321105
0.319393
0.317806
0.316228
0.314480
0.312512
0.310270
0.307849
0.305300
0.302813
0.300485
0.298473
0.296722
0.295232
0.293860
0.292605
0.291405
0.290338
0.289320
0.288219
0.286832
0.285163
0.283395
0.281732
0.280317
0.279127
0.278117
0.277065
0.275731
0.273895
0.271613
0.269081
0.266618
0.264336
0.262354
0.260572
0.259005
0.257537
0.256129
0.254702
0.253220
0.251744
0.250405
0.249305
0.248437
0.247598
0.246698
0.245654
0.244578
0.243485
0.242459
0.241461
0.240454
0.239343
0.238120
0.236776
0.235375
0.233926
0.232503
0.231026
0.229501
0.227861
0.226263
0.224768
0.223488
0.222364
0.268216
0.267159
0.266212
0.265464
0.265021
0.264885
0.264867
0.264773
0.264426
0.263908
0.263266
0.262638
0.261990
0.261304
0.260581
0.259818
0.259111
0.258385
0.257726
0.257048
0.256436
0.255813
0.255251
0.254672
0.254063
0.253338
0.252571
0.251772
0.250941
0.249948
0.248792
0.247591
0.246526
0.245700
0.245050
0.244596
0.244301
0.244234
0.244255
0.244289
0.244179
0.243897
0.243421
0.242767
0.242001
0.241097
0.240072
0.238867
0.237645
0.236461
0.235346
0.234110
0.232803
0.231548
0.230580
0.229902
0.229460
0.229091
0.228626
0.227962
0.227114
0.226201
0.225239
0.224171
0.222938
0.221550
0.220005
0.218236
0.216152
0.213755
0.172247
0.170061
0.206188
0.204146
0.202495
0.163851
0.163040
0.162336
0.161526
0.160418
0.158899
0.156988
0.154801
0.152369
0.149694
0.146786
0.143745
0.140612
0.137385
0.134036
0.130615
0.127202
0.123858
0.120669
0.117703
0.115018
0.112580
0.110334
0.108288
0.106452
0.104825
0.103305
0.101833
0.100366
0.123501
0.121841
0.120326
0.119025
0.117966
0.117176
0.116601
0.116233
0.116024
0.116037
0.116185
0.116395
0.116501
0.116527
0.116500
0.116460
0.116332
0.116111
0.115815
0.115460
0.114914
0.114060
0.112883
0.111516
0.110124
0.108786
0.107579
0.106457
0.105383
0.104257
0.103134
0.102068
0.101166
0.100392
0.099679
0.098958
0.098197
0.097491
0.096862
0.096349
0.095855
0.095311
0.094697
0.094037
0.093448
0.092966
0.092657
0.092436
0.092265
0.092020
0.091686
0.091175
0.090550
0.089850
0.089220
0.088691
0.088277
0.087927
0.087652
0.087471
0.087458
0.087598
0.087867
0.088078
0.088124
0.087901
0.087535
0.087117
0.086790
0.086518
0.086301
0.086029
0.085720
0.085347
0.084970
0.084571
0.084165
0.083796
0.083530
0.083415
0.083416
0.083528
0.083737
0.084038
0.084309
0.084449
0.084353
0.084082
0.083713
0.083380
0.083075
0.082699
0.082141
0.081407
0.080609
0.079816
0.079016
0.078218
0.077508
0.077030
0.076813
0.076766
0.076760
0.076746
0.076741
0.076751
0.076769
0.076811
0.076929
0.077160
0.077527
0.078006
0.078581
0.079232
0.079960
0.080712
0.081346
0.081768
0.081959
0.082063
0.082176
0.082359
0.082563
0.082777
0.083046
0.083453
0.084039
0.084789
0.085710
0.086816
0.088111
0.089519
0.090940
0.092300
0.093583
0.094870
0.096191
0.097538
0.098757
0.099813
0.100689
0.101528
0.102377
0.103353
0.104508
0.105957
0.107798
0.110163
0.113260
0.117311
0.122564
0.129140
0.137161
0.146769
0.158090
0.171269
0.186590
0.204698
0.226159
0.251188
0.279585
0.361928
0.426505
0.498898
0.416445
0.642539
0.712746
0.779123
0.839163
0.880384
0.899457
0.884934
0.839091
0.763543
0.673858
0.579554
0.488340
0.261903
0.221472
0.184497
0.151642
0.123368
0.099733
0.080421
0.064910
0.052655
0.043116
0.035742
0.029998
0.025421
0.021677
0.018583
0.016060
0.014058
0.012497
0.011293
0.010424
0.009899
0.009703
0.009712
0.009783
0.009812
0.009784
0.009718
0.009632
0.009554
0.009534
0.009614
0.009794
0.009996
0.010128
0.010109
0.009963
0.009743
0.009563
0.009434
0.009376
0.009331
0.009337
0.009360
0.009404
0.009405
0.009366
0.009303
0.009263
0.009280
0.009368
0.009508
0.009649
0.009718
0.009704
0.009629
0.009573
0.009539
0.009534
0.009494
0.009431
0.009297
0.009129
0.008907
0.008698
0.008510
0.008369
0.008274
0.008220
0.008214
0.008216
0.008227
0.008219
0.008214
0.008225
0.008287
0.008410
0.008568
0.008726
0.008854
0.008960
0.009032
0.009070
0.009052
0.008997
0.008900
0.008804
0.008707
0.008648
0.008607
0.008608
0.008614
0.008623
0.008585
0.008523
0.008435
0.008375
0.008354
0.008402
0.008506
0.008620
0.008694
0.008698
0.008664
0.008598
0.008519
0.008396
0.008256
0.008092
0.007926
0.007757
0.007630
0.007587
0.007637
0.007749
0.007850
0.007907
0.007865
0.007743
0.007539
0.007358
0.007249
0.007264
0.007365
0.007495
0.007610
0.007674
0.007679
0.007631
0.007538
0.007438
0.007341
0.007280
0.007224
0.007165
0.007079
0.006993
0.006900
0.006802
0.006698
0.006632
0.006646
0.006734
0.006858
0.006957
0.007013
0.007019
0.006994
0.006982
0.006999
0.007054
0.007065
0.007014
0.006894
0.006776
0.006702
0.006686
0.006712
0.006745
0.006770
0.006783
0.006792
0.006819
0.006854
0.006908
0.006949
0.006990
0.007002
0.006973
0.006874
0.006725
0.006587
0.006516
0.006519
0.006526
0.006475
0.006356
0.006225
0.006136
0.006094
0.006052
0.005958
0.005797
0.005587
0.005383
0.005228
0.005163
0.005173
0.005239
0.005321
0.005436
0.005568
0.005720
0.005854
0.005974
0.006086
0.006202
0.006326
0.006418
0.006452
0.006386
0.006248
0.006058
0.005862
0.005680
0.005531
0.005442
0.005408
0.005426
0.005465
0.005524
0.005583
0.005642
0.005681
0.005719
0.005741
0.005740
0.005668
0.005535
0.005376
0.005261
0.005199
0.005182
0.005170
0.005183
0.005226
0.005319
0.005434
0.005556
0.005654
0.005731
0.005775
0.005839
0.005933
0.006099
0.006287
0.006496
0.006668
0.006815
0.006899
0.006951
0.006964
0.006979
0.006997
0.006996
0.006957
0.006862
0.006769
0.006708
0.006699
0.006709
0.006697
0.006656
0.006583
0.006497
0.006378
0.006219
0.006034
0.005889
0.005839
0.005867
0.005901
0.005865
0.005756
0.005606
0.005465
0.005357
0.005310
0.005320
0.005368
0.005421
0.005467
0.005529
0.005630
0.005789
0.005996
0.006219
0.006425
0.006594
0.006749
0.006921
0.007122
0.007339
0.007540
0.007717
0.007847
0.007937
0.007986
0.008034
0.008092
0.008181
0.008294
0.008446
0.008619
0.008797
0.008950
0.009083
0.009199
0.009297
0.009353
0.009329
0.009234
0.009066
0.008898
0.008735
0.008608
0.008473
0.008316
0.008110
0.007857
0.007588
0.007343
0.007189
0.007156
0.007259
0.007439
0.007628
0.007754
0.007814
0.007805
0.007753
0.007657
0.007554
0.007455
0.007392
0.007355
0.007330
0.007282
0.007179
0.007044
0.006914
0.006848
0.006824
0.006820
0.006809
0.006833
0.006898
0.006997
0.007065
0.007094
0.007063
0.007003
0.006918
0.006859
0.006832
0.006859
0.006913
0.006985
0.007027
0.007014
0.006953
0.006885
0.006854
0.006850
0.006855
0.006845
0.006833
0.006828
0.006829
0.006817
0.006764
0.006682
0.006609
0.006615
0.006714
0.006883
0.007052
0.007175
0.007215
0.007171
0.007062
0.006920
0.006771
0.006607
0.006447
0.006309
0.006267
0.006303
0.006405
0.006482
0.006534
0.006556
0.006583
0.006616
0.006635
0.006635
0.006628
0.006658
0.006723
0.006800
0.006846
0.006855
0.006840
0.006821
0.006803
0.006798
0.006797
0.006792
0.006757
0.006703
0.006655
0.006651
0.006688
0.006752
0.006824
0.006891
0.006936
0.006927
0.006854
0.006729
0.006600
0.006515
0.006483
0.006484
0.006457
0.006393
0.006281
0.006145
0.005987
0.005841
0.005741
0.005701
0.005721
0.005753
0.005763
0.005685
0.005525
0.005301
0.005084
0.004884
0.004699
0.004493
0.004240
0.003919
0.003531
0.003104
0.002689
0.002330
0.002050
0.001845
0.001735
0.001737
0.001880
0.002138
0.002502
0.002946
0.003478
0.004045
0.004596
0.005073
0.005494
0.005880
0.006266
0.006631
0.006968
0.007252
0.007497
0.007688
0.007823
0.007877
0.007859
0.007784
0.007680
0.007560
0.007441
0.007330
0.007229
0.007150
0.007115
0.007140
0.007197
0.007249
0.007263
0.007255
0.007238
0.007232
0.007238
0.007249
0.007246
0.007200
0.007098
0.006952
0.006826
0.006799
0.006921
0.007140
0.007346
0.007417
0.007351
0.007203
0.007076
0.006996
0.006963
0.006951
0.006965
0.006979
0.006992
0.006975
0.006945
0.006894
0.006850
0.006822
0.006820
0.006850
0.006905
0.006980
0.007048
0.007087
0.007101
0.007096
0.007095
0.007089
0.007092
0.007087
0.007086
0.007066
0.007035
0.006972
0.006879
0.006761
0.006645
0.006552
0.006492
0.006452
0.006412
0.006356
0.006287
0.006223
0.006170
0.006126
0.006049
0.005929
0.005759
0.005574
0.005394
0.005225
0.005048
0.004864
0.004672
0.004521
0.004408
0.004351
0.004286
0.004217
0.004129
0.004087
0.004109
0.004208
0.004353
0.004505
0.004646
0.004765
0.004884
0.004991
0.005094
0.005187
0.005285
0.005384
0.005491
0.005607
0.005748
0.005896
0.006028
0.006118
0.006165
0.006178
0.006154
0.006091
0.005992
0.005891
0.005824
0.005823
0.005881
0.005952
0.005966
0.005873
0.005674
0.005409
0.005114
0.004836
0.004599
0.004437
0.004329
0.004253
0.004166
0.004071
0.003979
0.003905
0.003864
0.003840
0.003832
0.003805
0.003765
0.003707
0.003658
0.003615
0.003585
0.003556
0.003525
0.003490
0.003451
0.003412
0.003369
0.003332
0.003310
0.003318
0.003362
0.003436
0.003523
0.003602
0.003654
0.003674
0.003651
0.003599
0.003528
0.003467
0.003422
0.003388
0.003342
0.003272
0.003187
0.003120
0.003092
0.003099
0.003105
0.003096
0.003070
0.003053
0.003045
0.003048
0.003054
0.003076
0.003119
0.003195
0.003289
0.003374
0.003412
0.003388
0.003318
0.003226
0.003126
0.003016
0.002896
0.002784
0.002697
0.002648
0.002632
0.002639
0.002658
0.002689
0.002721
0.002751
0.002772
0.002792
0.002795
0.002775
0.002722
0.002652
0.002585
0.002538
0.002512
0.002498
0.002493
0.002495
0.002520
0.002561
0.002611
0.002640
0.002639
0.002604
0.002556
0.002498
0.002435
0.002359
0.002280
0.002220
0.002204
0.002240
0.002299
0.002354
0.002390
0.002423
0.002460
0.002508
0.002548
0.002575
0.002584
0.002591
0.002603
0.002622
0.002642
0.002661
0.002689
0.002729
0.002780
0.002826
0.002847
0.002834
0.002802
0.002768
0.002751
0.002741
0.002736
0.002719
0.002698
0.002679
0.002678
0.002699
0.002731
0.002761
0.002768
0.002746
0.002694
0.002632
0.002587
0.002584
0.002614
0.002648
0.002652
0.002609
0.002538
0.002459
0.002400
0.002355
0.002334
0.002333
0.002353
0.002368
0.002370
0.002352
0.002334
0.002329
0.002353
0.002406
0.002474
0.002540
0.002587
0.002627
0.002665
0.002708
0.002747
0.002761
0.002750
0.002712
0.002693
0.002694
0.002726
0.002742
0.002729
0.002668
0.002585
0.002508
0.002491
0.002556
0.002692
0.002860
0.002995
0.003083
0.003106
0.003096
0.003054
0.003014
0.002985
0.002998
0.003062
0.003178
0.003319
0.003456
0.003565
0.003640
0.003686
0.003724
0.003771
0.003850
0.003942
0.004041
0.004134
0.004253
0.004421
0.004645
0.004907
0.005176
0.005438
0.005675
0.005891
0.006091
0.006306
0.006571
0.006885
0.007225
0.007539
0.007808
0.008000
0.008099
0.008056
0.007886
0.007612
0.007313
0.006997
0.006658
0.006263
0.005818
0.005349
0.004887
0.004452
0.004053
0.003693
0.003368
0.003070
0.002797
0.002560
0.002370
0.002225
0.002108
0.001998
0.001891
0.001785
0.001682
0.001590
0.001517
0.001485
0.001484
0.001515
0.001556
0.001610
0.001663
0.001714
0.001752
0.001774
0.001782
0.001774
0.001757
0.001723
0.001682
0.001639
0.001615
0.001609
0.001617
0.001625
0.001629
0.001633
0.001639
0.001654
0.001669
0.001678
0.001678
0.001681
0.001699
0.001728
0.001752
0.001749
0.001715
0.001656
0.001600
0.001558
0.001537
0.001534
0.001548
0.001577
0.001614
0.001652
0.001681
0.001695
0.001693
0.001673
0.001641
0.001586
0.001518
0.001440
0.001378
0.001338
0.001322
0.001319
0.001318
0.001324
0.001332
0.001350
0.001365
0.001385
0.001397
0.001404
0.001401
0.001391
0.001372
0.001339
0.001295
0.001245
0.001200
0.001163
0.001127
0.001088
0.001049
0.001026
0.001022
0.001042
0.001079
0.001136
0.001202
0.001270
0.001323
0.001378
0.001442
0.001525
0.001596
0.001653
0.001698
0.001756
0.001823
0.001885
0.001927
0.001959
0.002000
0.002056
0.002126
0.002198
0.002268
0.002342
0.002433
0.002557
0.002731
0.002947
0.003177
0.003357
0.003454
0.003452
0.003400
0.003341
0.003331
0.003375
0.003455
0.003522
0.003545
0.003515
0.003443
0.003331
0.003175
0.002975
0.002743
0.002506
0.002274
0.002054
0.001841
0.001638
0.001459
0.001323
0.001242
0.001206
0.001201
0.001214
0.001235
0.001250
0.001246
0.001220
0.001180
0.001138
0.001102
0.001079
0.001075
0.001093
0.001122
0.001139
0.001128
0.001081
0.001016
0.000955
0.000917
0.000904
0.000902
0.000897
0.000878
0.000845
0.000819
0.000804
0.000821
0.000850
0.000895
0.000929
0.000958
0.000969
0.000974
0.000966
0.000956
0.000944
0.000941
0.000947
0.000957
0.000949
0.000918
0.000863
0.000810
0.000766
0.000738
0.000717
0.000706
0.000699
0.000701
0.000700
0.000705
0.000713
0.000737
0.000769
0.000807
0.000829
0.000839
0.000843
0.000863
0.000894
0.000922
0.000927
0.000911
0.000883
0.000846
0.000801
0.000750
0.000704
0.000676
0.000673
0.000694
0.000728
0.000765
0.000800
0.000829
0.000851
0.000855
0.000840
0.000814
0.000801
0.000816
0.000860
0.000916
0.000968
0.001014
0.001053
0.001081
0.001086
0.001064
0.001025
0.000980
0.000938
0.000901
0.000868
0.000839
0.000812
0.000787
0.000763
0.000742
0.000732
0.000739
0.000764
0.000794
0.000820
0.000838
0.000853
0.000870
0.000897
0.000939
0.001002
0.001073
0.001137
0.001173
0.001186
0.001180
0.001167
0.001140
0.001114
0.001088
0.001077
0.001071
0.001079
0.001094
0.001116
0.001131
0.001130
0.001117
0.001101
0.001092
0.001082
0.001068
0.001049
0.001031
0.001024
0.001030
0.001062
0.001107
0.001161
0.001202
0.001234
0.001260
0.001287
0.001308
0.001314
0.001305
0.001296
0.001294
0.001301
0.001301
0.001294
0.001278
0.001264
0.001243
0.001223
0.001194
0.001171
0.001144
0.001119
0.001081
0.001038
0.000992
0.000957
0.000934
0.000912
0.000885
0.000847
0.000811
0.000782
0.000772
0.000775
0.000782
0.000778
0.000756
0.000727
0.000712
0.000719
0.000739
0.000757
0.000765
0.000772
0.000783
0.000803
0.000832
0.000868
0.000895
0.000902
0.000886
0.000863
0.000850
0.000853
0.000867
0.000876
0.000872
0.000854
0.000833
0.000819
0.000824
0.000838
0.000855
0.000854
0.000840
0.000816
0.000798
0.000786
0.000784
0.000790
0.000804
0.000826
0.000851
0.000882
0.000914
0.000946
0.000972
0.000991
0.001007
0.001021
0.001035
0.001042
0.001042
0.001031
0.001013
0.000984
0.000949
0.000915
0.000897
0.000897
0.000911
0.000923
0.000919
0.000898
0.000866
0.000836
0.000804
0.000775
0.000753
0.000748
0.000764
0.000797
0.000835
0.000860
0.000860
0.000833
0.000790
0.000746
0.000715
0.000706
0.000717
0.000745
0.000781
0.000815
0.000840
0.000852
0.000857
0.000863
0.000873
0.000880
0.000880
0.000877
0.000878
0.000887
0.000905
0.000922
0.000939
0.000946
0.000947
0.000932
0.000911
0.000884
0.000874
0.000876
0.000888
0.000890
0.000886
0.000881
0.000884
0.000896
0.000913
0.000931
0.000942
0.000953
0.000962
0.000977
0.000983
0.000971
0.000933
0.000879
0.000824
0.000780
0.000752
0.000735
0.000732
0.000734
0.000743
0.000744
0.000733
0.000708
0.000678
0.000657
0.000647
0.000652
0.000657
0.000656
0.000640
0.000619
0.000605
0.000603
0.000621
0.000647
0.000686
0.000723
0.000757
0.000780
0.000800
0.000817
0.000827
0.000824
0.000805
0.000785
0.000770
0.000768
0.000769
0.000763
0.000747
0.000721
0.000696
0.000680
0.000687
0.000710
0.000750
0.000789
0.000821
0.000836
0.000841
0.000839
0.000836
0.000832
0.000826
0.000825
0.000831
0.000849
0.000868
0.000886
0.000881
0.000850
0.000787
0.000712
0.000637
0.000579
0.000542
0.000522
0.000513
0.000506
0.000497
0.000489
0.000486
0.000490
0.000496
0.000498
0.000496
0.000492
0.000488
0.000483
0.000475
0.000465
0.000459
0.000458
0.000462
0.000468
0.000473
0.000470
0.000461
0.000448
0.000444
0.000442
0.000446
0.000448
0.000459
0.000479
0.000517
0.000558
0.000600
0.000632
0.000664
0.000692
0.000721
0.000738
0.000742
0.000742
0.000738
0.000734
0.000720
0.000705
0.000687
0.000679
0.000677
0.000684
0.000694
0.000705
0.000705
0.000693
0.000672
0.000655
0.000657
0.000679
0.000708
0.000733
0.000746
0.000744
0.000730
0.000710
0.000697
0.000695
0.000703
0.000708
0.000700
0.000676
0.000640
0.000603
0.000574
0.000563
0.000570
0.000589
0.000610
0.000624
0.000625
0.000610
0.000577
0.000535
0.000496
0.000471
0.000462
0.000468
0.000484
0.000505
0.000528
0.000552
0.000579
0.000598
0.000611
0.000618
0.000631
0.000645
0.000656
0.000656
0.000648
0.000635
0.000629
0.000632
0.000648
0.000661
0.000661
0.000647
0.000633
0.000629
0.000636
0.000650
0.000669
0.000694
0.000721
0.000747
0.000766
0.000776
0.000769
0.000752
0.000732
0.000726
0.000732
0.000739
0.000727
0.000697
0.000665
0.000647
0.000647
0.000656
0.000667
0.000674
0.000681
0.000683
0.000681
0.000669
0.000652
0.000636
0.000617
0.000592
0.000554
0.000522
0.000511
0.000531
0.000575
0.000628
0.000681
0.000725
0.000760
0.000771
0.000756
0.000721
0.000679
0.000647
0.000622
0.000608
0.000592
0.000576
0.000552
0.000527
0.000502
0.000486
0.000482
0.000491
0.000509
0.000528
0.000536
0.000533
0.000519
0.000503
0.000486
0.000466
0.000442
0.000418
0.000398
0.000383
0.000376
0.000376
0.000384
0.000395
0.000412
0.000434
0.000461
0.000484
0.000498
0.000504
0.000510
0.000520
0.000532
0.000544
0.000554
0.000564
0.000578
0.000599
0.000624
0.000640
0.000641
0.000623
0.000591
0.000552
0.000508
0.000465
0.000427
0.000400
0.000390
0.000393
0.000405
0.000415
0.000422
0.000420
0.000414
0.000405
0.000400
0.000401
0.000407
0.000411
0.000405
0.000387
0.000361
0.000336
0.000319
0.000317
0.000331
0.000358
0.000389
0.000412
0.000422
0.000423
0.000424
0.000431
0.000450
0.000480
0.000518
0.000549
0.000568
0.000573
0.000572
0.000571
0.000578
0.000586
0.000588
0.000581
0.000568
0.000561
0.000565
0.000580
0.000611
0.000647
0.000680
0.000690
0.000676
0.000636
0.000586
0.000533
0.000489
0.000454
0.000433
0.000424
0.000425
0.000429
0.000431
0.000427
0.000417
0.000395
0.000372
0.000356
0.000364
0.000385
0.000409
0.000417
0.000408
0.000386
0.000367
0.000359
0.000365
0.000377
0.000388
0.000392
0.000392
0.000389
0.000390
0.000399
0.000419
0.000445
0.000473
0.000504
0.000541
0.000584
0.000625
0.000658
0.000670
0.000663
0.000635
0.000602
0.000567
0.000535
0.000503
0.000472
0.000448
0.000435
0.000428
0.000421
0.000411
0.000408
0.000421
0.000452
0.000490
0.000517
0.000525
0.000514
0.000497
0.000480
0.000472
0.000470
0.000474
0.000471
0.000459
0.000434
0.000413
0.000400
0.000401
0.000409
0.000417
0.000422
0.000426
0.000428
0.000424
0.000413
0.000400
0.000392
0.000393
0.000404
0.000415
0.000420
0.000413
0.000402
0.000390
0.000383
0.000379
0.000386
0.000397
0.000410
0.000415
0.000417
0.000412
0.000404
0.000393
0.000387
0.000386
0.000389
0.000394
0.000402
0.000413
0.000425
0.000439
0.000454
0.000469
0.000478
0.000473
0.000454
0.000426
0.000396
0.000375
0.000369
0.000382
0.000403
0.000424
0.000434
0.000440
0.000443
0.000451
0.000455
0.000453
0.000444
0.000436
0.000437
0.000444
0.000460
0.000473
0.000479
0.000470
0.000452
0.000433
0.000419
0.000406
0.000387
0.000365
0.000357
0.000374
0.000414
0.000456
0.000480
0.000479
0.000465
0.000446
0.000425
0.000401
0.000372
0.000345
0.000325
0.000313
0.000305
0.000299
0.000297
0.000302
0.000320
0.000348
0.000387
0.000414
0.000421
0.000396
0.000353
0.000304
0.000264
0.000238
0.000230
0.000230
0.000235
0.000238
0.000245
0.000254
0.000266
0.000275
0.000278
0.000275
0.000277
0.000292
0.000321
0.000349
0.000363
0.000358
0.000341
0.000321
0.000307
0.000299
0.000294
0.000288
0.000279
0.000271
0.000262
0.000253
0.000241
0.000229
0.000220
0.000212
0.000200
0.000186
0.000175
0.000177
0.000192
0.000219
0.000253
0.000285
0.000305
0.000306
0.000293
0.000275
0.000266
0.000270
0.000282
0.000291
0.000293
0.000291
0.000290
0.000290
0.000288
0.000276
0.000259
0.000245
0.000241
0.000249
0.000263
0.000278
0.000294
0.000321
0.000355
0.000393
0.000413
0.000415
0.000393
0.000363
0.000329
0.000300
0.000271
0.000245
0.000226
0.000220
0.000225
0.000235
0.000247
0.000259
0.000267
0.000271
0.000273
0.000278
0.000287
0.000293
0.000296
0.000292
0.000291
0.000294
0.000304
0.000311
0.000312
0.000298
0.000279
0.000256
0.000238
0.000219
0.000204
0.000192
0.000190
0.000197
0.000210
0.000221
0.000232
0.000244
0.000260
0.000271
0.000278
0.000278
0.000279
0.000278
0.000276
0.000266
0.000253
0.000238
0.000223
0.000209
0.000197
0.000194
0.000196
0.000201
0.000199
0.000197
0.000190
0.000185
0.000179
0.000175
0.000175
0.000187
0.000204
0.000226
0.000242
0.000253
0.000256
0.000256
0.000252
0.000245
0.000231
0.000215
0.000198
0.000185
0.000176
0.000170
0.000167
0.000165
0.000163
0.000158
0.000153
0.000151
0.000156
0.000165
0.000176
0.000188
0.000202
0.000218
0.000233
0.000243
0.000248
0.000251
0.000256
0.000267
0.000282
0.000296
0.000303
0.000297
0.000277
0.000245
0.000208
0.000174
0.000148
0.000129
0.000118
0.000119
0.000134
0.000159
0.000186
0.000209
0.000234
0.000260
0.000281
0.000286
0.000275
0.000251
0.000227
0.000210
0.000202
0.000203
0.000208
0.000213
0.000214
0.000213
0.000214
0.000221
0.000234
0.000252
0.000271
0.000288
0.000298
0.000302
0.000301
0.000300
0.000298
0.000292
0.000283
0.000271
0.000265
0.000261
0.000266
0.000271
0.000278
0.000280
0.000281
0.000282
0.000292
0.000313
0.000338
0.000358
0.000368
0.000371
0.000379
0.000400
0.000431
0.000458
0.000474
0.000474
0.000466
0.000458
0.000455
0.000451
0.000449
0.000443
0.000435
0.000423
0.000412
0.000409
0.000420
0.000443
0.000471
0.000494
0.000502
0.000495
0.000473
0.000446
0.000415
0.000387
0.000359
0.000336
0.000320
0.000316
0.000321
0.000329
0.000333
0.000328
0.000312
0.000290
0.000271
0.000255
0.000245
0.000235
0.000232
0.000233
0.000245
0.000256
0.000261
0.000250
0.000231
0.000211
0.000200
0.000194
0.000192
0.000183
0.000172
0.000161
0.000157
0.000159
0.000165
0.000169
0.000169
0.000165
0.000157
0.000151
0.000145
0.000137
0.000128
0.000119
0.000115
0.000117
0.000119
0.000119
0.000120
0.000126
0.000136
0.000144
0.000148
0.000145
0.000137
0.000127
0.000115
0.000104
0.000093
0.000087
0.000088
0.000102
0.000126
0.000158
0.000190
0.000217
0.000235
0.000242
0.000247
0.000250
0.000253
0.000249
0.000241
0.000231
0.000226
0.000220
0.000208
0.000191
0.000172
0.000156
0.000148
0.000151
0.000163
0.000179
0.000191
0.000198
0.000203
0.000209
0.000218
0.000221
0.000216
0.000207
0.000199
0.000192
0.000185
0.000178
0.000179
0.000187
0.000200
0.000211
0.000222
0.000235
0.000246
0.000250
0.000245
0.000238
0.000235
0.000237
0.000239
0.000239
0.000234
0.000225
0.000214
0.000201
0.000194
0.000192
0.000195
0.000196
0.000193
0.000190
0.000188
0.000193
0.000196
0.000199
0.000196
0.000194
0.000193
0.000197
0.000199
0.000196
0.000187
0.000173
0.000164
0.000159
0.000164
0.000174
0.000189
0.000197
0.000202
0.000205
0.000214
0.000233
0.000257
0.000279
0.000293
0.000302
0.000304
0.000303
0.000294
0.000282
0.000271
0.000264
0.000258
0.000247
0.000226
0.000201
0.000178
0.000162
0.000152
0.000146
0.000139
0.000130
0.000120
0.000113
0.000115
0.000131
0.000154
0.000179
0.000196
0.000205
0.000205
0.000206
0.000205
0.000210
0.000218
0.000233
0.000249
0.000263
0.000270
0.000271
0.000266
0.000260
0.000253
0.000245
0.000237
0.000230
0.000229
0.000236
0.000256
0.000282
0.000307
0.000319
0.000316
0.000297
0.000268
0.000231
0.000198
0.000172
0.000162
0.000165
0.000175
0.000186
0.000198
0.000211
0.000225
0.000231
0.000227
0.000212
0.000196
0.000186
0.000185
0.000196
0.000209
0.000220
0.000221
0.000216
0.000205
0.000195
0.000190
0.000191
0.000192
0.000191
0.000188
0.000188
0.000196
0.000214
0.000232
0.000245
0.000250
0.000260
0.000271
0.000284
0.000285
0.000274
0.000248
0.000221
0.000203
0.000204
0.000219
0.000242
0.000260
0.000269
0.000267
0.000260
0.000249
0.000238
0.000229
0.000228
0.000238
0.000256
0.000271
0.000280
0.000280
0.000277
0.000278
0.000291
0.000313
0.000337
0.000349
0.000347
0.000331
0.000310
0.000291
0.000276
0.000266
0.000259
0.000258
0.000263
0.000273
0.000282
0.000286
0.000282
0.000275
0.000274
0.000279
0.000289
0.000298
0.000302
0.000296
0.000285
0.000271
0.000258
0.000245
0.000233
0.000227
0.000230
0.000239
0.000250
0.000258
0.000263
0.000268
0.000273
0.000277
0.000278
0.000277
0.000274
0.000271
0.000263
0.000251
0.000236
0.000226
0.000221
0.000216
0.000202
0.000183
0.000168
0.000171
0.000196
0.000240
0.000286
0.000321
0.000335
0.000333
0.000322
0.000313
0.000309
0.000311
0.000312
0.000308
0.000297
0.000282
0.000272
0.000270
0.000271
0.000272
0.000271
0.000270
0.000269
0.000271
0.000274
0.000275
0.000267
0.000252
0.000236
0.000226
0.000221
0.000223
0.000233
0.000260
0.000297
0.000332
0.000351
0.000354
0.000344
0.000331
0.000324
0.000326
0.000333
0.000339
0.000342
0.000340
0.000336
0.000331
0.000327
0.000322
0.000313
0.000300
0.000286
0.000280
0.000281
0.000292
0.000303
0.000310
0.000307
0.000294
0.000273
0.000251
0.000234
0.000228
0.000225
0.000228
0.000229
0.000232
0.000231
0.000227
0.000216
0.000205
0.000195
0.000186
0.000179
0.000176
0.000189
0.000225
0.000299
0.000404
0.000538
0.000671
0.000796
0.000897
0.000978
0.001034
0.001070
0.001093
0.001115
0.001135
0.001145
0.001137
0.001116
0.001092
0.001074
0.001068
0.001078
0.001102
0.001135
0.001167
0.001190
0.001201
0.001200
0.001191
0.001174
0.001152
0.001125
0.001104
0.001101
0.001119
0.001151
0.001182
0.001202
0.001207
0.001205
0.001201
0.001198
0.001191
0.001178
0.001157
0.001139
0.001126
0.001120
0.001118
0.001120
0.001131
0.001146
0.001163
0.001177
0.001194
0.001210
0.001226
0.001227
0.001218
0.001206
0.001204
0.001204
0.001201
0.001188
0.001172
0.001159
0.001149
0.001143
0.001138
0.001137
0.001133
0.001124
0.001107
0.001092
0.001082
0.001078
0.001079
0.001082
0.001086
0.001087
0.001084
0.001077
0.001075
0.001075
0.001073
0.001061
0.001042
0.001017
0.000992
0.000970
0.000953
0.000945
0.000947
0.000961
0.000990
0.001031
0.001072
0.001102
0.001116
0.001119
0.001122
0.001128
0.001137
0.001144
0.001152
0.001157
0.001154
0.001136
0.001107
0.001077
0.001056
0.001051
0.001062
0.001084
0.001105
0.001115
0.001109
0.001091
0.001069
0.001051
0.001043
0.001055
0.001094
0.001152
0.001207
0.001237
0.001233
0.001206
0.001167
0.001121
0.001072
0.001023
0.000982
0.000954
0.000935
0.000919
0.000904
0.000891
0.000887
0.000899
0.000932
0.000981
0.001033
0.001076
0.001102
0.001113
0.001110
0.001102
0.001092
0.001087
0.001088
0.001093
0.001100
0.001100
0.001090
0.001073
0.001053
0.001037
0.001024
0.001018
0.001019
0.001032
0.001051
0.001073
0.001091
0.001113
0.001133
0.001152
0.001160
0.001160
0.001145
0.001116
0.001073
0.001030
0.000998
0.000992
0.001008
0.001036
0.001059
0.001072
0.001074
0.001075
0.001079
0.001085
0.001090
0.001092
0.001092
0.001094
0.001101
0.001115
0.001130
0.001144
0.001152
0.001152
0.001140
0.001126
0.001121
0.001134
0.001160
0.001190
0.001213
0.001225
0.001223
0.001214
0.001206
0.001205
0.001210
0.001215
0.001212
0.001199
0.001181
0.001171
0.001170
0.001175
0.001177
0.001183
0.001200
0.001236
0.001274
0.001294
0.001272
0.001214
0.001135
0.001068
0.001022
0.001000
0.000991
0.000998
0.001016
0.001048
0.001088
0.001131
0.001163
0.001175
0.001168
0.001152
0.001137
0.001128
0.001127
0.001134
0.001153
0.001172
0.001191
0.001198
0.001199
0.001183
0.001158
0.001128
0.001111
0.001112
0.001131
0.001154
0.001173
0.001180
0.001178
0.001170
0.001158
0.001148
0.001144
0.001149
0.001157
0.001165
0.001171
0.001175
0.001177
0.001184
0.001186
0.001180
0.001154
0.001117
0.001072
0.001037
0.001015
0.001014
0.001023
0.001037
0.001047
0.001057
0.001065
0.001074
0.001082
0.001095
0.001114
0.001129
0.001129
0.001116
0.001100
0.001096
0.001104
0.001121
0.001128
0.001124
0.001108
0.001093
0.001083
0.001081
0.001088
0.001102
0.001120
0.001134
0.001143
0.001148
0.001156
0.001162
0.001167
0.001167
0.001163
0.001152
0.001136
0.001120
0.001109
0.001112
0.001125
0.001149
0.001177
0.001207
0.001230
0.001246
0.001250
0.001249
0.001248
0.001251
0.001255
0.001258
0.001248
0.001224
0.001188
0.001151
0.001116
0.001088
0.001064
0.001052
0.001052
0.001067
0.001088
0.001115
0.001137
0.001152
0.001152
0.001139
0.001114
0.001084
0.001049
0.001019
0.000999
0.000997
0.001009
0.001030
0.001044
0.001046
0.001035
0.001025
0.001036
0.001086
0.001172
0.001272
0.001356
0.001401
0.001405
0.001374
0.001328
0.001274
0.001219
0.001163
0.001111
0.001069
0.001042
0.001035
0.001040
0.001054
0.001070
0.001085
0.001096
0.001110
0.001134
0.001170
0.001208
0.001238
0.001253
0.001259
0.001262
0.001273
0.001288
0.001299
0.001298
0.001293
0.001293
0.001300
0.001307
0.001306
0.001294
0.001278
0.001259
0.001242
0.001217
0.001188
0.001161
0.001145
0.001146
0.001154
0.001166
0.001176
0.001194
0.001212
0.001224
0.001221
0.001210
0.001199
0.001197
0.001203
0.001213
0.001218
0.001211
0.001193
0.001167
0.001142
0.001125
0.001121
0.001129
0.001145
0.001170
0.001204
0.001242
0.001274
0.001292
0.001290
0.001267
0.001229
0.001187
0.001153
0.001136
0.001135
0.001151
0.001173
0.001200
0.001220
0.001247
0.001274
0.001302
0.001311
0.001303
0.001282
0.001266
0.001252
0.001236
0.001208
0.001174
0.001146
0.001137
0.001153
0.001187
0.001225
0.001256
0.001273
0.001281
0.001286
0.001298
0.001311
0.001318
0.001309
0.001292
0.001273
0.001261
0.001256
0.001256
0.001258
0.001259
0.001259
0.001253
0.001239
0.001216
0.001191
0.001175
0.001181
0.001209
0.001245
0.001268
0.001271
0.001254
0.001229
0.001196
0.001158
0.001118
0.001087
0.001078
0.001087
0.001113
0.001141
0.001165
0.001180
0.001187
0.001194
0.001206
0.001220
0.001230
0.001226
0.001207
0.001172
0.001137
0.001116
0.001118
0.001133
0.001151
0.001159
0.001159
0.001156
0.001155
0.001151
0.001141
0.001125
0.001106
0.001093
0.001091
0.001104
0.001126
0.001145
0.001154
0.001153
0.001145
0.001140
0.001143
0.001161
0.001187
0.001215
0.001230
0.001230
0.001213
0.001187
0.001162
0.001148
0.001156
0.001187
0.001227
0.001260
0.001268
0.001251
0.001215
0.001174
0.001140
0.001120
0.001119
0.001133
0.001154
0.001171
0.001179
0.001182
0.001191
0.001214
0.001240
0.001261
0.001268
0.001269
0.001266
0.001264
0.001261
0.001258
0.001259
0.001266
0.001274
0.001269
0.001250
0.001220
0.001194
0.001174
0.001162
0.001154
0.001147
0.001133
0.001108
0.001069
0.001024
0.000981
0.000954
0.000943
0.000954
0.000981
0.001024
0.001076
0.001129
0.001170
0.001198
0.001205
0.001195
0.001171
0.001150
0.001139
0.001143
0.001150
0.001153
0.001147
0.001135
0.001123
0.001118
0.001115
0.001115
0.001114
0.001116
0.001122
0.001131
0.001138
0.001136
0.001130
0.001125
0.001135
0.001160
0.001189
0.001211
0.001218
0.001215
0.001207
0.001209
0.001227
0.001253
0.001264
0.001241
0.001185
0.001118
0.001066
0.001033
0.001021
0.001020
0.001030
0.001043
0.001058
0.001073
0.001093
0.001112
0.001130
0.001152
0.001183
0.001219
0.001250
0.001267
0.001264
0.001244
0.001209
0.001164
0.001118
0.001083
0.001073
0.001083
0.001108
0.001133
0.001162
0.001195
0.001242
0.001298
0.001357
0.001402
0.001423
0.001411
0.001377
0.001328
0.001277
0.001225
0.001184
0.001158
0.001151
0.001154
0.001165
0.001179
0.001198
0.001215
0.001221
0.001205
0.001164
0.001111
0.001062
0.001031
0.001028
0.001052
0.001102
0.001156
0.001201
0.001219
0.001217
0.001198
0.001177
0.001158
0.001151
0.001151
0.001158
0.001166
0.001180
0.001190
0.001196
0.001193
0.001188
0.001184
0.001186
0.001191
0.001201
0.001210
0.001217
0.001219
0.001218
0.001207
0.001187
0.001161
0.001138
0.001127
0.001131
0.001152
0.001187
0.001229
0.001266
0.001293
0.001313
0.001333
0.001359
0.001388
0.001412
0.001419
0.001409
0.001387
0.001364
0.001348
0.001348
0.001359
0.001374
0.001376
0.001361
0.001323
0.001273
0.001223
0.001194
0.001196
0.001226
0.001268
0.001302
0.001315
0.001312
0.001301
0.001294
0.001290
0.001288
0.001282
0.001274
0.001260
0.001243
0.001223
0.001203
0.001180
0.001153
0.001125
0.001102
0.001090
0.001093
0.001107
0.001122
0.001127
0.001120
0.001100
0.001078
0.001060
0.001049
0.001042
0.001035
0.001031
0.001041
0.001071
0.001115
0.001156
0.001181
0.001181
0.001170
0.001159
0.001166
0.001192
0.001228
0.001259
0.001275
0.001272
0.001250
0.001211
0.001164
0.001123
0.001100
0.001099
0.001112
0.001125
0.001127
0.001109
0.001081
0.001054
0.001043
0.001047
0.001061
0.001071
0.001078
0.001084
0.001096
0.001100
0.001099
0.001097
0.001112
0.001142
0.001178
0.001199
0.001200
0.001186
0.001168
0.001156
0.001152
0.001156
0.001161
0.001164
0.001165
0.001164
0.001163
0.001160
0.001154
0.001146
0.001132
0.001111
0.001080
0.001046
0.001020
0.001013
0.001025
0.001049
0.001072
0.001085
0.001086
0.001074
0.001056
0.001041
0.001035
0.001044
0.001064
0.001091
0.001115
0.001129
0.001130
0.001125
0.001125
0.001138
0.001161
0.001192
0.001224
0.001255
0.001277
0.001284
0.001271
0.001241
0.001205
0.001170
0.001144
0.001125
0.001118
0.001118
0.001126
0.001132
0.001137
0.001136
0.001135
0.001134
0.001135
0.001137
0.001138
0.001141
0.001142
0.001141
0.001133
0.001119
0.001103
0.001097
0.001107
0.001128
0.001147
0.001149
0.001133
0.001107
0.001081
0.001062
0.001046
0.001033
0.001020
0.001009
0.000999
0.000992
0.000994
0.001012
0.001041
0.001068
0.001086
0.001096
0.001106
0.001116
0.001120
0.001109
0.001094
0.001081
0.001086
0.001105
0.001139
0.001172
0.001197
0.001204
0.001198
0.001177
0.001151
0.001122
0.001097
0.001078
0.001071
0.001083
0.001112
0.001152
0.001192
0.001223
0.001245
0.001262
0.001279
0.001291
0.001292
0.001278
0.001254
0.001231
0.001215
0.001206
0.001193
0.001176
0.001154
0.001139
0.001132
0.001137
0.001149
0.001170
0.001196
0.001222
0.001240
0.001243
0.001236
0.001231
0.001239
0.001252
0.001258
0.001247
0.001224
0.001196
0.001166
0.001132
0.001095
0.001062
0.001047
0.001057
0.001090
0.001131
0.001167
0.001186
0.001187
0.001175
0.001155
0.001122
0.001060
0.000956
0.000814
0.000654
0.000500
0.000368
0.000263
0.000182
0.000124
0.000083
0.000055
0.000036
0.000023
0.000015
0.000009
0.000006
0.000004
0.000010
0.000009
0.000008
0.000008
0.000008
0.000008
0.000008
0.000007
0.000007
0.000007
0.000007
0.000007
0.000007
0.000007
0.000007
0.000007
0.000007
0.000007
0.000007
0.000007
0.000007
0.000007
0.000007
0.000007
0.000007
0.000007
0.000007
0.000007
0.000007
0.000007
0.000007
0.000007
0.000007
0.000007
0.000007
0.000007
0.000007
0.000007
0.000007
0.000007
0.000007
0.000007
0.000007
0.000007
0.000007
0.000007
0.000007
0.000007
0.000007
0.000007
0.000007
0.000007
0.000007
0.000007
0.000007
0.000007
0.000007
0.000007
0.000007
0.000007
0.000007
0.000007
0.000007
0.000007
0.000007
0.000007
0.000007
0.000007
0.000007
0.000007
0.000007
0.000007
0.000007
0.000007
0.000007
0.000007
0.000007
0.000007
0.000007
0.000007
0.000007
0.000007
0.000007
0.000007
0.000007
0.000007
0.000007
0.000007
0.000007
0.000007
0.000007
0.000007
0.000007
0.000007
0.000007
0.000007
0.000007
0.000007
0.000007
0.000007
0.000007
0.000007
0.000007
0.000007
0.000007
0.000007
0.000007
0.000007
0.000007
0.000007
0.000007
0.000007
0.000007
0.000007
0.000007
0.000007
0.000007
0.000007
0.000007
0.000007
0.000007
0.000007
0.000007
0.000007
0.000007
0.000007
0.000007
0.000007
0.000007
0.000007
0.000007
