2.373650
2.371390
2.370581
2.368665
2.366829
2.364888
2.363168
2.361592
2.360033
2.358295
2.356367
2.354349
2.352542
2.351051
2.349942
2.349003
2.348096
2.347092
2.346077
2.345183
2.344514
2.344059
2.343742
2.343533
2.343470
2.343603
2.343976
2.344575
2.345392
2.346402
2.347606
2.349162
2.351315
2.354370
2.358356
2.363009
2.367813
2.372253
2.376014
2.378984
2.381225
2.382849
2.383994
2.384781
2.385254
2.385286
2.384437
2.381469
2.374000
2.358852
2.333448
2.296568
2.247472
36.164567
27.194497
20.831645
15.330681
11.181032
8.126873
5.899829
4.317423
1.426599
2.369076
1.244386
1.177924
1.121616
1.076583
0.000000
0.000000
0.000000
0.000000
0.000000
0.000000
-0.000000
0.000000
0.000000
0.614549
0.572773
0.574513
0.000000
0.000000
0.000000
0.000000
0.000000
0.504046
0.000000
-0.000000
0.000000
0.000000
0.000000
0.000000
0.000000
0.000000
0.000000
0.000000
0.440984
0.000000
-0.000000
0.000000
0.000000
0.000000
0.489819
0.399056
0.000000
0.000000
0.493669
0.464616
0.430631
0.396411
0.365636
0.341759
0.325811
0.314466
0.000000
0.000000
0.000000
0.000000
0.000000
0.000000
0.000000
0.000000
0.000000
0.000000
0.000000
0.000000
0.000000
0.000000
0.000000
0.000000
0.000000
0.251319
0.254798
0.257810
0.000000
0.000000
0.000000
0.000000
0.000000
0.000000
0.279136
0.273328
0.000000
0.000000
0.000000
0.000000
0.000000
0.000000
0.000000
0.000000
0.000000
-0.000000
0.000000
0.000000
0.000000
0.000000
0.000000
0.000000
0.000000
0.000000
0.000000
0.000000
0.000000
0.000000
0.000000
0.000000
0.000000
0.000000
0.000000
0.000000
0.000000
0.000000
0.000000
0.000000
0.000000
0.000000
0.000000
0.000000
0.000000
0.000000
0.000000
0.340519
0.000000
0.000000
0.000000
0.000000
0.000000
0.000000
0.000000
0.000000
0.000000
0.000000
0.367375
0.407488
0.442838
0.000000
0.000000
0.000000
0.000000
0.400390
0.456185
0.502725
0.000000
0.000000
0.000000
0.000000
0.456933
0.000000
0.000000
0.000000
0.000000
0.000000
0.472480
0.408150
0.412775
0.000000
0.000000
0.000000
0.000000
0.307972
0.578628
0.000000
0.000000
0.000000
0.510204
0.000000
0.514951
0.000000
0.000000
0.000000
0.548799
0.000000
0.000000
0.000000
0.000000
0.000000
0.000000
0.000000
0.000000
-0.000000
0.000000
0.000000
0.000000
0.000000
0.000000
0.000000
0.000000
0.000000
0.000000
-0.000000
0.000000
0.675694
0.718373
0.000000
0.000000
0.000000
0.000000
0.000000
0.000000
0.000000
0.000000
0.000000
0.000000
0.000000
0.000000
0.713452
0.740042
0.000000
0.000000
0.000000
0.000000
0.000000
0.000000
0.000000
0.000000
0.000000
0.000000
0.000000
0.000000
0.000000
0.000000
0.000000
0.000000
0.000000
0.000000
0.000000
0.000000
0.000000
0.000000
0.000000
0.000000
0.000000
0.000000
0.000000
0.000000
0.000000
0.910874
0.848344
0.000000
0.000000
0.000000
0.000000
0.939790
0.911071
0.000000
0.000000
0.000000
0.988110
0.000000
0.000000
0.944676
-0.000000
0.000000
1.137225
1.100042
1.148930
1.173979
0.000000
1.129831
0.000000
0.000000
0.000000
0.000000
0.000000
0.000000
0.000000
0.000000
0.000000
0.000000
0.000000
0.000000
0.000000
0.000000
0.000000
0.000000
0.000000
0.000000
0.000000
0.000000
0.000000
0.000000
0.000000
0.000000
0.000000
0.000000
0.000000
0.000000
0.000000
0.000000
0.000000
0.000000
0.000000
0.000000
0.000000
0.000000
0.000000
0.000000
0.000000
0.000000
0.000000
0.000000
0.000000
0.000000
0.000000
0.000000
0.000000
0.000000
0.000000
0.000000
0.000000
0.000000
0.000000
0.000000
0.000000
0.000000
0.000000
0.000000
0.000000
0.000000
0.000000
0.000000
0.000000
0.000000
0.000000
0.000000
0.000000
0.000000
0.000000
0.000000
0.000000
1.848141
1.850218
1.852079
1.853550
1.854419
1.854676
1.854696
1.854864
1.855532
1.856544
1.857800
1.859030
1.860299
1.861646
1.863065
1.864560
1.865939
1.867356
1.868648
1.869985
1.871197
1.872430
1.873538
1.874681
1.875882
1.877318
1.878844
1.880431
1.882075
1.884034
1.886315
1.888681
1.890775
1.892395
1.893666
1.894552
1.895132
1.895268
1.895232
1.895170
1.895393
1.895957
1.896909
1.898217
1.899749
1.901550
1.903588
1.905980
1.908400
1.910741
1.912938
1.915376
1.917956
1.920441
1.922353
1.923692
1.924556
1.925279
1.926192
1.927507
1.929200
1.931028
1.932953
1.935037
1.937504
1.940291
1.943400
1.946880
1.951050
1.955817
0.000000
0.000000
1.970906
1.974971
1.978270
0.000000
0.000000
0.000000
0.000000
0.000000
0.000000
0.000000
0.000000
0.000000
0.000000
0.000000
0.000000
0.000000
0.000000
0.000000
0.000000
0.000000
0.000000
0.000000
0.000000
0.000000
0.000000
0.000000
0.000000
0.000000
0.000000
0.000000
0.000000
0.000000
2.137460
2.140826
2.143902
2.146546
2.148702
2.150312
2.151485
2.152230
2.152647
2.152607
2.152290
2.151847
2.151625
2.151584
2.151665
2.151781
2.152070
2.152533
2.153148
2.153844
2.154932
2.156645
2.159014
2.161773
2.164590
2.167292
2.169724
2.171979
2.174138
2.176411
2.178690
2.180860
2.182719
2.184293
2.185739
2.187198
2.188735
2.190163
2.191435
2.192469
2.193466
2.194561
2.195801
2.197132
2.198314
2.199275
2.199889
2.200330
2.200671
2.201161
2.201834
2.202871
2.204145
2.205573
2.206857
2.207929
2.208767
2.209471
2.210024
2.210385
2.210402
2.210110
2.209564
2.209146
2.209069
2.209538
2.210294
2.211150
2.211821
2.212375
2.212815
2.213358
2.213975
2.214720
2.215482
2.216298
2.217137
2.217904
2.218464
2.218717
2.218731
2.218510
2.218088
2.217473
2.216915
2.216617
2.216801
2.217339
2.218078
2.218747
2.219361
2.220118
2.221239
2.222717
2.224324
2.225921
2.227530
2.229134
2.230560
2.231519
2.231955
2.232056
2.232080
2.232123
2.232144
2.232132
2.232100
2.232019
2.231788
2.231332
2.230602
2.229642
2.228488
2.227178
2.225710
2.224187
2.222894
2.222028
2.221632
2.221416
2.221185
2.220814
2.220401
2.219969
2.219431
2.218613
2.217429
2.215911
2.214042
2.211798
2.209173
2.206319
2.203444
2.200693
2.198098
2.195494
2.192824
2.190102
2.187636
2.185497
2.183720
2.182022
2.180305
2.178333
2.175995
2.173069
2.169352
2.164576
2.158318
2.150110
2.139480
2.126172
2.109953
2.090547
2.067678
2.041182
2.010390
1.974110
1.931334
1.881832
1.826302
3.219166
3.729183
4.223999
1.572525
4.971756
5.354406
5.767086
6.219916
6.613142
6.960275
7.161234
7.222809
7.094354
6.872399
6.599751
6.320034
1.860974
1.940837
2.014813
2.080939
2.138028
2.185835
2.224865
2.256163
2.280847
2.300025
2.314832
2.326352
2.335523
2.343015
2.349198
2.354234
2.358229
2.361343
2.363746
2.365481
2.366536
2.366936
2.366926
2.366789
2.366735
2.366789
2.366920
2.367089
2.367242
2.367280
2.367116
2.366755
2.366351
2.366087
2.366127
2.366423
2.366865
2.367225
2.367479
2.367589
2.367670
2.367651
2.367600
2.367510
2.367509
2.367587
2.367716
2.367796
2.367764
2.367589
2.367314
2.367037
2.366901
2.366926
2.367071
2.367178
2.367242
2.367252
2.367334
2.367461
2.367732
2.368072
2.368520
2.368941
2.369320
2.369604
2.369794
2.369901
2.369911
2.369903
2.369877
2.369886
2.369889
2.369862
2.369736
2.369488
2.369169
2.368856
2.368606
2.368404
2.368270
2.368202
2.368242
2.368353
2.368543
2.368729
2.368916
2.369029
2.369109
2.369107
2.369099
2.369087
2.369167
2.369294
2.369468
2.369586
2.369626
2.369527
2.369318
2.369088
2.368936
2.368928
2.368995
2.369129
2.369289
2.369536
2.369814
2.370141
2.370472
2.370811
2.371067
2.371157
2.371058
2.370835
2.370631
2.370516
2.370599
2.370841
2.371247
2.371609
2.371828
2.371802
2.371605
2.371348
2.371116
2.370984
2.370967
2.371056
2.371238
2.371433
2.371626
2.371746
2.371859
2.371979
2.372152
2.372330
2.372521
2.372721
2.372929
2.373060
2.373030
2.372854
2.372606
2.372408
2.372294
2.372281
2.372329
2.372353
2.372316
2.372204
2.372177
2.372275
2.372514
2.372750
2.372903
2.372941
2.372893
2.372829
2.372782
2.372761
2.372749
2.372699
2.372632
2.372524
2.372442
2.372360
2.372339
2.372398
2.372596
2.372892
2.373167
2.373307
2.373303
2.373291
2.373392
2.373629
2.373885
2.374057
2.374137
2.374217
2.374403
2.374724
2.375142
2.375548
2.375856
2.375986
2.375968
2.375837
2.375673
2.375443
2.375179
2.374876
2.374611
2.374374
2.374155
2.373922
2.373674
2.373484
2.373412
2.373537
2.373808
2.374184
2.374573
2.374937
2.375235
2.375416
2.375488
2.375456
2.375379
2.375262
2.375140
2.375021
2.374942
2.374869
2.374830
2.374836
2.374984
2.375252
2.375573
2.375806
2.375930
2.375962
2.375984
2.375955
2.375866
2.375675
2.375441
2.375194
2.374998
2.374846
2.374763
2.374641
2.374457
2.374125
2.373744
2.373321
2.372974
2.372680
2.372513
2.372412
2.372385
2.372356
2.372321
2.372327
2.372410
2.372601
2.372786
2.372904
2.372919
2.372899
2.372924
2.373009
2.373158
2.373331
2.373568
2.373885
2.374255
2.374546
2.374648
2.374595
2.374529
2.374602
2.374817
2.375114
2.375393
2.375605
2.375699
2.375677
2.375584
2.375480
2.375389
2.375267
2.375063
2.374745
2.374329
2.373882
2.373472
2.373137
2.372831
2.372491
2.372090
2.371656
2.371252
2.370897
2.370636
2.370455
2.370355
2.370255
2.370135
2.369955
2.369728
2.369423
2.369076
2.368722
2.368420
2.368156
2.367925
2.367733
2.367626
2.367679
2.367876
2.368217
2.368559
2.368887
2.369140
2.369406
2.369714
2.370121
2.370623
2.371158
2.371642
2.371945
2.372008
2.371801
2.371444
2.371069
2.370818
2.370700
2.370717
2.370820
2.371011
2.371219
2.371417
2.371545
2.371617
2.371664
2.371757
2.371960
2.372228
2.372488
2.372620
2.372669
2.372680
2.372707
2.372663
2.372536
2.372342
2.372206
2.372145
2.372203
2.372319
2.372487
2.372604
2.372662
2.372614
2.372511
2.372372
2.372290
2.372315
2.372437
2.372571
2.372631
2.372635
2.372620
2.372633
2.372652
2.372657
2.372652
2.372675
2.372779
2.372942
2.373087
2.373074
2.372878
2.372542
2.372207
2.371967
2.371893
2.371988
2.372208
2.372494
2.372789
2.373114
2.373428
2.373700
2.373781
2.373706
2.373502
2.373346
2.373242
2.373199
2.373144
2.373077
2.373039
2.373036
2.373049
2.372988
2.372858
2.372706
2.372617
2.372601
2.372634
2.372675
2.372712
2.372725
2.372727
2.372739
2.372808
2.372916
2.373012
2.373020
2.372949
2.372824
2.372686
2.372555
2.372466
2.372484
2.372628
2.372877
2.373134
2.373304
2.373368
2.373368
2.373422
2.373547
2.373768
2.374036
2.374348
2.374636
2.374835
2.374916
2.374880
2.374821
2.374802
2.374957
2.375275
2.375719
2.376151
2.376550
2.376919
2.377332
2.377837
2.378478
2.379254
2.380109
2.380942
2.381661
2.382222
2.382630
2.382851
2.382844
2.382558
2.382040
2.381312
2.380421
2.379355
2.378220
2.377116
2.376161
2.375318
2.374547
2.373775
2.373049
2.372378
2.371815
2.371331
2.370952
2.370687
2.370580
2.370616
2.370764
2.370971
2.371210
2.371446
2.371669
2.371869
2.372028
2.372097
2.372044
2.371930
2.371827
2.371801
2.371818
2.371854
2.371866
2.371857
2.371835
2.371842
2.371932
2.372134
2.372422
2.372670
2.372721
2.372478
2.372043
2.371633
2.371489
2.371617
2.371907
2.372156
2.372314
2.372376
2.372399
2.372374
2.372349
2.372326
2.372365
2.372430
2.372536
2.372628
2.372685
2.372687
2.372625
2.372513
2.372363
2.372229
2.372153
2.372127
2.372135
2.372135
2.372144
2.372134
2.372140
2.372140
2.372177
2.372239
2.372367
2.372553
2.372793
2.373026
2.373213
2.373329
2.373405
2.373483
2.373594
2.373738
2.373871
2.373984
2.374077
2.374233
2.374473
2.374816
2.375186
2.375548
2.375885
2.376238
2.376606
2.376988
2.377288
2.377513
2.377628
2.377758
2.377895
2.378067
2.378147
2.378102
2.377901
2.377613
2.377310
2.377028
2.376786
2.376545
2.376328
2.376122
2.375940
2.375749
2.375556
2.375344
2.375112
2.374831
2.374533
2.374266
2.374083
2.373987
2.373961
2.374011
2.374139
2.374337
2.374538
2.374670
2.374670
2.374554
2.374413
2.374388
2.374573
2.374968
2.375496
2.376081
2.376635
2.377110
2.377434
2.377654
2.377810
2.377988
2.378180
2.378364
2.378512
2.378594
2.378642
2.378657
2.378711
2.378789
2.378905
2.379004
2.379088
2.379145
2.379201
2.379262
2.379332
2.379412
2.379491
2.379577
2.379652
2.379697
2.379685
2.379598
2.379452
2.379278
2.379121
2.379016
2.378976
2.379018
2.379118
2.379255
2.379372
2.379458
2.379524
2.379618
2.379761
2.379932
2.380067
2.380126
2.380114
2.380103
2.380121
2.380171
2.380202
2.380216
2.380208
2.380198
2.380158
2.380077
2.379929
2.379745
2.379578
2.379502
2.379548
2.379686
2.379866
2.380063
2.380281
2.380519
2.380744
2.380920
2.381022
2.381061
2.381053
2.381017
2.380958
2.380895
2.380834
2.380790
2.380750
2.380741
2.380777
2.380879
2.381014
2.381144
2.381236
2.381285
2.381315
2.381326
2.381323
2.381275
2.381195
2.381097
2.381040
2.381043
2.381112
2.381207
2.381322
2.381448
2.381598
2.381753
2.381871
2.381899
2.381828
2.381709
2.381599
2.381529
2.381465
2.381392
2.381296
2.381216
2.381160
2.381141
2.381126
2.381100
2.381063
2.381024
2.380987
2.380933
2.380854
2.380751
2.380661
2.380623
2.380651
2.380717
2.380784
2.380817
2.380835
2.380843
2.380875
2.380916
2.380954
2.380958
2.380918
2.380854
2.380796
2.380782
2.380825
2.380929
2.381051
2.381142
2.381149
2.381091
2.381026
2.381021
2.381108
2.381246
2.381403
2.381519
2.381606
2.381645
2.381646
2.381606
2.381575
2.381573
2.381609
2.381644
2.381653
2.381606
2.381500
2.381364
2.381234
2.381139
2.381058
2.380979
2.380892
2.380812
2.380784
2.380806
2.380884
2.380926
2.380926
2.380864
2.380832
2.380855
2.380976
2.381142
2.381296
2.381334
2.381206
2.380935
2.380602
2.380332
2.380155
2.380110
2.380128
2.380210
2.380288
2.380345
2.380319
2.380192
2.379961
2.379679
2.379405
2.379187
2.379035
2.378943
2.378869
2.378776
2.378620
2.378435
2.378234
2.378046
2.377806
2.377471
2.377023
2.376497
2.375960
2.375436
2.374964
2.374535
2.374139
2.373712
2.373184
2.372557
2.371876
2.371248
2.370712
2.370332
2.370137
2.370224
2.370565
2.371108
2.371703
2.372331
2.373004
2.373791
2.374679
2.375616
2.376541
2.377411
2.378208
2.378927
2.379576
2.380173
2.380718
2.381193
2.381573
2.381865
2.382101
2.382320
2.382534
2.382746
2.382952
2.383136
2.383279
2.383343
2.383343
2.383280
2.383197
2.383088
2.382981
2.382879
2.382806
2.382763
2.382749
2.382765
2.382802
2.382871
2.382952
2.383037
2.383082
2.383091
2.383073
2.383056
2.383050
2.383045
2.383037
2.383009
2.382980
2.382963
2.382963
2.382956
2.382919
2.382861
2.382812
2.382817
2.382884
2.382998
2.383109
2.383192
2.383233
2.383241
2.383214
2.383157
2.383086
2.383012
2.382955
2.382927
2.382931
2.382970
2.383035
2.383145
2.383281
2.383437
2.383562
2.383639
2.383670
2.383674
2.383677
2.383664
2.383649
2.383615
2.383585
2.383547
2.383523
2.383511
2.383518
2.383538
2.383577
2.383639
2.383725
2.383820
2.383907
2.383979
2.384051
2.384128
2.384206
2.384253
2.384262
2.384222
2.384151
2.384039
2.383908
2.383774
2.383669
2.383562
2.383436
2.383274
2.383132
2.383016
2.382924
2.382803
2.382667
2.382542
2.382456
2.382393
2.382312
2.382198
2.382057
2.381911
2.381770
2.381622
2.381441
2.381195
2.380850
2.380422
2.379965
2.379609
2.379416
2.379418
2.379521
2.379637
2.379655
2.379564
2.379402
2.379268
2.379220
2.379278
2.379422
2.379645
2.379957
2.380357
2.380821
2.381298
2.381763
2.382202
2.382628
2.383033
2.383389
2.383660
2.383824
2.383896
2.383906
2.383879
2.383838
2.383808
2.383816
2.383870
2.383951
2.384034
2.384106
2.384152
2.384160
2.384127
2.384070
2.384037
2.384059
2.384152
2.384280
2.384399
2.384473
2.384496
2.384499
2.384510
2.384548
2.384613
2.384668
2.384699
2.384667
2.384610
2.384521
2.384453
2.384395
2.384372
2.384364
2.384379
2.384402
2.384426
2.384432
2.384421
2.384401
2.384417
2.384477
2.384585
2.384689
2.384778
2.384832
2.384874
2.384895
2.384908
2.384906
2.384907
2.384897
2.384881
2.384834
2.384770
2.384694
2.384649
2.384629
2.384619
2.384578
2.384516
2.384462
2.384451
2.384483
2.384539
2.384614
2.384704
2.384807
2.384900
2.384957
2.384964
2.384922
2.384855
2.384780
2.384709
2.384648
2.384604
2.384596
2.384626
2.384679
2.384708
2.384678
2.384591
2.384479
2.384377
2.384287
2.384210
2.384155
2.384147
2.384188
2.384267
2.384355
2.384439
2.384512
2.384576
2.384633
2.384684
2.384733
2.384782
2.384824
2.384845
2.384831
2.384782
2.384722
2.384669
2.384634
2.384603
2.384569
2.384515
2.384431
2.384304
2.384161
2.384033
2.383961
2.383934
2.383946
2.383970
2.384021
2.384072
2.384123
2.384144
2.384155
2.384142
2.384115
2.384072
2.384045
2.384050
2.384078
2.384110
2.384129
2.384149
2.384176
2.384212
2.384249
2.384263
2.384253
2.384190
2.384099
2.383991
2.383909
2.383845
2.383792
2.383737
2.383694
2.383682
2.383700
2.383718
2.383721
2.383709
2.383712
2.383725
2.383759
2.383786
2.383828
2.383867
2.383924
2.383967
2.384020
2.384067
2.384144
2.384231
2.384324
2.384395
2.384442
2.384485
2.384538
2.384613
2.384685
2.384741
2.384763
2.384758
2.384744
2.384754
2.384797
2.384854
2.384885
2.384869
2.384829
2.384793
2.384776
2.384762
2.384741
2.384701
2.384646
2.384576
2.384524
2.384510
2.384542
2.384587
2.384613
2.384606
2.384579
2.384561
2.384567
2.384602
2.384642
2.384668
2.384656
2.384627
2.384595
2.384597
2.384625
2.384672
2.384708
2.384729
2.384733
2.384719
2.384692
2.384648
2.384599
2.384539
2.384476
2.384414
2.384363
2.384326
2.384293
2.384266
2.384238
2.384225
2.384226
2.384248
2.384283
2.384342
2.384411
2.384478
2.384513
2.384512
2.384484
2.384460
2.384469
2.384512
2.384576
2.384636
2.384699
2.384756
2.384801
2.384811
2.384780
2.384715
2.384640
2.384590
2.384592
2.384646
2.384732
2.384819
2.384880
2.384898
2.384875
2.384820
2.384748
2.384680
2.384630
2.384607
2.384597
2.384585
2.384567
2.384554
2.384554
2.384561
2.384559
2.384542
2.384507
2.384472
2.384437
2.384422
2.384417
2.384447
2.384488
2.384542
2.384561
2.384558
2.384534
2.384528
2.384537
2.384549
2.384544
2.384520
2.384487
2.384452
2.384428
2.384407
2.384389
2.384360
2.384349
2.384372
2.384447
2.384552
2.384658
2.384744
2.384797
2.384830
2.384836
2.384833
2.384814
2.384814
2.384836
2.384886
2.384945
2.384987
2.385006
2.384996
2.384986
2.384990
2.385022
2.385068
2.385097
2.385103
2.385070
2.385018
2.384941
2.384868
2.384800
2.384753
2.384712
2.384677
2.384657
2.384663
2.384701
2.384741
2.384769
2.384772
2.384768
2.384777
2.384809
2.384861
2.384909
2.384941
2.384928
2.384881
2.384799
2.384722
2.384659
2.384631
2.384622
2.384627
2.384633
2.384643
2.384656
2.384661
2.384651
2.384615
2.384577
2.384542
2.384552
2.384615
2.384741
2.384892
2.385040
2.385154
2.385228
2.385265
2.385283
2.385297
2.385314
2.385329
2.385335
2.385327
2.385316
2.385311
2.385315
2.385324
2.385331
2.385341
2.385358
2.385379
2.385393
2.385396
2.385388
2.385375
2.385366
2.385371
2.385388
2.385411
2.385420
2.385422
2.385413
2.385409
2.385387
2.385347
2.385272
2.385188
2.385103
2.385038
2.384974
2.384916
2.384860
2.384827
2.384819
2.384819
2.384828
2.384836
2.384864
2.384894
2.384930
2.384946
2.384952
2.384938
2.384919
2.384900
2.384899
2.384922
2.384966
2.384998
2.384994
2.384950
2.384891
2.384840
2.384816
2.384819
2.384850
2.384890
2.384918
2.384922
2.384907
2.384896
2.384911
2.384958
2.385029
2.385102
2.385158
2.385180
2.385165
2.385126
2.385084
2.385055
2.385054
2.385082
2.385147
2.385230
2.385310
2.385361
2.385379
2.385368
2.385337
2.385297
2.385251
2.385202
2.385149
2.385110
2.385084
2.385070
2.385045
2.385016
2.384994
2.384994
2.385011
2.385036
2.385050
2.385042
2.385011
2.384986
2.384986
2.385015
2.385041
2.385049
2.385035
2.385008
2.384971
2.384922
2.384868
2.384815
2.384778
2.384757
2.384769
2.384802
2.384841
2.384853
2.384839
2.384826
2.384849
2.384909
2.384972
2.385009
2.385009
2.384993
2.384970
2.384958
2.384945
2.384941
2.384945
2.384969
2.385003
2.385035
2.385072
2.385123
2.385198
2.385261
2.385283
2.385243
2.385154
2.385048
2.384941
2.384854
2.384787
2.384768
2.384798
2.384869
2.384951
2.385015
2.385064
2.385094
2.385126
2.385158
2.385206
2.385256
2.385306
2.385337
2.385345
2.385326
2.385291
2.385254
2.385236
2.385242
2.385270
2.385302
2.385337
2.385375
2.385421
2.385467
2.385507
2.385536
2.385550
2.385549
2.385533
2.385511
2.385478
2.385434
2.385380
2.385335
2.385307
2.385296
2.385287
2.385268
2.385245
2.385221
2.385203
2.385181
2.385152
2.385110
2.385061
2.385027
2.385025
2.385060
2.385123
2.385200
2.385287
2.385375
2.385453
2.385507
2.385527
2.385522
2.385499
2.385478
2.385464
2.385466
2.385478
2.385494
2.385504
2.385501
2.385488
2.385478
2.385487
2.385522
2.385575
2.385626
2.385660
2.385664
2.385636
2.385582
2.385521
2.385476
2.385455
2.385453
2.385451
2.385438
2.385400
2.385340
2.385266
2.385205
2.385168
2.385160
2.385163
2.385165
2.385152
2.385135
2.385129
2.385144
2.385168
2.385183
2.385178
2.385147
2.385085
2.385012
2.384945
2.384926
2.384952
2.385033
2.385132
2.385238
2.385326
2.385393
2.385435
2.385452
2.385451
2.385444
2.385441
2.385449
2.385469
2.385512
2.385559
2.385590
2.385576
2.385532
2.385485
2.385469
2.385488
2.385531
2.385570
2.385585
2.385573
2.385548
2.385528
2.385521
2.385523
2.385529
2.385528
2.385511
2.385473
2.385423
2.385366
2.385304
2.385231
2.385146
2.385065
2.384999
2.384976
2.384990
2.385045
2.385111
2.385180
2.385244
2.385307
2.385368
2.385415
2.385440
2.385452
2.385464
2.385483
2.385489
2.385463
2.385402
2.385328
2.385273
2.385257
2.385279
2.385313
2.385347
2.385363
2.385368
2.385359
2.385365
2.385390
2.385438
2.385481
2.385506
2.385503
2.385488
2.385472
2.385462
2.385453
2.385449
2.385455
2.385478
2.385503
2.385519
2.385514
2.385491
2.385468
2.385459
2.385473
2.385496
2.385521
2.385538
2.385544
2.385531
2.385509
2.385484
2.385474
2.385470
2.385480
2.385495
2.385515
2.385527
2.385529
2.385525
2.385514
2.385498
2.385476
2.385452
2.385424
2.385394
2.385364
2.385348
2.385358
2.385397
2.385453
2.385513
2.385555
2.385568
2.385543
2.385501
2.385458
2.385437
2.385425
2.385419
2.385404
2.385396
2.385400
2.385417
2.385434
2.385434
2.385419
2.385390
2.385363
2.385349
2.385364
2.385398
2.385436
2.385464
2.385489
2.385527
2.385570
2.385587
2.385555
2.385475
2.385394
2.385347
2.385350
2.385379
2.385417
2.385457
2.385506
2.385561
2.385614
2.385653
2.385679
2.385694
2.385707
2.385710
2.385702
2.385666
2.385609
2.385533
2.385479
2.385466
2.385515
2.385601
2.385699
2.385778
2.385828
2.385844
2.385843
2.385833
2.385827
2.385813
2.385795
2.385772
2.385756
2.385752
2.385756
2.385754
2.385722
2.385665
2.385607
2.385579
2.385589
2.385624
2.385663
2.385692
2.385708
2.385720
2.385733
2.385751
2.385766
2.385782
2.385799
2.385822
2.385846
2.385864
2.385882
2.385904
2.385934
2.385954
2.385951
2.385921
2.385867
2.385800
2.385738
2.385698
2.385696
2.385721
2.385756
2.385771
2.385763
2.385739
2.385720
2.385716
2.385721
2.385723
2.385722
2.385728
2.385752
2.385785
2.385815
2.385822
2.385806
2.385778
2.385748
2.385716
2.385662
2.385594
2.385518
2.385477
2.385473
2.385517
2.385576
2.385644
2.385703
2.385762
2.385814
2.385852
2.385864
2.385856
2.385836
2.385812
2.385788
2.385772
2.385763
2.385758
2.385748
2.385731
2.385719
2.385715
2.385722
2.385725
2.385718
2.385697
2.385681
2.385680
2.385708
2.385746
2.385791
2.385828
2.385866
2.385897
2.385922
2.385925
2.385913
2.385887
2.385865
2.385842
2.385818
2.385786
2.385762
2.385748
2.385748
2.385745
2.385747
2.385752
2.385773
2.385798
2.385828
2.385858
2.385887
2.385911
2.385917
2.385914
2.385904
2.385906
2.385911
2.385923
2.385933
2.385946
2.385955
2.385954
2.385932
2.385896
2.385852
2.385821
2.385799
2.385795
2.385793
2.385803
2.385817
2.385845
2.385877
2.385910
2.385936
2.385954
2.385967
2.385972
2.385976
2.385980
2.385989
2.385998
2.386001
2.385991
2.385974
2.385953
2.385930
2.385902
2.385870
2.385841
2.385820
2.385810
2.385804
2.385795
2.385774
2.385745
2.385716
2.385702
2.385715
2.385755
2.385818
2.385889
2.385957
2.386009
2.386046
2.386067
2.386066
2.386035
2.385987
2.385934
2.385887
2.385837
2.385786
2.385745
2.385734
2.385758
2.385804
2.385852
2.385885
2.385901
2.385899
2.385888
2.385878
2.385874
2.385877
2.385875
2.385863
2.385836
2.385800
2.385763
2.385731
2.385712
2.385705
2.385705
2.385709
2.385713
2.385725
2.385742
2.385765
2.385778
2.385785
2.385777
2.385767
2.385752
2.385747
2.385745
2.385742
2.385719
2.385679
2.385628
2.385588
2.385569
2.385563
2.385546
2.385506
2.385444
2.385390
2.385359
2.385360
2.385374
2.385392
2.385398
2.385405
2.385409
2.385422
2.385438
2.385463
2.385485
2.385491
2.385471
2.385424
2.385370
2.385323
2.385306
2.385321
2.385364
2.385419
2.385480
2.385536
2.385592
2.385637
2.385669
2.385677
2.385669
2.385652
2.385644
2.385656
2.385687
2.385729
2.385767
2.385797
2.385816
2.385835
2.385840
2.385838
2.385813
2.385792
2.385781
2.385804
2.385841
2.385882
2.385904
2.385914
2.385919
2.385936
2.385959
2.385982
2.385990
2.385985
2.385973
2.385964
2.385964
2.385973
2.385988
2.386002
2.386013
2.386029
2.386048
2.386066
2.386073
2.386070
2.386067
2.386066
2.386064
2.386053
2.386034
2.386017
2.386010
2.386014
2.386029
2.386049
2.386072
2.386093
2.386114
2.386126
2.386125
2.386097
2.386051
2.385987
2.385924
2.385869
2.385835
2.385819
2.385810
2.385805
2.385799
2.385808
2.385822
2.385842
2.385853
2.385867
2.385890
2.385924
2.385964
2.385995
2.386011
2.386005
2.385981
2.385949
2.385924
2.385911
2.385901
2.385886
2.385868
2.385862
2.385870
2.385890
2.385904
2.385920
2.385934
2.385949
2.385947
2.385931
2.385906
2.385883
2.385861
2.385837
2.385815
2.385806
2.385815
2.385829
2.385837
2.385833
2.385829
2.385829
2.385839
2.385856
2.385879
2.385903
2.385916
2.385919
2.385913
2.385912
2.385917
2.385924
2.385927
2.385919
2.385912
2.385906
2.385914
2.385917
2.385918
2.385912
2.385907
2.385913
2.385930
2.385956
2.385975
2.385985
2.385973
2.385953
2.385923
2.385906
2.385896
2.385891
2.385872
2.385834
2.385789
2.385745
2.385718
2.385701
2.385697
2.385700
2.385718
2.385742
2.385766
2.385780
2.385792
2.385815
2.385855
2.385905
2.385950
2.385982
2.386001
2.386013
2.386027
2.386045
2.386065
2.386078
2.386074
2.386044
2.385999
2.385949
2.385916
2.385898
2.385897
2.385896
2.385897
2.385886
2.385869
2.385839
2.385808
2.385780
2.385765
2.385764
2.385774
2.385786
2.385800
2.385814
2.385830
2.385843
2.385846
2.385832
2.385792
2.385742
2.385694
2.385671
2.385677
2.385715
2.385773
2.385845
2.385910
2.385960
2.385979
2.385973
2.385952
2.385930
2.385904
2.385879
2.385850
2.385840
2.385847
2.385878
2.385911
2.385932
2.385933
2.385914
2.385890
2.385868
2.385864
2.385874
2.385896
2.385913
2.385921
2.385920
2.385917
2.385919
2.385925
2.385926
2.385910
2.385875
2.385841
2.385816
2.385806
2.385788
2.385765
2.385737
2.385734
2.385757
2.385808
2.385860
2.385896
2.385895
2.385865
2.385820
2.385785
2.385767
2.385772
2.385786
2.385808
2.385830
2.385847
2.385848
2.385828
2.385794
2.385763
2.385747
2.385747
2.385753
2.385750
2.385725
2.385682
2.385635
2.385611
2.385615
2.385647
2.385689
2.385728
2.385756
2.385777
2.385790
2.385791
2.385780
2.385759
2.385740
2.385733
2.385740
2.385753
2.385756
2.385747
2.385727
2.385710
2.385703
2.385713
2.385735
2.385763
2.385788
2.385815
2.385838
2.385851
2.385845
2.385827
2.385806
2.385792
2.385780
2.385772
2.385763
2.385754
2.385751
2.385751
2.385758
2.385762
2.385778
2.385799
2.385831
2.385849
2.385860
2.385870
2.385898
2.385936
2.385967
2.385962
2.385913
2.385827
2.385736
2.385667
2.385638
2.385642
2.385663
2.385680
2.385688
2.385685
2.385682
2.385690
2.385715
2.385744
2.385764
2.385768
2.385766
2.385764
2.385765
2.385767
2.385769
2.385765
2.385760
2.385758
2.385773
2.385801
2.385833
2.385852
2.385861
2.385859
2.385838
2.385786
2.385712
2.385642
2.385603
2.385598
2.385617
2.385641
2.385656
2.385654
2.385641
2.385629
2.385625
2.385628
2.385635
2.385644
2.385652
2.385660
2.385678
2.385702
2.385731
2.385743
2.385740
2.385719
2.385698
2.385685
2.385693
2.385718
2.385761
2.385803
2.385837
2.385850
2.385854
2.385848
2.385846
2.385838
2.385840
2.385848
2.385870
2.385891
2.385911
2.385929
2.385943
2.385950
2.385923
2.385853
2.385705
2.385496
2.385230
2.384965
2.384717
2.384515
2.384353
2.384242
2.384170
2.384124
2.384078
2.384037
2.384015
2.384030
2.384071
2.384121
2.384156
2.384169
2.384149
2.384102
2.384038
2.383975
2.383930
2.383909
2.383911
2.383928
2.383962
2.384007
2.384060
2.384101
2.384107
2.384071
2.384007
2.383946
2.383908
2.383898
2.383904
2.383914
2.383920
2.383935
2.383962
2.384004
2.384039
2.384066
2.384078
2.384082
2.384076
2.384055
2.384025
2.383990
2.383961
2.383928
2.383894
2.383863
2.383860
2.383876
2.383899
2.383904
2.383904
2.383909
2.383934
2.383965
2.383990
2.384008
2.384019
2.384029
2.384029
2.384038
2.384058
2.384091
2.384121
2.384142
2.384148
2.384148
2.384140
2.384132
2.384131
2.384138
2.384152
2.384157
2.384158
2.384161
2.384184
2.384223
2.384272
2.384322
2.384367
2.384400
2.384416
2.384413
2.384382
2.384325
2.384243
2.384161
2.384100
2.384073
2.384068
2.384062
2.384053
2.384036
2.384023
2.384007
2.383999
2.384005
2.384040
2.384097
2.384157
2.384199
2.384208
2.384185
2.384141
2.384099
2.384078
2.384091
2.384126
2.384170
2.384207
2.384223
2.384199
2.384121
2.384004
2.383893
2.383833
2.383840
2.383895
2.383974
2.384065
2.384163
2.384260
2.384340
2.384397
2.384435
2.384467
2.384497
2.384523
2.384529
2.384503
2.384438
2.384342
2.384240
2.384154
2.384104
2.384082
2.384089
2.384105
2.384124
2.384134
2.384133
2.384123
2.384111
2.384111
2.384131
2.384166
2.384205
2.384237
2.384262
2.384274
2.384271
2.384244
2.384206
2.384163
2.384128
2.384086
2.384047
2.384010
2.383995
2.383994
2.384024
2.384079
2.384164
2.384248
2.384311
2.384323
2.384294
2.384240
2.384194
2.384168
2.384160
2.384155
2.384145
2.384131
2.384120
2.384116
2.384116
2.384112
2.384099
2.384074
2.384046
2.384018
2.384004
2.384007
2.384031
2.384059
2.384069
2.384045
2.383994
2.383934
2.383887
2.383863
2.383866
2.383882
2.383897
2.383900
2.383889
2.383878
2.383882
2.383909
2.383945
2.383966
2.383968
2.383958
2.383953
2.383941
2.383906
2.383835
2.383760
2.383720
2.383762
2.383879
2.384035
2.384168
2.384261
2.384305
2.384322
2.384310
2.384274
2.384211
2.384132
2.384048
2.383985
2.383960
2.383975
2.384007
2.384036
2.384054
2.384056
2.384041
2.384003
2.383964
2.383925
2.383910
2.383908
2.383939
2.383989
2.384051
2.384085
2.384085
2.384048
2.384002
2.383966
2.383952
2.383956
2.383973
2.383997
2.384018
2.384025
2.384015
2.383998
2.383981
2.383969
2.383960
2.383955
2.383942
2.383938
2.383948
2.384000
2.384074
2.384163
2.384233
2.384275
2.384276
2.384257
2.384228
2.384208
2.384189
2.384174
2.384158
2.384142
2.384116
2.384080
2.384051
2.384049
2.384076
2.384107
2.384114
2.384095
2.384062
2.384045
2.384055
2.384086
2.384116
2.384136
2.384139
2.384126
2.384099
2.384063
2.384035
2.384017
2.384005
2.383990
2.383978
2.383969
2.383969
2.383979
2.383999
2.384030
2.384062
2.384083
2.384080
2.384054
2.384008
2.383954
2.383895
2.383848
2.383815
2.383807
2.383806
2.383810
2.383804
2.383797
2.383793
2.383812
2.383857
2.383929
2.384001
2.384069
2.384124
2.384173
2.384198
2.384200
2.384172
2.384132
2.384080
2.384037
2.384009
2.384010
2.384034
2.384083
2.384143
2.384211
2.384270
2.384311
2.384315
2.384290
2.384248
2.384220
2.384215
2.384239
2.384260
2.384237
2.384137
2.383966
2.383769
2.383603
2.383512
2.383504
2.383564
2.383655
2.383764
2.383872
2.383984
2.384087
2.384171
2.384223
2.384238
2.384227
2.384198
2.384168
2.384139
2.384118
2.384089
2.384040
2.383967
2.383889
2.383830
2.383800
2.383790
2.383783
2.383760
2.383731
2.383709
2.383711
2.383721
2.383723
2.383711
2.383696
2.383699
2.383722
2.383755
2.383792
2.383828
2.383877
2.383935
2.383990
2.384021
2.384020
2.384004
2.383983
2.383964
2.383929
2.383892
2.383867
2.383872
2.383893
2.383914
2.383916
2.383903
2.383884
2.383875
2.383887
2.383924
2.383976
2.384025
2.384055
2.384062
2.384045
2.384014
2.383965
2.383901
2.383829
2.383767
2.383734
2.383737
2.383783
2.383856
2.383938
2.384003
2.384036
2.384037
2.384004
2.383959
2.383903
2.383860
2.383807
2.383753
2.383698
2.383683
2.383700
2.383743
2.383775
2.383802
2.383835
2.383890
2.383960
2.384017
2.384037
2.384007
2.383942
2.383866
2.383805
2.383770
2.383756
2.383745
2.383720
2.383692
2.383676
2.383693
2.383728
2.383767
2.383791
2.383802
2.383802
2.383799
2.383795
2.383795
2.383806
2.383833
2.383879
2.383929
2.383961
2.383949
2.383895
2.383824
2.383778
2.383772
2.383804
2.383852
2.383914
2.383989
2.384067
2.384128
2.384147
2.384128
2.384078
2.384024
2.383979
2.383952
2.383939
2.383924
2.383902
2.383874
2.383854
2.383860
2.383898
2.383967
2.384035
2.384077
2.384073
2.384043
2.384008
2.383992
2.383990
2.383994
2.383995
2.384001
2.384019
2.384051
2.384087
2.384113
2.384116
2.384090
2.384047
2.384010
2.383993
2.383997
2.384013
2.384024
2.384018
2.383980
2.383928
2.383872
2.383842
2.383844
2.383878
2.383932
2.383983
2.384012
2.383995
2.383935
2.383855
2.383791
2.383775
2.383808
2.383878
2.383960
2.384027
2.384066
2.384067
2.384041
2.383999
2.383966
2.383951
2.383946
2.383928
2.383884
2.383832
2.383790
2.383774
2.383772
2.383777
2.383781
2.383787
2.383794
2.383792
2.383779
2.383764
2.383773
2.383811
2.383869
2.383921
2.383961
2.383985
2.384003
2.384017
2.384046
2.384095
2.384172
2.384259
2.384343
2.384398
2.384418
2.384397
2.384343
2.384257
2.384155
2.384052
2.383970
2.383916
2.383901
2.383919
2.383964
2.384004
2.384023
2.384015
2.383999
2.383994
2.384007
2.384031
2.384056
2.384068
2.384075
2.384076
2.384078
2.384073
2.384061
2.384043
2.384029
2.384034
2.384048
2.384060
2.384041
2.383993
2.383935
2.383890
2.383877
2.383883
2.383899
2.383895
2.383862
2.383811
2.383788
2.383834
2.383943
2.384075
2.384178
2.384243
2.384266
2.384268
2.384247
2.384223
2.384193
2.384161
2.384123
2.384085
2.384048
2.384004
2.383944
2.383872
2.383811
2.383777
2.383783
2.383823
2.383892
2.383983
2.384073
2.384142
2.384164
2.384143
2.384093
2.384043
2.383987
2.383922
2.383828
2.383717
2.383600
2.383512
2.383470
2.383494
2.383560
2.383658
2.383759
2.383862
2.383942
2.383995
2.384010
2.384004
2.383983
2.383955
2.383918
2.383883
2.383872
2.383904
2.383984
2.384090
2.384185
2.384246
2.384251
2.384204
2.384104
2.383994
2.383903
2.383868
2.383872
2.383911
2.383951
2.383989
2.384002
2.384004
2.383990
2.383974
2.383947
2.383926
2.383914
2.383921
2.383931
2.383941
2.383937
2.383927
2.383907
2.383888
2.383874
2.383870
2.383873
2.383894
2.383934
2.383987
2.384033
2.384057
2.384051
2.384011
2.383942
2.383859
2.383783
2.383727
2.383685
2.383644
2.383589
2.383530
2.383483
2.383470
2.383491
2.383537
2.383583
2.383615
2.383616
2.383597
2.383569
2.383565
2.383597
2.383671
2.383772
2.383870
2.383928
2.383924
2.383862
2.383777
2.383709
2.383682
2.383689
2.383710
2.383724
2.383731
2.383735
2.383746
2.383762
2.383790
2.383824
2.383863
2.383902
2.383947
2.383999
2.384055
2.384101
2.384125
2.384118
2.384091
2.384060
2.384050
2.384064
2.384102
2.384145
2.384178
2.384199
2.384212
2.384227
2.384234
2.384216
2.384159
2.384073
2.383994
2.383948
2.383948
2.383973
2.383993
2.383978
2.383926
2.383853
2.383791
2.383760
2.383768
2.383814
2.383890
2.383984
2.384064
2.384111
2.384114
2.384088
2.384061
2.384057
2.384094
2.384150
2.384205
2.384227
2.384217
2.384189
2.384169
2.384156
2.384143
2.384122
2.384114
2.384116
2.384119
2.384088
2.384026
2.383954
2.383911
2.383907
2.383935
2.383971
2.383995
2.384003
2.383996
2.383986
2.383979
2.383978
2.383979
2.383982
2.383988
2.383999
2.384015
2.384041
2.384083
2.384146
2.384213
2.384267
2.384283
2.384260
2.384213
2.384167
2.384140
2.384138
2.384159
2.384194
2.384223
2.384236
2.384219
2.384180
2.384127
2.384079
2.384051
2.384049
2.384059
2.384059
2.384033
2.383987
2.383925
2.383861
2.383798
2.383752
2.383738
2.383764
2.383825
2.383897
2.383967
2.384018
2.384054
2.384067
2.384066
2.384053
2.384041
2.384033
2.384034
2.384037
2.384040
2.384039
2.384037
2.384036
2.384032
2.384030
2.384033
2.384049
2.384077
2.384106
2.384116
2.384095
2.384051
2.384011
2.384005
2.384036
2.384089
2.384140
2.384181
2.384213
2.384241
2.384267
2.384289
2.384310
2.384322
2.384317
2.384280
2.384223
2.384168
2.384132
2.384112
2.384090
2.384070
2.384063
2.384086
2.384117
2.384144
2.384135
2.384098
2.384031
2.383967
2.383917
2.383903
2.383915
2.383955
2.384008
2.384065
2.384117
2.384154
2.384168
2.384145
2.384087
2.384007
2.383927
2.383866
2.383822
2.383787
2.383754
2.383729
2.383728
2.383755
2.383804
2.383848
2.383880
2.383897
2.383922
2.383957
2.384000
2.384029
2.384043
2.384033
2.384010
2.383968
2.383917
2.383865
2.383829
2.383822
2.383835
2.383844
2.383829
2.383802
2.383791
2.383813
2.383860
2.383917
2.383978
2.384046
2.384121
2.384186
2.384218
2.384198
2.384131
2.384048
2.383977
2.383940
2.383936
2.383958
2.383996
2.384063
2.384186
2.384394
2.384678
2.384998
2.385304
2.385568
2.385779
2.385939
2.386055
2.386137
2.386193
2.386231
2.386257
2.386273
2.386284
2.386291
2.386295
2.386290
2.386292
2.386293
2.386294
2.386294
2.386295
2.386295
2.386295
2.386295
2.386295
2.386295
2.386295
2.386295
2.386295
2.386295
2.386295
2.386295
2.386295
2.386295
2.386295
2.386295
2.386295
2.386295
2.386295
2.386295
2.386295
2.386295
2.386295
2.386295
2.386295
2.386295
2.386295
2.386295
2.386295
2.386295
2.386295
2.386295
2.386295
2.386295
2.386295
2.386295
2.386295
2.386295
2.386295
2.386295
2.386295
2.386295
2.386295
2.386295
2.386295
2.386295
2.386295
2.386295
2.386295
2.386295
2.386295
2.386295
2.386295
2.386295
2.386295
2.386295
2.386295
2.386295
2.386295
2.386295
2.386295
2.386295
2.386295
2.386295
2.386295
2.386295
2.386295
2.386295
2.386295
2.386295
2.386295
2.386295
2.386295
2.386295
2.386295
2.386295
2.386295
2.386295
2.386295
2.386295
2.386295
2.386295
2.386295
2.386295
2.386295
2.386295
2.386295
2.386295
2.386295
2.386295
2.386295
2.386295
2.386295
2.386295
2.386295
2.386295
2.386295
2.386295
2.386295
2.386295
2.386295
2.386295
2.386295
2.386295
2.386295
2.386295
2.386295
2.386295
2.386295
2.386295
2.386295
2.386295
2.386295
2.386295
2.386295
2.386295
2.386295
2.386295
2.386295
2.386295
2.386295
2.386295
2.386295
2.386295
2.386295
2.386295
