1.113834
1.113934
1.113907
1.113952
1.113988
1.114038
1.114087
1.114141
1.114199
1.114263
1.114326
1.114387
1.114443
1.114491
1.114531
1.114563
1.114589
1.114612
1.114630
1.114641
1.114644
1.114641
1.114633
1.114621
1.114608
1.114594
1.114579
1.114564
1.114548
1.114530
1.114502
1.114455
1.114382
1.114281
1.114160
1.114032
1.113911
1.113808
1.113725
1.113661
1.113615
1.113583
1.113560
1.113545
1.113535
1.113528
1.113524
1.113523
1.113555
1.113673
1.113965
1.114482
1.115259
1.116265
1.117381
1.118319
1.118701
1.118213
1.116654
1.113895
1.102283
1.089120
1.076465
1.064367
1.052833
1.042040
1.032131
1.023287
1.015665
1.009419
1.004622
1.001233
0.999084
6.339091
7.022791
7.349903
7.586589
7.621166
9.021607
10.353083
11.600194
11.012797
8.486737
10.304350
7.133505
7.272340
6.233922
5.926464
5.995490
7.052087
7.620874
7.642168
7.023261
5.991713
0.993467
5.473405
6.453580
7.910331
8.959571
9.936092
10.579586
11.297392
13.012004
12.281113
14.533437
10.620207
11.997481
10.203511
8.884840
7.995658
6.983994
6.063783
4.850383
4.233557
4.096130
4.270763
3.825966
3.722730
0.968579
0.968373
0.968189
0.968039
0.967933
0.967874
0.967857
0.967871
4.149110
5.079874
5.760270
5.561519
5.852019
5.512564
4.855688
4.051367
3.966556
4.389437
5.064338
6.040109
6.982035
7.183180
6.889114
6.321859
6.003629
6.273239
7.610642
9.134188
10.471595
11.510315
11.988459
12.174852
12.007408
11.513943
10.836199
9.942080
9.299405
7.822991
6.648517
5.033222
3.663234
0.968287
0.968360
0.968450
0.968536
0.968611
0.968681
0.968768
0.968887
0.969046
0.969228
3.545410
3.385074
0.969827
0.970026
0.970238
0.970466
0.970710
0.970952
0.971181
0.971380
0.971538
0.971660
0.971750
4.055805
5.821584
7.457775
8.802125
9.503669
9.721403
9.833345
9.887942
10.189083
10.413901
10.507463
10.317764
8.784289
8.558490
7.110983
5.604083
0.978300
0.979118
0.979973
0.980852
0.981730
0.982614
0.983500
0.984441
0.985473
0.986637
5.156213
0.989009
0.990025
0.990970
0.991966
0.993107
0.994379
0.995717
0.997063
0.998378
0.999656
1.000935
1.002269
6.214181
10.185158
10.720259
10.728952
9.188630
7.056165
1.009564
1.010514
1.011634
1.012914
1.014328
1.015811
1.017266
1.018615
1.019844
1.021017
1.022216
1.023486
1.024850
1.026284
1.027776
1.029276
1.030797
1.032351
1.033980
1.035624
1.037243
1.038810
1.040372
1.041902
1.043346
1.044681
1.045971
1.047251
1.048529
1.049777
1.051029
1.052296
1.053598
1.054889
1.056176
1.057425
1.058657
1.059830
1.060987
1.062106
1.063207
1.064215
1.065076
1.065768
1.066318
1.066827
1.067338
1.067891
1.068472
1.069083
1.069738
1.070443
1.071225
1.072090
1.073048
1.074069
1.075103
1.076119
1.077105
1.078080
1.079020
1.079922
1.080755
1.081555
1.082309
1.083039
1.083737
1.084452
1.085248
1.086129
1.087093
1.088059
1.089026
1.089939
1.090799
1.091602
1.092401
1.093243
1.094141
1.095053
1.095971
1.096847
1.097702
1.098485
1.099218
1.099878
1.100504
1.101110
1.101696
1.102274
1.102854
1.103489
1.104171
1.104856
1.105448
1.105908
1.106294
1.106708
1.107204
1.107755
1.108317
1.108902
1.109530
1.110217
1.110937
1.111663
1.112344
1.112960
1.113266
1.113406
1.113535
1.113638
1.113711
1.113757
1.113795
1.113845
1.113929
1.114054
1.114212
1.114379
1.114536
1.114673
1.114785
1.114873
1.114945
1.115019
1.115108
1.115212
1.115320
1.115422
1.115516
1.115609
1.115702
1.115800
1.115900
1.116002
1.116107
1.116208
1.116301
1.116378
1.116440
1.116493
1.116540
1.116580
1.116605
1.116628
1.116660
1.116713
1.116777
1.116837
1.116886
1.116933
1.116990
1.117063
1.117141
1.117210
1.117266
1.117312
1.117356
1.117396
1.117433
1.117460
1.117481
1.117496
1.117511
1.117524
1.117536
1.117542
1.117549
1.117559
1.117577
1.117597
1.117616
1.117633
1.117650
1.117669
1.117683
1.117695
1.117707
1.117731
1.117765
1.117805
1.117838
1.117862
1.117875
1.117884
1.117895
1.117911
1.117929
1.117945
1.117960
1.117977
1.117998
1.118019
1.118037
1.118052
1.118067
1.118081
1.118095
1.118107
1.118120
1.118137
1.118157
1.118181
1.118208
1.118234
1.118255
1.118270
1.118280
1.118284
1.118286
1.118285
1.118286
1.118291
1.118302
1.118316
1.118328
1.118338
1.118347
1.118355
1.118362
1.118375
1.118393
1.118418
1.118442
1.118462
1.118480
1.118500
1.118523
1.118548
1.118572
1.118590
1.118603
1.118614
1.118623
1.118633
1.118641
1.118649
1.118654
1.118657
1.118659
1.118662
1.118665
1.118670
1.118674
1.118678
1.118681
1.118680
1.118673
1.118660
1.118642
1.118618
1.118588
1.118551
1.118513
1.118476
1.118444
1.118413
1.118381
1.118344
1.118303
1.118264
1.118227
1.118196
1.118166
1.118137
1.118107
1.118073
1.118036
1.117996
1.117957
1.117927
1.117910
1.117907
1.117913
1.117926
1.117942
1.117961
1.117978
1.117986
1.117985
1.117975
1.117963
1.117954
1.117951
1.117947
1.117937
1.117914
1.117883
1.117850
1.117821
1.117796
1.117775
1.117756
1.117738
1.117716
1.117692
1.117666
1.117645
1.117626
1.117608
1.117588
1.117567
1.117544
1.117525
1.117511
1.117504
1.117499
1.117492
1.117484
1.117476
1.117470
1.117465
1.117458
1.117449
1.117439
1.117426
1.117405
1.117380
1.117351
1.117323
1.117296
1.117273
1.117252
1.117238
1.117233
1.117240
1.117254
1.117270
1.117277
1.117274
1.117262
1.117251
1.117241
1.117234
1.117226
1.117222
1.117221
1.117224
1.117229
1.117232
1.117230
1.117222
1.117206
1.117184
1.117158
1.117136
1.117121
1.117117
1.117120
1.117126
1.117134
1.117138
1.117139
1.117134
1.117126
1.117114
1.117098
1.117076
1.117051
1.117026
1.117004
1.116988
1.116981
1.116982
1.116988
1.116993
1.116989
1.116972
1.116945
1.116919
1.116901
1.116895
1.116896
1.116901
1.116912
1.116928
1.116949
1.116972
1.116997
1.117022
1.117047
1.117071
1.117090
1.117106
1.117120
1.117131
1.117138
1.117140
1.117135
1.117128
1.117127
1.117136
1.117159
1.117190
1.117225
1.117260
1.117296
1.117333
1.117372
1.117409
1.117444
1.117475
1.117505
1.117535
1.117568
1.117601
1.117630
1.117658
1.117685
1.117714
1.117742
1.117775
1.117816
1.117877
1.117960
1.118062
1.118177
1.118298
1.118420
1.118535
1.118631
1.118687
1.118666
1.118507
1.118133
1.117477
1.116460
1.115008
1.112698
1.104710
1.097373
1.091260
1.086716
1.084029
1.083375
1.084959
1.088783
1.094663
1.102204
1.111032
1.114982
1.116808
1.117988
1.118571
1.118670
1.118424
1.117970
1.117428
1.116883
1.116387
1.115961
1.115608
1.115315
1.115069
1.114861
1.114688
1.114545
1.114427
1.114330
1.114257
1.114201
1.114161
1.114129
1.114102
1.114074
1.114045
1.114021
1.114007
1.114005
1.114011
1.114020
1.114028
1.114037
1.114050
1.114065
1.114080
1.114087
1.114086
1.114080
1.114079
1.114084
1.114094
1.114103
1.114109
1.114109
1.114107
1.114101
1.114098
1.114100
1.114107
1.114116
1.114122
1.114124
1.114123
1.114123
1.114126
1.114132
1.114141
1.114151
1.114158
1.114160
1.114152
1.114131
1.114099
1.114061
1.114028
1.114008
1.114005
1.114015
1.114027
1.114040
1.114050
1.114059
1.114065
1.114071
1.114074
1.114077
1.114079
1.114081
1.114077
1.114066
1.114047
1.114026
1.114009
1.114002
1.114005
1.114016
1.114028
1.114041
1.114052
1.114065
1.114075
1.114081
1.114078
1.114072
1.114066
1.114064
1.114066
1.114067
1.114067
1.114065
1.114064
1.114062
1.114059
1.114052
1.114044
1.114037
1.114033
1.114030
1.114026
1.114017
1.114007
1.113999
1.113997
1.113996
1.113998
1.114001
1.114004
1.114002
1.113996
1.113986
1.113977
1.113971
1.113969
1.113965
1.113962
1.113960
1.113965
1.113975
1.113990
1.114003
1.114016
1.114024
1.114028
1.114023
1.114009
1.113990
1.113972
1.113958
1.113946
1.113935
1.113926
1.113924
1.113928
1.113934
1.113939
1.113942
1.113943
1.113947
1.113955
1.113968
1.113982
1.113993
1.113996
1.113988
1.113973
1.113959
1.113952
1.113952
1.113954
1.113952
1.113945
1.113936
1.113928
1.113925
1.113925
1.113927
1.113927
1.113924
1.113918
1.113910
1.113903
1.113897
1.113895
1.113895
1.113895
1.113893
1.113890
1.113883
1.113876
1.113867
1.113860
1.113854
1.113852
1.113854
1.113859
1.113862
1.113865
1.113867
1.113870
1.113876
1.113884
1.113892
1.113900
1.113907
1.113915
1.113924
1.113935
1.113945
1.113957
1.113966
1.113973
1.113975
1.113975
1.113973
1.113970
1.113963
1.113951
1.113936
1.113920
1.113908
1.113901
1.113896
1.113891
1.113887
1.113883
1.113880
1.113878
1.113872
1.113861
1.113844
1.113828
1.113815
1.113812
1.113816
1.113827
1.113841
1.113857
1.113874
1.113888
1.113899
1.113904
1.113906
1.113907
1.113914
1.113927
1.113943
1.113958
1.113970
1.113980
1.113986
1.113992
1.113995
1.113998
1.113999
1.113997
1.113991
1.113984
1.113979
1.113974
1.113967
1.113958
1.113948
1.113938
1.113930
1.113923
1.113916
1.113909
1.113902
1.113896
1.113890
1.113883
1.113876
1.113871
1.113871
1.113875
1.113884
1.113892
1.113901
1.113908
1.113914
1.113918
1.113919
1.113921
1.113929
1.113940
1.113953
1.113961
1.113962
1.113956
1.113950
1.113951
1.113960
1.113975
1.113992
1.114007
1.114022
1.114037
1.114051
1.114064
1.114074
1.114082
1.114091
1.114102
1.114117
1.114131
1.114143
1.114151
1.114155
1.114154
1.114147
1.114132
1.114113
1.114090
1.114067
1.114045
1.114028
1.114016
1.114008
1.113999
1.113990
1.113982
1.113979
1.113980
1.113982
1.113980
1.113973
1.113965
1.113962
1.113965
1.113970
1.113973
1.113971
1.113967
1.113961
1.113958
1.113956
1.113954
1.113951
1.113948
1.113945
1.113942
1.113941
1.113940
1.113939
1.113935
1.113933
1.113932
1.113936
1.113942
1.113950
1.113955
1.113957
1.113954
1.113948
1.113941
1.113936
1.113934
1.113935
1.113938
1.113939
1.113937
1.113933
1.113930
1.113930
1.113935
1.113942
1.113948
1.113954
1.113961
1.113965
1.113964
1.113957
1.113948
1.113942
1.113942
1.113946
1.113952
1.113953
1.113947
1.113936
1.113923
1.113910
1.113902
1.113897
1.113896
1.113898
1.113906
1.113917
1.113933
1.113949
1.113964
1.113974
1.113979
1.113979
1.113978
1.113979
1.113984
1.113990
1.113995
1.113993
1.113984
1.113968
1.113950
1.113936
1.113927
1.113926
1.113931
1.113940
1.113949
1.113957
1.113962
1.113963
1.113959
1.113951
1.113942
1.113934
1.113931
1.113930
1.113930
1.113930
1.113929
1.113926
1.113919
1.113913
1.113905
1.113898
1.113893
1.113890
1.113889
1.113888
1.113884
1.113877
1.113868
1.113859
1.113855
1.113853
1.113855
1.113856
1.113854
1.113847
1.113836
1.113820
1.113803
1.113781
1.113752
1.113720
1.113687
1.113657
1.113632
1.113612
1.113600
1.113599
1.113613
1.113636
1.113666
1.113700
1.113739
1.113780
1.113821
1.113856
1.113882
1.113903
1.113921
1.113938
1.113954
1.113967
1.113976
1.113980
1.113983
1.113984
1.113983
1.113979
1.113974
1.113967
1.113962
1.113958
1.113957
1.113960
1.113968
1.113977
1.113985
1.113987
1.113986
1.113983
1.113981
1.113980
1.113979
1.113975
1.113971
1.113966
1.113960
1.113955
1.113951
1.113952
1.113959
1.113973
1.113989
1.114000
1.114002
1.113997
1.113988
1.113979
1.113970
1.113962
1.113956
1.113955
1.113956
1.113958
1.113957
1.113952
1.113946
1.113941
1.113940
1.113945
1.113951
1.113955
1.113956
1.113955
1.113954
1.113955
1.113958
1.113961
1.113964
1.113969
1.113975
1.113980
1.113980
1.113974
1.113963
1.113952
1.113944
1.113941
1.113944
1.113951
1.113960
1.113966
1.113965
1.113959
1.113952
1.113943
1.113932
1.113917
1.113897
1.113877
1.113861
1.113848
1.113837
1.113827
1.113817
1.113810
1.113803
1.113796
1.113787
1.113780
1.113774
1.113772
1.113774
1.113780
1.113790
1.113805
1.113826
1.113852
1.113881
1.113904
1.113916
1.113916
1.113910
1.113907
1.113908
1.113913
1.113920
1.113928
1.113932
1.113934
1.113930
1.113923
1.113914
1.113907
1.113904
1.113907
1.113914
1.113920
1.113923
1.113923
1.113920
1.113915
1.113906
1.113894
1.113879
1.113862
1.113842
1.113823
1.113804
1.113788
1.113777
1.113769
1.113765
1.113763
1.113766
1.113773
1.113782
1.113786
1.113785
1.113778
1.113770
1.113763
1.113758
1.113754
1.113750
1.113746
1.113744
1.113745
1.113746
1.113748
1.113747
1.113745
1.113744
1.113745
1.113749
1.113752
1.113756
1.113760
1.113766
1.113773
1.113778
1.113782
1.113781
1.113775
1.113764
1.113749
1.113737
1.113730
1.113727
1.113727
1.113727
1.113726
1.113727
1.113729
1.113731
1.113730
1.113726
1.113722
1.113721
1.113724
1.113730
1.113734
1.113738
1.113740
1.113740
1.113738
1.113732
1.113724
1.113714
1.113704
1.113691
1.113678
1.113665
1.113655
1.113650
1.113649
1.113652
1.113655
1.113657
1.113658
1.113661
1.113667
1.113677
1.113688
1.113699
1.113706
1.113709
1.113706
1.113701
1.113696
1.113690
1.113684
1.113678
1.113670
1.113663
1.113655
1.113650
1.113647
1.113648
1.113652
1.113659
1.113669
1.113682
1.113694
1.113703
1.113705
1.113705
1.113704
1.113705
1.113709
1.113715
1.113718
1.113718
1.113716
1.113714
1.113711
1.113710
1.113710
1.113715
1.113721
1.113725
1.113722
1.113712
1.113697
1.113683
1.113672
1.113665
1.113663
1.113665
1.113670
1.113673
1.113674
1.113672
1.113672
1.113672
1.113675
1.113677
1.113678
1.113677
1.113676
1.113677
1.113679
1.113682
1.113683
1.113680
1.113676
1.113673
1.113672
1.113674
1.113678
1.113682
1.113685
1.113686
1.113684
1.113679
1.113674
1.113670
1.113666
1.113662
1.113658
1.113654
1.113653
1.113657
1.113666
1.113677
1.113687
1.113695
1.113697
1.113696
1.113692
1.113691
1.113694
1.113702
1.113712
1.113721
1.113725
1.113723
1.113716
1.113708
1.113701
1.113696
1.113693
1.113692
1.113693
1.113696
1.113701
1.113705
1.113707
1.113706
1.113702
1.113699
1.113698
1.113701
1.113706
1.113713
1.113721
1.113728
1.113732
1.113737
1.113744
1.113756
1.113774
1.113794
1.113813
1.113830
1.113845
1.113858
1.113870
1.113883
1.113894
1.113904
1.113916
1.113930
1.113949
1.113970
1.113989
1.114004
1.114014
1.114019
1.114024
1.114023
1.114021
1.114016
1.114011
1.114002
1.113989
1.113967
1.113937
1.113899
1.113859
1.113822
1.113790
1.113762
1.113739
1.113718
1.113698
1.113678
1.113660
1.113643
1.113630
1.113620
1.113614
1.113611
1.113611
1.113612
1.113613
1.113613
1.113613
1.113616
1.113621
1.113627
1.113632
1.113635
1.113636
1.113636
1.113634
1.113632
1.113627
1.113622
1.113617
1.113614
1.113616
1.113620
1.113626
1.113628
1.113624
1.113618
1.113610
1.113602
1.113597
1.113594
1.113593
1.113594
1.113596
1.113600
1.113606
1.113613
1.113619
1.113621
1.113623
1.113624
1.113628
1.113632
1.113635
1.113635
1.113633
1.113629
1.113624
1.113619
1.113616
1.113614
1.113613
1.113611
1.113606
1.113600
1.113595
1.113593
1.113594
1.113595
1.113596
1.113596
1.113595
1.113592
1.113588
1.113585
1.113582
1.113579
1.113577
1.113575
1.113574
1.113576
1.113581
1.113587
1.113592
1.113594
1.113594
1.113592
1.113588
1.113583
1.113577
1.113573
1.113570
1.113570
1.113571
1.113572
1.113572
1.113572
1.113574
1.113579
1.113587
1.113598
1.113611
1.113624
1.113635
1.113641
1.113643
1.113644
1.113646
1.113654
1.113664
1.113675
1.113683
1.113688
1.113692
1.113696
1.113699
1.113702
1.113706
1.113708
1.113711
1.113713
1.113718
1.113724
1.113732
1.113741
1.113751
1.113757
1.113761
1.113760
1.113756
1.113749
1.113739
1.113726
1.113711
1.113695
1.113680
1.113665
1.113652
1.113639
1.113627
1.113618
1.113612
1.113608
1.113606
1.113605
1.113604
1.113602
1.113597
1.113591
1.113586
1.113584
1.113584
1.113585
1.113585
1.113584
1.113584
1.113584
1.113584
1.113582
1.113579
1.113575
1.113573
1.113571
1.113570
1.113568
1.113565
1.113561
1.113559
1.113557
1.113557
1.113556
1.113557
1.113558
1.113560
1.113562
1.113561
1.113560
1.113557
1.113553
1.113549
1.113546
1.113545
1.113545
1.113544
1.113544
1.113545
1.113548
1.113552
1.113555
1.113557
1.113557
1.113557
1.113558
1.113560
1.113562
1.113564
1.113565
1.113566
1.113566
1.113567
1.113569
1.113572
1.113575
1.113578
1.113579
1.113580
1.113580
1.113577
1.113572
1.113566
1.113559
1.113553
1.113549
1.113547
1.113548
1.113553
1.113559
1.113564
1.113568
1.113568
1.113565
1.113561
1.113557
1.113555
1.113555
1.113556
1.113558
1.113560
1.113561
1.113563
1.113563
1.113562
1.113560
1.113558
1.113556
1.113556
1.113558
1.113563
1.113568
1.113571
1.113572
1.113570
1.113568
1.113565
1.113563
1.113563
1.113563
1.113564
1.113565
1.113567
1.113569
1.113573
1.113580
1.113590
1.113600
1.113608
1.113611
1.113611
1.113608
1.113605
1.113603
1.113603
1.113604
1.113602
1.113597
1.113591
1.113585
1.113581
1.113577
1.113574
1.113569
1.113565
1.113562
1.113561
1.113560
1.113560
1.113560
1.113559
1.113560
1.113562
1.113566
1.113573
1.113581
1.113588
1.113593
1.113597
1.113599
1.113602
1.113605
1.113607
1.113607
1.113605
1.113601
1.113597
1.113593
1.113589
1.113585
1.113583
1.113584
1.113585
1.113585
1.113583
1.113579
1.113575
1.113573
1.113570
1.113568
1.113565
1.113563
1.113561
1.113559
1.113557
1.113555
1.113554
1.113554
1.113556
1.113558
1.113559
1.113559
1.113559
1.113558
1.113557
1.113556
1.113556
1.113556
1.113556
1.113556
1.113555
1.113555
1.113555
1.113557
1.113558
1.113559
1.113558
1.113557
1.113556
1.113556
1.113558
1.113561
1.113565
1.113568
1.113571
1.113574
1.113576
1.113578
1.113580
1.113583
1.113586
1.113589
1.113591
1.113589
1.113585
1.113578
1.113571
1.113566
1.113565
1.113565
1.113568
1.113571
1.113575
1.113577
1.113578
1.113578
1.113577
1.113576
1.113574
1.113572
1.113572
1.113572
1.113574
1.113575
1.113575
1.113573
1.113569
1.113565
1.113561
1.113559
1.113559
1.113561
1.113564
1.113568
1.113572
1.113576
1.113577
1.113575
1.113572
1.113567
1.113564
1.113563
1.113564
1.113566
1.113568
1.113571
1.113572
1.113572
1.113572
1.113571
1.113570
1.113570
1.113569
1.113567
1.113564
1.113559
1.113555
1.113554
1.113555
1.113557
1.113558
1.113558
1.113559
1.113559
1.113562
1.113565
1.113568
1.113569
1.113568
1.113565
1.113561
1.113558
1.113557
1.113557
1.113559
1.113560
1.113561
1.113561
1.113561
1.113562
1.113562
1.113564
1.113567
1.113571
1.113575
1.113577
1.113576
1.113573
1.113569
1.113565
1.113562
1.113560
1.113560
1.113562
1.113565
1.113567
1.113568
1.113567
1.113565
1.113561
1.113558
1.113555
1.113554
1.113555
1.113556
1.113557
1.113557
1.113558
1.113560
1.113563
1.113565
1.113564
1.113562
1.113561
1.113562
1.113566
1.113571
1.113576
1.113579
1.113579
1.113576
1.113573
1.113570
1.113569
1.113570
1.113573
1.113576
1.113578
1.113578
1.113574
1.113568
1.113560
1.113553
1.113546
1.113542
1.113539
1.113538
1.113538
1.113537
1.113536
1.113536
1.113537
1.113539
1.113542
1.113545
1.113548
1.113550
1.113553
1.113553
1.113553
1.113552
1.113551
1.113550
1.113550
1.113549
1.113549
1.113547
1.113545
1.113543
1.113540
1.113536
1.113533
1.113530
1.113527
1.113526
1.113527
1.113528
1.113531
1.113534
1.113536
1.113539
1.113541
1.113542
1.113542
1.113542
1.113542
1.113544
1.113546
1.113549
1.113551
1.113552
1.113552
1.113551
1.113551
1.113552
1.113555
1.113557
1.113560
1.113562
1.113564
1.113564
1.113563
1.113561
1.113559
1.113558
1.113557
1.113556
1.113556
1.113557
1.113560
1.113562
1.113563
1.113560
1.113557
1.113553
1.113549
1.113547
1.113546
1.113547
1.113551
1.113554
1.113556
1.113557
1.113556
1.113554
1.113551
1.113548
1.113546
1.113544
1.113544
1.113545
1.113548
1.113551
1.113552
1.113551
1.113550
1.113549
1.113550
1.113552
1.113555
1.113558
1.113558
1.113557
1.113555
1.113552
1.113550
1.113550
1.113550
1.113551
1.113552
1.113553
1.113552
1.113550
1.113549
1.113549
1.113548
1.113549
1.113549
1.113552
1.113556
1.113561
1.113563
1.113564
1.113563
1.113563
1.113563
1.113564
1.113566
1.113570
1.113573
1.113575
1.113575
1.113574
1.113572
1.113572
1.113571
1.113570
1.113568
1.113565
1.113560
1.113557
1.113556
1.113557
1.113560
1.113563
1.113564
1.113563
1.113561
1.113557
1.113554
1.113551
1.113549
1.113550
1.113552
1.113555
1.113557
1.113556
1.113553
1.113550
1.113548
1.113547
1.113547
1.113549
1.113551
1.113553
1.113553
1.113552
1.113550
1.113548
1.113545
1.113543
1.113542
1.113541
1.113541
1.113541
1.113543
1.113544
1.113544
1.113543
1.113542
1.113540
1.113538
1.113536
1.113535
1.113534
1.113533
1.113534
1.113535
1.113536
1.113539
1.113542
1.113545
1.113547
1.113546
1.113544
1.113540
1.113537
1.113534
1.113533
1.113532
1.113532
1.113533
1.113534
1.113535
1.113537
1.113539
1.113541
1.113543
1.113544
1.113544
1.113542
1.113540
1.113538
1.113537
1.113536
1.113535
1.113534
1.113533
1.113532
1.113532
1.113533
1.113534
1.113537
1.113541
1.113547
1.113552
1.113557
1.113558
1.113556
1.113553
1.113549
1.113546
1.113545
1.113546
1.113550
1.113553
1.113555
1.113557
1.113559
1.113562
1.113566
1.113570
1.113571
1.113569
1.113565
1.113560
1.113556
1.113555
1.113555
1.113555
1.113555
1.113553
1.113551
1.113548
1.113547
1.113547
1.113549
1.113552
1.113554
1.113554
1.113553
1.113550
1.113547
1.113545
1.113545
1.113547
1.113548
1.113548
1.113547
1.113545
1.113542
1.113539
1.113536
1.113534
1.113534
1.113533
1.113533
1.113533
1.113533
1.113532
1.113531
1.113530
1.113529
1.113530
1.113533
1.113535
1.113538
1.113539
1.113540
1.113539
1.113538
1.113537
1.113538
1.113539
1.113539
1.113539
1.113540
1.113543
1.113547
1.113549
1.113549
1.113548
1.113545
1.113541
1.113538
1.113535
1.113533
1.113533
1.113535
1.113540
1.113546
1.113550
1.113552
1.113550
1.113548
1.113547
1.113548
1.113549
1.113549
1.113547
1.113545
1.113542
1.113540
1.113539
1.113538
1.113537
1.113535
1.113533
1.113531
1.113530
1.113529
1.113529
1.113528
1.113528
1.113530
1.113533
1.113535
1.113537
1.113538
1.113541
1.113543
1.113545
1.113545
1.113543
1.113541
1.113538
1.113535
1.113534
1.113535
1.113538
1.113542
1.113545
1.113546
1.113546
1.113547
1.113548
1.113549
1.113549
1.113549
1.113549
1.113549
1.113551
1.113552
1.113552
1.113552
1.113550
1.113548
1.113546
1.113544
1.113543
1.113541
1.113539
1.113537
1.113536
1.113535
1.113535
1.113536
1.113538
1.113539
1.113541
1.113543
1.113546
1.113548
1.113548
1.113547
1.113545
1.113543
1.113542
1.113544
1.113547
1.113549
1.113550
1.113549
1.113547
1.113545
1.113542
1.113539
1.113536
1.113534
1.113532
1.113531
1.113531
1.113530
1.113530
1.113531
1.113532
1.113533
1.113535
1.113536
1.113536
1.113534
1.113533
1.113531
1.113530
1.113529
1.113529
1.113529
1.113529
1.113530
1.113530
1.113529
1.113528
1.113526
1.113524
1.113523
1.113523
1.113524
1.113526
1.113529
1.113530
1.113529
1.113528
1.113527
1.113527
1.113527
1.113527
1.113528
1.113528
1.113528
1.113528
1.113528
1.113528
1.113527
1.113526
1.113525
1.113524
1.113523
1.113523
1.113523
1.113524
1.113525
1.113526
1.113525
1.113525
1.113524
1.113523
1.113523
1.113523
1.113523
1.113523
1.113523
1.113522
1.113522
1.113521
1.113521
1.113521
1.113522
1.113524
1.113526
1.113529
1.113532
1.113534
1.113536
1.113538
1.113540
1.113541
1.113540
1.113538
1.113536
1.113534
1.113534
1.113536
1.113538
1.113540
1.113542
1.113542
1.113542
1.113541
1.113541
1.113540
1.113538
1.113537
1.113535
1.113533
1.113531
1.113530
1.113529
1.113529
1.113529
1.113529
1.113529
1.113530
1.113531
1.113531
1.113530
1.113529
1.113527
1.113525
1.113525
1.113527
1.113531
1.113536
1.113539
1.113540
1.113539
1.113537
1.113534
1.113532
1.113529
1.113526
1.113525
1.113525
1.113525
1.113527
1.113528
1.113529
1.113530
1.113531
1.113532
1.113532
1.113531
1.113531
1.113530
1.113529
1.113527
1.113526
1.113524
1.113522
1.113521
1.113520
1.113519
1.113518
1.113518
1.113518
1.113518
1.113519
1.113520
1.113521
1.113522
1.113524
1.113526
1.113527
1.113528
1.113527
1.113525
1.113523
1.113522
1.113520
1.113520
1.113519
1.113519
1.113519
1.113518
1.113518
1.113518
1.113518
1.113518
1.113518
1.113519
1.113520
1.113521
1.113522
1.113523
1.113523
1.113523
1.113524
1.113526
1.113527
1.113528
1.113528
1.113527
1.113526
1.113525
1.113524
1.113523
1.113523
1.113523
1.113524
1.113524
1.113523
1.113523
1.113522
1.113520
1.113520
1.113519
1.113520
1.113521
1.113523
1.113525
1.113526
1.113527
1.113527
1.113527
1.113526
1.113524
1.113523
1.113523
1.113523
1.113524
1.113525
1.113525
1.113525
1.113525
1.113526
1.113528
1.113530
1.113533
1.113534
1.113535
1.113534
1.113532
1.113530
1.113528
1.113526
1.113524
1.113523
1.113522
1.113521
1.113520
1.113520
1.113521
1.113522
1.113524
1.113526
1.113526
1.113525
1.113524
1.113523
1.113524
1.113525
1.113527
1.113529
1.113533
1.113537
1.113540
1.113540
1.113539
1.113537
1.113536
1.113538
1.113541
1.113544
1.113544
1.113543
1.113541
1.113539
1.113537
1.113535
1.113534
1.113533
1.113533
1.113534
1.113535
1.113535
1.113534
1.113533
1.113531
1.113529
1.113528
1.113525
1.113523
1.113522
1.113521
1.113521
1.113522
1.113523
1.113523
1.113524
1.113524
1.113524
1.113524
1.113523
1.113523
1.113523
1.113524
1.113524
1.113523
1.113522
1.113522
1.113521
1.113522
1.113522
1.113523
1.113523
1.113524
1.113525
1.113527
1.113529
1.113530
1.113530
1.113529
1.113528
1.113526
1.113525
1.113524
1.113523
1.113522
1.113521
1.113520
1.113520
1.113519
1.113518
1.113518
1.113519
1.113520
1.113521
1.113523
1.113525
1.113527
1.113529
1.113530
1.113530
1.113529
1.113527
1.113525
1.113523
1.113522
1.113522
1.113522
1.113523
1.113523
1.113524
1.113524
1.113525
1.113526
1.113526
1.113525
1.113525
1.113523
1.113522
1.113521
1.113520
1.113519
1.113518
1.113518
1.113518
1.113518
1.113518
1.113518
1.113518
1.113518
1.113518
1.113519
1.113518
1.113518
1.113519
1.113519
1.113519
1.113519
1.113519
1.113519
1.113518
1.113518
1.113518
1.113518
1.113518
1.113518
1.113518
1.113518
1.113519
1.113519
1.113519
1.113519
1.113519
1.113519
1.113518
1.113518
1.113519
1.113520
1.113522
1.113523
1.113524
1.113525
1.113526
1.113528
1.113529
1.113530
1.113530
1.113529
1.113528
1.113526
1.113525
1.113524
1.113523
1.113523
1.113524
1.113524
1.113525
1.113525
1.113525
1.113524
1.113523
1.113523
1.113523
1.113524
1.113524
1.113525
1.113524
1.113524
1.113523
1.113523
1.113522
1.113522
1.113522
1.113522
1.113523
1.113524
1.113525
1.113526
1.113526
1.113527
1.113527
1.113527
1.113527
1.113525
1.113523
1.113522
1.113521
1.113520
1.113520
1.113519
1.113519
1.113519
1.113519
1.113520
1.113520
1.113522
1.113522
1.113523
1.113524
1.113526
1.113528
1.113531
1.113533
1.113533
1.113531
1.113529
1.113527
1.113526
1.113525
1.113524
1.113524
1.113524
1.113524
1.113524
1.113525
1.113525
1.113526
1.113526
1.113526
1.113526
1.113525
1.113524
1.113524
1.113523
1.113522
1.113522
1.113522
1.113522
1.113522
1.113521
1.113521
1.113520
1.113520
1.113519
1.113519
1.113518
1.113518
1.113519
1.113519
1.113521
1.113522
1.113524
1.113526
1.113528
1.113528
1.113527
1.113526
1.113525
1.113524
1.113523
1.113523
1.113524
1.113525
1.113525
1.113526
1.113526
1.113525
1.113524
1.113523
1.113522
1.113522
1.113521
1.113521
1.113521
1.113521
1.113521
1.113521
1.113523
1.113524
1.113524
1.113524
1.113524
1.113523
1.113523
1.113522
1.113522
1.113522
1.113523
1.113526
1.113528
1.113529
1.113529
1.113528
1.113526
1.113524
1.113523
1.113522
1.113522
1.113523
1.113524
1.113525
1.113525
1.113526
1.113526
1.113526
1.113527
1.113527
1.113527
1.113527
1.113527
1.113528
1.113530
1.113531
1.113531
1.113531
1.113531
1.113530
1.113529
1.113528
1.113527
1.113525
1.113523
1.113522
1.113521
1.113521
1.113522
1.113523
1.113525
1.113526
1.113527
1.113529
1.113532
1.113533
1.113533
1.113532
1.113530
1.113528
1.113526
1.113524
1.113524
1.113524
1.113524
1.113525
1.113526
1.113527
1.113527
1.113527
1.113526
1.113525
1.113524
1.113524
1.113523
1.113524
1.113524
1.113525
1.113525
1.113525
1.113525
1.113524
1.113524
1.113523
1.113524
1.113525
1.113527
1.113530
1.113532
1.113533
1.113533
1.113532
1.113530
1.113528
1.113526
1.113524
1.113523
1.113523
1.113525
1.113527
1.113528
1.113528
1.113528
1.113527
1.113526
1.113526
1.113527
1.113528
1.113530
1.113532
1.113535
1.113536
1.113537
1.113538
1.113538
1.113537
1.113537
1.113537
1.113537
1.113537
1.113537
1.113535
1.113533
1.113530
1.113528
1.113526
1.113526
1.113526
1.113528
1.113529
1.113529
1.113529
1.113528
1.113527
1.113526
1.113526
1.113526
1.113528
1.113534
1.113542
1.113552
1.113559
1.113565
1.113570
1.113576
1.113582
1.113588
1.113593
1.113595
1.113597
1.113599
1.113600
1.113601
1.113600
1.113599
1.113598
1.113596
1.113593
1.113589
1.113586
1.113586
1.113588
1.113589
1.113590
1.113590
1.113589
1.113589
1.113590
1.113590
1.113589
1.113587
1.113585
1.113583
1.113581
1.113579
1.113578
1.113577
1.113577
1.113576
1.113575
1.113574
1.113573
1.113573
1.113575
1.113578
1.113583
1.113588
1.113592
1.113595
1.113597
1.113598
1.113599
1.113599
1.113599
1.113599
1.113599
1.113600
1.113601
1.113601
1.113602
1.113602
1.113600
1.113598
1.113595
1.113593
1.113593
1.113595
1.113598
1.113600
1.113601
1.113600
1.113597
1.113593
1.113591
1.113589
1.113588
1.113586
1.113584
1.113583
1.113584
1.113587
1.113590
1.113591
1.113591
1.113588
1.113585
1.113583
1.113583
1.113584
1.113587
1.113592
1.113596
1.113599
1.113601
1.113601
1.113599
1.113597
1.113594
1.113591
1.113587
1.113585
1.113584
1.113585
1.113585
1.113586
1.113586
1.113586
1.113586
1.113585
1.113584
1.113583
1.113583
1.113582
1.113581
1.113579
1.113579
1.113580
1.113583
1.113587
1.113590
1.113591
1.113591
1.113591
1.113590
1.113589
1.113586
1.113583
1.113580
1.113578
1.113577
1.113579
1.113582
1.113586
1.113590
1.113593
1.113596
1.113598
1.113600
1.113600
1.113599
1.113598
1.113597
1.113596
1.113596
1.113594
1.113592
1.113588
1.113585
1.113580
1.113576
1.113571
1.113568
1.113568
1.113571
1.113576
1.113582
1.113586
1.113587
1.113586
1.113584
1.113582
1.113581
1.113582
1.113584
1.113586
1.113589
1.113591
1.113594
1.113594
1.113593
1.113589
1.113586
1.113583
1.113582
1.113584
1.113587
1.113590
1.113594
1.113597
1.113598
1.113597
1.113594
1.113592
1.113591
1.113591
1.113592
1.113593
1.113593
1.113593
1.113593
1.113593
1.113593
1.113593
1.113594
1.113593
1.113593
1.113592
1.113591
1.113590
1.113591
1.113592
1.113595
1.113598
1.113599
1.113599
1.113598
1.113597
1.113597
1.113598
1.113598
1.113598
1.113597
1.113596
1.113595
1.113594
1.113594
1.113594
1.113592
1.113590
1.113587
1.113585
1.113584
1.113584
1.113584
1.113585
1.113584
1.113583
1.113582
1.113582
1.113584
1.113586
1.113589
1.113590
1.113590
1.113590
1.113591
1.113594
1.113597
1.113600
1.113600
1.113598
1.113595
1.113591
1.113589
1.113587
1.113587
1.113588
1.113589
1.113589
1.113588
1.113588
1.113588
1.113589
1.113590
1.113591
1.113592
1.113594
1.113596
1.113599
1.113601
1.113602
1.113601
1.113600
1.113598
1.113594
1.113591
1.113590
1.113591
1.113593
1.113596
1.113598
1.113598
1.113597
1.113596
1.113596
1.113596
1.113595
1.113594
1.113593
1.113592
1.113591
1.113591
1.113594
1.113598
1.113602
1.113603
1.113603
1.113603
1.113602
1.113602
1.113600
1.113599
1.113597
1.113597
1.113598
1.113601
1.113602
1.113601
1.113600
1.113599
1.113599
1.113600
1.113603
1.113604
1.113603
1.113600
1.113595
1.113591
1.113588
1.113585
1.113584
1.113583
1.113582
1.113581
1.113581
1.113582
1.113585
1.113587
1.113590
1.113594
1.113596
1.113598
1.113599
1.113599
1.113598
1.113597
1.113594
1.113591
1.113589
1.113587
1.113586
1.113585
1.113585
1.113585
1.113585
1.113586
1.113586
1.113587
1.113588
1.113590
1.113591
1.113592
1.113591
1.113590
1.113587
1.113583
1.113581
1.113581
1.113584
1.113587
1.113591
1.113593
1.113593
1.113591
1.113588
1.113585
1.113582
1.113579
1.113578
1.113577
1.113578
1.113579
1.113580
1.113581
1.113581
1.113580
1.113578
1.113578
1.113580
1.113583
1.113587
1.113589
1.113590
1.113590
1.113590
1.113591
1.113592
1.113593
1.113594
1.113595
1.113596
1.113597
1.113597
1.113596
1.113596
1.113597
1.113600
1.113602
1.113603
1.113602
1.113599
1.113595
1.113591
1.113588
1.113584
1.113581
1.113578
1.113578
1.113578
1.113579
1.113579
1.113579
1.113580
1.113579
1.113579
1.113579
1.113579
1.113580
1.113580
1.113581
1.113583
1.113585
1.113587
1.113589
1.113590
1.113589
1.113588
1.113586
1.113586
1.113586
1.113588
1.113589
1.113591
1.113593
1.113593
1.113592
1.113591
1.113590
1.113593
1.113598
1.113603
1.113607
1.113607
1.113605
1.113602
1.113600
1.113599
1.113597
1.113595
1.113592
1.113590
1.113587
1.113585
1.113583
1.113582
1.113581
1.113583
1.113587
1.113590
1.113590
1.113590
1.113589
1.113590
1.113591
1.113592
1.113592
1.113593
1.113595
1.113598
1.113601
1.113605
1.113609
1.113612
1.113611
1.113607
1.113600
1.113593
1.113587
1.113584
1.113584
1.113587
1.113591
1.113596
1.113601
1.113606
1.113611
1.113613
1.113613
1.113610
1.113606
1.113603
1.113599
1.113595
1.113591
1.113589
1.113588
1.113588
1.113589
1.113589
1.113590
1.113592
1.113594
1.113595
1.113596
1.113597
1.113599
1.113600
1.113600
1.113598
1.113596
1.113594
1.113594
1.113594
1.113597
1.113599
1.113601
1.113601
1.113600
1.113600
1.113600
1.113600
1.113600
1.113599
1.113598
1.113599
1.113601
1.113604
1.113607
1.113608
1.113607
1.113604
1.113601
1.113598
1.113595
1.113594
1.113594
1.113596
1.113599
1.113603
1.113606
1.113607
1.113606
1.113602
1.113598
1.113592
1.113588
1.113586
1.113586
1.113588
1.113591
1.113594
1.113598
1.113600
1.113602
1.113602
1.113601
1.113600
1.113598
1.113597
1.113596
1.113596
1.113597
1.113598
1.113599
1.113598
1.113596
1.113594
1.113592
1.113591
1.113589
1.113588
1.113586
1.113585
1.113584
1.113583
1.113584
1.113585
1.113584
1.113584
1.113585
1.113586
1.113588
1.113589
1.113589
1.113589
1.113589
1.113591
1.113595
1.113600
1.113604
1.113609
1.113612
1.113615
1.113615
1.113611
1.113605
1.113598
1.113592
1.113590
1.113590
1.113593
1.113598
1.113602
1.113603
1.113602
1.113598
1.113594
1.113592
1.113592
1.113593
1.113596
1.113598
1.113598
1.113598
1.113596
1.113595
1.113594
1.113593
1.113593
1.113592
1.113592
1.113591
1.113591
1.113591
1.113590
1.113589
1.113588
1.113586
1.113585
1.113585
1.113585
1.113585
1.113587
1.113589
1.113590
1.113592
1.113592
1.113591
1.113590
1.113589
1.113588
1.113589
1.113590
1.113591
1.113590
1.113590
1.113590
1.113590
1.113589
1.113588
1.113588
1.113589
1.113591
1.113593
1.113594
1.113595
1.113595
1.113596
1.113598
1.113598
1.113597
1.113595
1.113592
1.113589
1.113586
1.113584
1.113584
1.113586
1.113588
1.113591
1.113592
1.113593
1.113594
1.113594
1.113596
1.113598
1.113602
1.113607
1.113611
1.113612
1.113612
1.113610
1.113608
1.113607
1.113604
1.113602
1.113601
1.113600
1.113599
1.113598
1.113597
1.113595
1.113592
1.113589
1.113586
1.113585
1.113586
1.113587
1.113589
1.113591
1.113592
1.113593
1.113592
1.113589
1.113586
1.113584
1.113582
1.113581
1.113582
1.113583
1.113586
1.113590
1.113595
1.113600
1.113604
1.113607
1.113609
1.113609
1.113609
1.113607
1.113604
1.113600
1.113596
1.113592
1.113589
1.113587
1.113585
1.113584
1.113581
1.113579
1.113576
1.113574
1.113574
1.113576
1.113578
1.113580
1.113580
1.113580
1.113578
1.113578
1.113578
1.113579
1.113579
1.113579
1.113578
1.113579
1.113580
1.113583
1.113586
1.113589
1.113590
1.113590
1.113589
1.113589
1.113589
1.113590
1.113592
1.113595
1.113599
1.113603
1.113604
1.113604
1.113602
1.113600
1.113598
1.113596
1.113594
1.113592
1.113589
1.113588
1.113588
1.113590
1.113594
1.113598
1.113602
1.113604
1.113604
1.113604
1.113604
1.113604
1.113603
1.113601
1.113597
1.113593
1.113589
1.113587
1.113586
1.113586
1.113586
1.113585
1.113584
1.113583
1.113582
1.113581
1.113579
1.113577
1.113576
1.113576
1.113577
1.113579
1.113583
1.113587
1.113590
1.113593
1.113593
1.113593
1.113591
1.113590
1.113590
1.113590
1.113590
1.113590
1.113589
1.113588
1.113589
1.113592
1.113595
1.113597
1.113599
1.113600
1.113600
1.113598
1.113595
1.113592
1.113589
1.113587
1.113587
1.113588
1.113589
1.113590
1.113590
1.113589
1.113585
1.113581
1.113577
1.113576
1.113577
1.113580
1.113581
1.113583
1.113584
1.113585
1.113587
1.113589
1.113593
1.113597
1.113601
1.113604
1.113605
1.113604
1.113603
1.113603
1.113604
1.113606
1.113607
1.113607
1.113603
1.113598
1.113593
1.113589
1.113588
1.113588
1.113587
1.113586
1.113584
1.113582
1.113579
1.113577
1.113575
1.113575
1.113577
1.113581
1.113588
1.113595
1.113603
1.113608
1.113610
1.113609
1.113605
1.113600
1.113594
1.113590
1.113586
1.113583
1.113581
1.113581
1.113583
1.113587
1.113591
1.113594
1.113597
1.113600
1.113601
1.113601
1.113598
1.113594
1.113590
1.113588
1.113589
1.113591
1.113594
1.113597
1.113598
1.113598
1.113596
1.113594
1.113592
1.113589
1.113586
1.113585
1.113585
1.113587
1.113587
1.113587
1.113586
1.113587
1.113589
1.113593
1.113596
1.113597
1.113596
1.113594
1.113594
1.113595
1.113598
1.113600
1.113601
1.113601
1.113601
1.113599
1.113597
1.113593
1.113590
1.113589
1.113591
1.113595
1.113600
1.113603
1.113604
1.113603
1.113602
1.113601
1.113601
1.113600
1.113599
1.113596
1.113592
1.113588
1.113585
1.113583
1.113583
1.113586
1.113588
1.113590
1.113590
1.113591
1.113592
1.113595
1.113596
1.113596
1.113591
1.113583
1.113573
1.113561
1.113551
1.113542
1.113534
1.113529
1.113525
1.113522
1.113520
1.113519
1.113518
1.113518
1.113517
1.113517
1.113517
1.113517
1.113517
1.113517
1.113517
1.113517
1.113517
1.113517
1.113517
1.113517
1.113517
1.113517
1.113517
1.113517
1.113517
1.113517
1.113517
1.113517
1.113517
1.113517
1.113517
1.113517
1.113517
1.113517
1.113517
1.113517
1.113517
1.113517
1.113517
1.113517
1.113517
1.113517
1.113517
1.113517
1.113517
1.113517
1.113517
1.113517
1.113517
1.113517
1.113517
1.113517
1.113517
1.113517
1.113517
1.113517
1.113517
1.113517
1.113517
1.113517
1.113517
1.113517
1.113517
1.113517
1.113517
1.113517
1.113517
1.113517
1.113517
1.113517
1.113517
1.113517
1.113517
1.113517
1.113517
1.113517
1.113517
1.113517
1.113517
1.113517
1.113517
1.113517
1.113517
1.113517
1.113517
1.113517
1.113517
1.113517
1.113517
1.113517
1.113517
1.113517
1.113517
1.113517
1.113517
1.113517
1.113517
1.113517
1.113517
1.113517
1.113517
1.113517
1.113517
1.113517
1.113517
1.113517
1.113517
1.113517
1.113517
1.113517
1.113517
1.113517
1.113517
1.113517
1.113517
1.113517
1.113517
1.113517
1.113517
1.113517
1.113517
1.113517
1.113517
1.113517
1.113517
1.113517
1.113517
1.113517
1.113517
1.113517
1.113517
1.113517
1.113517
1.113517
1.113517
1.113517
1.113517
1.113517
1.113517
1.113517
1.113517
1.113517
