кэВ    имп*м^2/с
0.229930
0.032589
0.054434
0.061743
0.082186
0.106523
0.108875
0.104832
0.125875
0.129902
0.132326
0.131964
0.119820
0.110340
0.100087
0.091814
0.095012
0.090599
0.094479
0.100806
0.113835
0.125682
0.134774
0.139168
0.151537
0.161170
0.163149
0.165314
0.173954
0.177132
0.179611
0.184293
0.189968
0.196820
0.199017
0.199696
0.199745
0.200857
0.199298
0.208624
0.220955
0.240555
0.268378
0.298479
0.340821
0.398591
0.459725
0.539575
0.645312
0.445212
0.496258
0.581682
0.708416
0.874795
1.008483
1.255766
1.700023
2.310366
2.566843
2.571735
2.740466
2.915890
2.977796
2.919631
3.275515
3.671117
4.034676
3.869197
3.964704
4.204640
4.668956
4.259161
4.370776
4.428547
4.551442
4.540372
5.173179
5.753883
6.342757
5.792592
6.501205
5.818548
4.741698
4.311283
4.072900
3.995252
3.862668
3.875994
4.282897
4.584092
4.950712
5.329003
4.887055
4.584021
4.209316
3.791917
3.816136
3.844456
3.978785
4.265940
4.630013
4.868153
4.970188
4.860213
4.805610
4.820780
4.924077
5.088825
5.139452
5.174737
5.002846
4.765591
4.479049
4.301154
4.501884
4.800474
5.061103
5.251035
5.480937
5.669196
5.707455
5.269595
5.480948
5.629615
5.714746
5.195209
5.157226
5.181779
5.293484
5.272812
5.358847
5.474413
5.597185
5.230684
5.145107
5.102042
5.107555
5.205918
5.446527
5.622655
6.308184
7.247690
7.354411
7.127815
6.426968
5.810595
5.488721
4.821307
4.489459
4.377486
4.355329
4.422754
4.545734
4.709479
4.993671
5.262475
5.408881
5.356118
5.090386
4.892895
4.758566
4.682370
4.516137
4.606316
4.771859
5.028253
4.726170
4.751535
4.798224
4.826062
4.578728
4.476029
4.284891
4.260885
4.153741
4.369439
4.742502
5.138449
5.509188
5.826145
5.414925
4.986320
4.579503
4.573124
4.464802
4.346903
4.215725
4.214537
4.224567
4.276023
4.334744
4.655120
4.418742
4.230514
4.077027
4.067991
4.055081
4.014764
4.042073
4.350402
4.170104
3.839304
3.651048
3.542286
3.701353
3.725624
3.691297
3.671497
3.664711
3.302993
3.164762
3.148863
3.285029
3.492588
3.756984
4.001238
4.138475
3.571954
3.252051
3.089340
2.890585
2.743457
2.661739
2.650436
2.658403
2.558735
2.576472
2.622050
2.734362
2.733307
2.792167
2.762691
2.739922
2.397808
2.297599
2.255549
2.278842
2.152854
2.151208
2.132858
2.109599
2.023940
2.034425
2.062321
2.133301
2.267169
2.332020
2.420183
2.465312
2.298106
2.304938
2.202468
2.059986
2.183515
2.033717
1.908200
1.874131
1.836655
2.012297
2.200698
2.385083
2.792262
2.764117
2.729127
2.693731
2.230119
2.257277
2.233754
2.186677
2.160565
1.785030
1.729309
1.747594
1.841092
1.854534
1.986692
2.378995
2.360871
2.334571
2.332703
2.073520
1.929368
1.687960
1.498491
1.487315
1.495458
1.432878
1.448758
1.440826
1.462513
1.505848
1.316442
1.323970
1.293011
1.227965
1.205201
1.214300
1.250602
1.338619
1.385036
1.479020
1.578205
1.854172
1.841113
1.842529
1.839310
1.543515
1.533110
1.517493
1.557242
1.804426
1.508632
1.787656
1.767247
1.755235
1.771605
1.479856
1.302118
1.137537
0.979927
0.951477
0.970680
0.994923
1.027343
1.114594
1.189540
1.205454
1.131491
1.168971
1.125958
1.088932
1.038869
0.975286
0.989601
1.007324
1.015767
1.011611
1.003148
0.987139
1.033996
0.989574
0.933836
0.924041
0.952417
0.928102
0.937453
0.958078
1.007725
1.140583
1.416815
1.132992
1.089725
1.025554
1.078434
1.362122
1.341434
1.319473
1.299698
1.300280
0.989694
0.905952
0.885242
0.833719
0.790175
0.763315
0.817217
0.774158
0.759921
0.763639
0.820968
0.992113
1.299478
1.294612
3.373901
3.888201
1.261427
1.250641
1.238141
1.234143
1.241028
1.238533
1.226776
1.224312
0.929080
0.821579
0.742180
0.715041
0.708488
0.748840
0.902130
1.202092
0.879958
0.850049
0.833101
0.832165
0.824809
0.811558
1.154600
1.154403
1.154202
1.158776
1.149410
1.143245
2.727120
1.125561
1.121404
0.772792
0.726212
0.738425
0.755547
0.799550
0.791638
0.739168
0.682324
0.632144
0.605359
0.626147
0.681360
1.066476
1.065253
1.065715
1.065390
1.068514
0.764358
0.747363
0.721506
0.750908
0.756818
0.780035
0.759847
1.068203
1.056359
1.043276
1.038180
1.038973
1.046231
1.041240
1.034697
1.026094
1.014873
1.004312
1.003277
1.001862
1.003169
1.008268
1.002034
0.995698
0.989439
0.989668
0.992462
0.993851
0.993757
0.697140
1.015397
1.013439
1.008140
1.008536
0.689409
0.655590
0.630251
0.650574
0.626813
0.633973
0.622525
0.608389
0.591904
0.566569
0.862509
0.845019
0.524064
0.813298
0.796999
0.783769
0.764800
0.752598
0.729237
0.700234
0.678380
0.648789
0.620138
0.595682
0.570782
0.566919
0.552631
0.530868
0.515327
0.504474
0.490454
0.474300
0.459559
0.456932
0.452905
0.445683
0.434892
0.428199
0.420379
0.416098
0.414492
0.412458
0.414109
0.414868
0.414246
0.408807
0.399483
0.389869
0.381308
0.370856
0.371624
0.371276
0.371144
0.370343
0.371538
0.366670
0.356448
0.343040
0.336675
0.329683
0.319601
0.315379
0.314593
0.315580
0.318823
0.321544
0.327815
0.337277
0.340655
0.339247
0.331840
0.326592
0.321837
0.319179
0.314891
0.320123
0.322217
0.319550
0.317204
0.323324
0.328875
0.330359
0.322534
0.320283
0.323168
0.323149
0.318980
0.311038
0.309175
0.306460
0.302176
0.295606
0.295294
0.299357
0.306111
0.305850
0.306898
0.307580
0.307426
0.307042
0.303923
0.301521
0.301357
0.297914
0.294090
0.289825
0.285795
0.282719
0.283966
0.290445
0.293962
0.291584
0.291778
0.289940
0.288866
0.286168
0.273723
0.277709
0.279724
0.279822
0.283942
0.286533
0.290688
0.296292
0.288382
0.287566
0.282570
0.273700
0.269588
0.267659
0.267767
0.270462
0.277746
0.279684
0.282820
0.283154
0.280098
0.276336
0.272160
0.269913
0.276572
0.273571
0.275191
0.279871
0.283460
0.282639
0.279111
0.276914
0.277963
0.275567
0.274869
0.278067
0.285654
0.291106
0.293387
0.295667
0.297917
0.296878
0.300983
0.304899
0.309463
0.311601
0.319947
0.326238
0.333463
0.342182
0.354120
0.369271
0.385832
0.391884
0.408014
0.416201
0.423293
0.436113
0.442700
0.451046
0.458918
0.465776
0.468592
0.468022
0.472072
0.482428
0.488075
0.500615
0.520794
0.550420
0.579961
0.612445
0.659506
0.724949
0.784699
0.541437
0.595269
0.664463
0.737286
0.778226
0.873249
0.996562
1.112063
1.246236
1.390230
1.551617
1.691325
1.719618
1.736780
1.727729
1.679846
1.621442
1.521051
1.404915
1.284702
1.134162
0.952025
0.777850
0.619223
0.489978
0.429706
0.524889
0.379810
0.276118
0.201436
0.141544
0.094735
0.071837
0.055656
0.044347
0.037201
0.027860
0.022099
0.015078
0.010425
0.009458
0.008936
0.008203
0.008427
0.008742
0.010237
0.007977
0.009137
0.011810
0.013067
0.012616
0.012923
0.013320
0.015185
0.013366
0.013120
0.013357
0.012219
0.009466
0.007175
0.005836
0.006878
0.008736
0.010698
0.012064
0.012805
0.011654
0.009123
0.006806
0.006781
0.007409
0.009654
0.012459
0.015111
0.015472
0.014119
0.012566
0.010709
0.007721
0.008104
0.008955
0.010062
0.011528
0.012082
0.012793
0.012514
0.010313
0.009706
0.009112
0.007563
0.005861
0.005149
0.004638
0.005932
0.007353
0.008039
0.009042
0.008841
0.006680
0.006592
0.004339
0.004381
0.005056
0.005990
0.007018
0.008057
0.007785
0.008753
0.007675
0.007502
0.007447
0.008272
0.009251
0.010016
0.008681
0.009589
0.007384
0.006615
0.005890
0.005956
0.006865
0.007306
0.007881
0.008918
0.007357
0.007425
0.007532
0.007046
0.007028
0.007048
0.007207
0.006975
0.004359
0.005132
0.005849
0.005746
0.005816
0.006454
0.006703
0.005827
0.003520
0.005753
0.007663
0.008539
0.009982
0.011681
0.012001
0.009956
0.006754
0.007149
0.007398
0.007128
0.005702
0.007234
0.006963
0.007657
0.007556
0.009213
0.009752
0.009886
0.008371
0.009061
0.008178
0.007717
0.007195
0.007537
0.006604
0.005958
0.004957
0.004442
0.005371
0.006167
0.005637
0.006248
0.006200
0.005145
0.003959
0.003004
0.004123
0.005706
0.007257
0.010189
0.012792
0.013848
0.013863
0.012203
0.010472
0.007447
0.006094
0.004991
0.002449
0.002978
0.003901
0.004739
0.005272
0.005599
0.006784
0.007458
0.004096
0.004053
0.004233
0.004790
0.003144
0.004271
0.004713
0.005895
0.005564
0.007087
0.008385
0.010442
0.009964
0.011048
0.009158
0.007861
0.005805
0.005484
0.005476
0.005870
0.005909
0.006202
0.004742
0.004361
0.002999
0.003997
0.005829
0.008131
0.009463
0.010657
0.010827
0.010044
0.006933
0.005912
0.005954
0.006063
0.006481
0.006304
0.006972
0.007027
0.006764
0.006310
0.007818
0.007818
0.009046
0.009589
0.010232
0.010531
0.010802
0.010233
0.011016
0.009205
0.008928
0.009679
0.008196
0.007716
0.008075
0.008262
0.009480
0.009058
0.008978
0.009245
0.007514
0.006388
0.004923
0.004081
0.003641
0.003626
0.003126
0.002885
0.002491
0.003621
0.003663
0.005368
0.007448
0.009474
0.011489
0.012826
0.012058
0.011391
0.009725
0.008831
0.008321
0.007035
0.006142
0.005809
0.005824
0.006708
0.008379
0.009901
0.010977
0.012491
0.011014
0.009697
0.007511
0.006359
0.006703
0.006901
0.006960
0.006809
0.005356
0.005770
0.006718
0.007450
0.008296
0.007963
0.007479
0.006157
0.004980
0.004788
0.005816
0.006982
0.007749
0.007158
0.007684
0.007396
0.007382
0.006935
0.007359
0.007976
0.007005
0.005592
0.005982
0.004799
0.004453
0.005293
0.006433
0.007051
0.005546
0.006440
0.007990
0.008566
0.007896
0.009149
0.010233
0.010168
0.007484
0.006682
0.005827
0.004722
0.003330
0.003406
0.004742
0.006048
0.006738
0.007762
0.009149
0.009617
0.008792
0.007998
0.006718
0.006756
0.006165
0.005807
0.005236
0.006070
0.006793
0.006999
0.004732
0.004649
0.005032
0.004856
0.003107
0.003657
0.004378
0.004109
0.004328
0.003975
0.004367
0.004269
0.003286
0.003230
0.003660
0.003029
0.003346
0.004480
0.004455
0.005939
0.007424
0.008575
0.010008
0.010057
0.010000
0.013495
0.013152
0.013336
0.013848
0.013576
0.011314
0.009148
0.006226
0.007109
0.007104
0.007453
0.008107
0.009371
0.007950
0.007967
0.008517
0.009408
0.008793
0.008099
0.006304
0.005356
0.004833
0.004789
0.004955
0.005523
0.005314
0.005450
0.004944
0.004454
0.004758
0.003591
0.004041
0.004712
0.005266
0.005227
0.005669
0.005354
0.006185
0.004067
0.004944
0.006380
0.007359
0.006799
0.007097
0.007473
0.008108
0.006158
0.005398
0.005027
0.005438
0.005295
0.005502
0.006891
0.008475
0.009849
0.009842
0.009146
0.008972
0.009667
0.008915
0.008240
0.006620
0.005286
0.004313
0.004304
0.004583
0.004988
0.004791
0.006798
0.008860
0.008650
0.009685
0.011598
0.013301
0.013220
0.010378
0.008836
0.008214
0.006488
0.004592
0.004345
0.004426
0.004494
0.004328
0.003961
0.003615
0.003769
0.003793
0.004111
0.004604
0.004937
0.004278
0.003678
0.003419
0.003188
0.002687
0.003240
0.004121
0.004575
0.003807
0.004634
0.005291
0.005088
0.003621
0.004131
0.005325
0.005620
0.004708
0.005300
0.005356
0.004897
0.004212
0.003653
0.003917
0.004177
0.003519
0.003243
0.002224
0.002433
0.002910
0.003205
0.003304
0.003862
0.004298
0.004107
0.004071
0.004579
0.004973
0.005177
0.004591
0.004273
0.003711
0.003368
0.003147
0.003186
0.003167
0.003014
0.001887
0.001960
0.001992
0.002399
0.003599
0.004411
0.005866
0.006973
0.005837
0.005870
0.005446
0.003488
0.004013
0.003678
0.004223
0.004783
0.004681
0.005032
0.005104
0.003617
0.004329
0.004652
0.004610
0.005078
0.005488
0.005418
0.005601
0.004965
0.005112
0.004772
0.004390
0.004069
0.004373
0.006313
0.008380
0.009047
0.009585
0.009735
0.010971
0.010820
0.008087
0.007776
0.006238
0.005635
0.005135
0.005151
0.005005
0.006151
0.006304
0.007714
0.007129
0.007213
0.007196
0.006394
0.004975
0.004437
0.003735
0.003847
0.004346
0.004770
0.005557
0.004086
0.004205
0.004321
0.003234
0.001882
0.003112
0.004175
0.005778
0.006984
0.007645
0.008223
0.007328
0.004207
0.003497
0.002572
0.002353
0.002092
0.001917
0.001631
0.002174
0.002362
0.002269
0.001828
0.002728
0.003409
0.003697
0.003199
0.003617
0.004012
0.003274
0.003161
0.004543
0.005764
0.006841
0.006926
0.007551
0.007866
0.006911
0.006603
0.006825
0.006761
0.006035
0.004865
0.004690
0.004741
0.004156
0.004457
0.004828
0.004985
0.004209
0.002933
0.003195
0.003743
0.003948
0.003972
0.003892
0.004147
0.004141
0.003725
0.003409
0.003732
0.004685
0.005857
0.006256
0.006847
0.007580
0.008033
0.007833
0.007263
0.006905
0.006207
0.005936
0.005837
0.005136
0.003562
0.003492
0.004293
0.005088
0.004892
0.004738
0.004848
0.005025
0.003838
0.002982
0.003302
0.003035
0.003328
0.003442
0.002715
0.003620
0.004412
0.004412
0.004875
0.004052
0.003328
0.002792
0.001750
0.001726
0.002086
0.002336
0.003150
0.003972
0.004677
0.004910
0.005032
0.005043
0.004864
0.003731
0.002677
0.001905
0.001764
0.002566
0.003465
0.004411
0.004906
0.005203
0.004241
0.003555
0.003367
0.003803
0.004262
0.004333
0.003775
0.003980
0.003921
0.003387
0.003702
0.004031
0.004215
0.003227
0.002601
0.002407
0.002229
0.002285
0.002750
0.002953
0.003230
0.003170
0.004356
0.004898
0.005134
0.005427
0.006130
0.005927
0.005282
0.005090
0.005461
0.004630
0.004280
0.003657
0.003323
0.003050
0.003206
0.003615
0.004247
0.003076
0.003356
0.003801
0.004391
0.004747
0.005046
0.005250
0.005953
0.004555
0.003995
0.004061
0.004457
0.004503
0.003675
0.003236
0.003100
0.002943
0.002803
0.002887
0.003092
0.003366
0.002728
0.003666
0.004930
0.006312
0.006614
0.007378
0.007497
0.006479
0.005467
0.005107
0.004616
0.004322
0.003148
0.002966
0.002862
0.001977
0.002262
0.002468
0.002003
0.002475
0.002845
0.003173
0.003122
0.002493
0.002978
0.003888
0.003985
0.004699
0.005282
0.005890
0.006294
0.005820
0.005637
0.005195
0.005010
0.004632
0.004235
0.003517
0.003553
0.003390
0.003911
0.002352
0.002762
0.003613
0.005114
0.005781
0.006840
0.007665
0.008422
0.005679
0.006205
0.006416
0.006647
0.006427
0.006362
0.006347
0.005214
0.003321
0.003800
0.004358
0.004507
0.004356
0.004949
0.004920
0.003031
0.002740
0.002519
0.002652
0.002750
0.001932
0.001885
0.001820
0.001389
0.001350
0.001360
0.001564
0.001729
0.001897
0.001918
0.001715
0.001369
0.001016
0.000776
0.000785
0.001192
0.001590
0.001981
0.002268
0.002621
0.002829
0.002897
0.002651
0.003100
0.003345
0.003392
0.002923
0.002644
0.002374
0.002481
0.001955
0.002034
0.002381
0.002629
0.002223
0.002054
0.002139
0.002094
0.001880
0.001956
0.002214
0.002421
0.002289
0.001973
0.001881
0.001803
0.001823
0.001665
0.001781
0.002069
0.002678
0.003179
0.003808
0.004308
0.004562
0.004189
0.003608
0.002776
0.002299
0.001939
0.001525
0.000638
0.001025
0.001805
0.002590
0.003230
0.003871
0.004089
0.003727
0.002407
0.001685
0.001717
0.001519
0.001339
0.001245
0.001685
0.002626
0.003376
0.003568
0.003598
0.004280
0.004372
0.003620
0.003282
0.003439
0.003548
0.003497
0.002598
0.003168
0.003738
0.003845
0.003693
0.003743
0.003181
0.002524
0.002626
0.003124
0.003403
0.003773
0.003407
0.004097
0.003830
0.003620
0.003253
0.003377
0.003537
0.003868
0.003962
0.004559
0.004572
0.004741
0.004436
0.003886
0.003085
0.003100
0.003316
0.003369
0.003578
0.004092
0.004622
0.005711
0.004604
0.004805
0.005190
0.004844
0.004839
0.004446
0.004194
0.004640
0.004239
0.004474
0.004991
0.005270
0.005087
0.003419
0.002893
0.002521
0.002520
0.002460
0.002643
0.002696
0.003032
0.002045
0.002012
0.002069
0.001968
0.002084
0.002108
0.001831
0.001761
0.001163
0.001083
0.001028
0.000827
0.001126
0.001328
0.001804
0.002394
0.002390
0.002599
0.002911
0.002433
0.002952
0.002682
0.002913
0.003205
0.003662
0.003701
0.003627
0.002744
0.002495
0.001982
0.001772
0.001533
0.001580
0.001458
0.001654
0.001721
0.001876
0.002852
0.003539
0.003982
0.004576
0.004573
0.004276
0.003259
0.002202
0.002293
0.002273
0.002444
0.002739
0.002866
0.003138
0.003228
0.002289
0.002089
0.001643
0.001427
0.001362
0.001459
0.001764
0.002237
0.002552
0.003054
0.003067
0.002621
0.002060
0.002258
0.002677
0.002890
0.003319
0.004027
0.004403
0.004431
0.004302
0.003974
0.003912
0.002966
0.002906
0.003165
0.002538
0.002639
0.002956
0.003245
0.003623
0.003485
0.003442
0.003390
0.002647
0.002826
0.003064
0.002864
0.002303
0.002271
0.002534
0.002667
0.002108
0.002068
0.002582
0.003046
0.002791
0.002777
0.002677
0.002717
0.002517
0.002208
0.002152
0.002267
0.002131
0.002290
0.001929
0.001526
0.001060
0.001228
0.000885
0.001427
0.002157
0.003252
0.003959
0.004801
0.004977
0.005146
0.004126
0.003402
0.002594
0.002430
0.001923
0.002021
0.002139
0.002277
0.002556
0.002558
0.002052
0.001714
0.001600
0.000907
0.000877
0.001025
0.001295
0.001425
0.001781
0.002013
0.001665
0.001582
0.002087
0.002722
0.003177
0.003357
0.003820
0.003883
0.002543
0.002639
0.002474
0.002331
0.001937
0.001523
0.001563
0.001482
0.001338
0.001477
0.001278
0.001426
0.001369
0.001036
0.001074
0.001152
0.000942
0.001271
0.000956
0.001408
0.002193
0.002783
0.003231
0.003489
0.003302
0.004055
0.003779
0.003764
0.003726
0.004210
0.004424
0.004170
0.003262
0.002759
0.002722
0.002280
0.001613
0.001354
0.001310
0.000713
0.001038
0.001600
0.002151
0.001858
0.002247
0.002715
0.003870
0.003484
0.003930
0.004606
0.004742
0.003695
0.003340
0.002785
0.003013
0.002563
0.002846
0.003609
0.003691
0.003438
0.003707
0.004144
0.004138
0.002918
0.002574
0.002820
0.002432
0.002387
0.002417
0.002398
0.001996
0.001156
0.000549
0.000819
0.001297
0.001838
0.002853
0.004047
0.004886
0.005097
0.004430
0.003963
0.003597
0.002514
0.002062
0.002224
0.002347
0.002292
0.002320
0.002321
0.002370
0.002001
0.002059
0.002350
0.002497
0.002566
0.001950
0.001801
0.001710
0.001517
0.001524
0.001607
0.001600
0.001308
0.000759
0.001198
0.001667
0.001990
0.002076
0.002273
0.002497
0.002171
0.002128
0.002162
0.002544
0.002733
0.002585
0.002141
0.001742
0.001717
0.001812
0.001362
0.001276
0.001186
0.001104
0.001110
0.001177
0.002097
0.003215
0.003863
0.004573
0.004860
0.004426
0.003416
0.002365
0.002248
0.002478
0.002260
0.002473
0.002797
0.002793
0.002215
0.001724
0.001555
0.001577
0.001231
0.001878
0.002456
0.003105
0.003079
0.003642
0.004014
0.003785
0.002092
0.002511
0.002660
0.002836
0.002895
0.002922
0.003156
0.003060
0.001801
0.002177
0.002905
0.003563
0.004005
0.003617
0.003415
0.002747
0.001456
0.001666
0.002236
0.002997
0.003820
0.004211
0.004299
0.004279
0.003253
0.002797
0.002795
0.002929
0.003062
0.003137
0.002475
0.002666
0.002496
0.001834
0.001967
0.002458
0.002781
0.002836
0.002554
0.002480
0.002307
0.001746
0.001368
0.001275
0.001357
0.001403
0.001803
0.002120
0.002798
0.002810
0.003513
0.003695
0.003702
0.003228
0.003127
0.002936
0.003018
0.002548
0.003320
0.003774
0.004163
0.004219
0.003838
0.003176
0.002281
0.001814
0.001620
0.001027
0.001107
0.001473
0.001862
0.001569
0.001415
0.001743
0.002080
0.001698
0.001765
0.002223
0.003058
0.003991
0.004081
0.004718
0.005178
0.005154
0.004512
0.003542
0.002805
0.002455
0.001995
0.001877
0.001779
0.001466
0.001430
0.001242
0.001681
0.002069
0.002555
0.003177
0.003600
0.003046
0.003321
0.002997
0.002923
0.002784
0.002520
0.002162
0.001941
0.001425
0.001587
0.001794
0.002123
0.002302
0.002624
0.002649
0.002462
0.002362
0.002197
0.002115
0.001808
0.001521
0.001141
0.001182
0.001190
0.001317
0.001337
0.001783
0.002021
0.002160
0.001892
0.001767
0.001780
0.001987
0.001868
0.001973
0.002102
0.002264
0.001911
0.001538
0.001292
0.001510
0.001660
0.001696
0.001391
0.001535
0.001611
0.001333
0.001182
0.001350
0.001522
0.001357
0.000892
0.001103
0.001493
0.001621
0.001525
0.001897
0.002244
0.001898
0.001726
0.001642
0.001832
0.001887
0.001252
0.001609
0.001470
0.001407
0.001812
0.002313
0.002927
0.003531
0.003443
0.004078
0.003857
0.003649
0.003418
0.003366
0.002785
0.002650
0.002690
0.002480
0.002313
0.002454
0.002539
0.003240
0.003235
0.003361
0.003595
0.003517
0.002717
0.002179
0.001481
0.001229
0.000950
0.000638
0.000686
0.001007
0.001475
0.001991
0.002375
0.002570
0.002691
0.002140
0.001625
0.001135
0.001647
0.001911
0.002288
0.002527
0.002912
0.002676
0.002399
0.001746
0.001698
0.001241
0.001509
0.001857
0.002060
0.002088
0.002377
0.002572
0.002135
0.001449
0.001751
0.001925
0.001704
0.002541
0.003273
0.003685
0.003248
0.003053
0.003083
0.003114
0.002567
0.002897
0.003197
0.003349
0.003108
0.003123
0.002384
0.002058
0.001854
0.001466
0.001415
0.001493
0.001501
0.001669
0.001802
0.001824
0.001862
0.002051
0.002490
0.002541
0.002749
0.003045
0.003294
0.003114
0.002635
0.002793
0.002928
0.002280
0.001951
0.001789
0.001493
0.001109
0.000685
0.000181
0.000538
0.001158
0.001772
0.002317
0.002137
0.002740
0.003024
0.002394
0.002258
0.002656
0.003019
0.003044
0.002284
0.002417
0.002806
0.002814
0.002337
0.002337
0.002288
0.001436
0.001068
0.000466
0.000840
0.001392
0.001759
0.002295
0.002569
0.002815
0.002675
0.002226
0.002345
0.002582
0.002746
0.003203
0.002843
0.002713
0.002456
0.002413
0.001858
0.001557
0.001519
0.002038
0.002315
0.002852
0.003319
0.003462
0.002786
0.002055
0.001745
0.001419
0.000968
0.000833
0.001058
0.001400
0.001524
0.000783
0.001190
0.001982
0.002343
0.002828
0.003526
0.004181
0.004512
0.003166
0.002341
0.001887
0.001548
0.002126
0.002509
0.003096
0.003389
0.004339
0.004894
0.004444
0.003521
0.003391
0.002977
0.002483
0.001843
0.001429
0.001502
0.001622
0.001565
0.001294
0.001370
0.001472
0.001441
0.000626
0.000783
0.000966
0.001049
0.001262
0.001280
0.001398
0.001483
0.001115
0.001373
0.001494
0.001674
0.001796
0.002060
0.002396
0.002546
0.002890
0.003273
0.003229
0.003008
0.002275
0.001908
0.001751
0.001540
0.000745
0.000596
0.000701
0.000982
0.001278
0.001546
0.001766
0.002066
0.001632
0.001335
0.001301
0.001177
0.001021
0.001318
0.001434
0.001629
0.001874
0.001956
0.002106
0.001903
0.001364
0.001282
0.001739
0.001683
0.001924
0.002214
0.002588
0.002875
0.002898
0.002539
0.002560
0.002356
0.002160
0.001760
0.001585
0.001540
0.001542
0.001225
0.001039
0.000993
0.000993
0.001119
0.001285
0.001394
0.001777
0.001486
0.001425
0.001863
0.001942
0.001992
0.001967
0.001997
0.002451
0.002233
0.001332
0.002138
0.002774
0.003050
0.002840
0.003397
0.003774
0.003695
0.002671
0.002872
0.003043
0.002884
0.002194
0.002083
0.001731
0.001607
0.001322
0.001218
0.001158
0.001038
0.000940
0.000832
0.000838
0.000700
0.000764
0.001028
0.001161
0.001176
0.001600
0.002009
0.001759
0.001586
0.001709
0.001964
0.001878
0.001975
0.002426
0.003026
0.002902
0.003449
0.004043
0.004519
0.004396
0.003742
0.003126
0.002228
0.001710
0.001730
0.001730
0.001816
0.001965
0.001966
0.002078
0.001891
0.001761
0.001746
0.001571
0.001321
0.000912
0.000679
0.000485
0.000516
0.000575
0.000662
0.000646
0.000730
0.000755
0.000814
0.000781
0.000894
0.000947
0.001230
0.001376
0.001480
0.001565
0.001787
0.001947
0.002049
0.001781
0.001555
0.001518
0.001550
0.001664
0.001932
0.001968
0.002150
0.002228
0.001965
0.001981
0.001946
0.002166
0.002375
0.002182
0.002112
0.002082
0.001753
0.001882
0.001771
0.001850
0.001969
0.001614
0.001411
0.001522
0.001474
0.001463
0.001808
0.002208
0.002374
0.002200
0.002275
0.002548
0.002622
0.002350
0.002305
0.002375
0.002169
0.001375
0.001179
0.001148
0.001104
0.000742
0.000711
0.000688
0.000964
0.001283
0.001762
0.001902
0.002302
0.002387
0.002546
0.002200
0.002183
0.002435
0.002722
0.002580
0.002443
0.002878
0.003058
0.002844
0.002526
0.002316
0.001918
0.001914
0.001005
0.001149
0.001413
0.001753
0.001913
0.002034
0.002044
0.002378
0.001764
0.001675
0.001768
0.001981
0.002419
0.002589
0.002252
0.002186
0.002346
0.002005
0.001833
0.001719
0.001845
0.001721
0.001665
0.001662
0.002493
0.002726
0.003422
0.004244
0.004699
0.004551
0.004310
0.003735
0.003322
0.002996
0.002696
0.002341
0.001821
0.001445
0.001329
0.001221
0.000725
0.000611
0.000531
0.000624
0.000893
0.000901
0.001230
0.001559
0.001700
0.001817
0.001592
0.001431
0.001236
0.000783
0.000934
0.001199
0.001376
0.001875
0.002298
0.002619
0.002163
0.002014
0.001728
0.001936
0.001943
0.002350
0.002506
0.002954
0.002730
0.002870
0.002134
0.001967
0.001848
0.001796
0.001246
0.000852
0.001014
0.001334
0.001508
0.001804
0.001906
0.001955
0.001960
0.001234
0.000919
0.000831
0.001290
0.001777
0.002404
0.003027
0.003130
0.003375
0.003334
0.002873
0.002733
0.002056
0.002095
0.002586
0.002475
0.003134
0.003735
0.003997
0.004090
0.003191
0.002512
0.001982
0.001656
0.001507
0.001166
0.000894
0.000996
0.001125
0.001326
0.001520
0.001394
0.001325
0.000642
0.000603
0.000733
0.000808
0.001139
0.001853
0.002576
0.002914
0.003112
0.003357
0.003374
0.002948
0.002832
0.002994
0.003285
0.003042
0.003239
0.003043
0.002770
0.002306
0.002304
0.002350
0.002499
0.002402
0.002850
0.002494
0.002575
0.002621
0.002567
0.002917
0.003039
0.002687
0.002627
0.002384
0.002468
0.002465
0.002037
0.001848
0.001884
0.001955
0.001681
0.001244
0.000981
0.000977
0.001144
0.001007
0.001468
0.002011
0.002430
0.002164
0.002115
0.002194
0.002338
0.001475
0.001045
0.001259
0.001873
0.002015
0.002601
0.003099
0.003399
0.003292
0.002521
0.001947
0.001651
0.001224
0.001341
0.001372
0.001257
0.001329
0.001461
0.001575
0.001590
0.000553
0.000798
0.000795
0.001079
0.001471
0.001639
0.001991
0.002421
0.001934
0.002080
0.001458
0.001633
0.001906
0.001768
0.001568
0.001545
0.001391
0.001923
0.001371
0.001821
0.002604
0.003152
0.003523
0.003563
0.003065
0.003528
0.002637
0.002372
0.002342
0.001858
0.001761
0.001502
0.001014
0.000846
0.000929
0.001378
0.001986
0.002241
0.002753
0.002984
0.002945
0.002365
0.001998
0.001713
0.001482
0.001032
0.001079
0.001215
0.001558
0.001671
0.002073
0.002313
0.002333
0.001767
0.001408
0.001020
0.001097
0.000957
0.001140
0.001395
0.001325
0.001304
0.001265
0.001185
0.001920
0.002998
0.004141
0.005196
0.005197
0.004833
0.003937
0.003136
0.002232
0.001824
0.001554
0.001141
0.000900
0.001060
0.001286
0.001587
0.001608
0.001778
0.002046
0.001425
0.001256
0.001358
0.001463
0.001539
0.000966
0.001311
0.001920
0.001799
0.002132
0.002654
0.003049
0.003201
0.002252
0.002000
0.002043
0.001765
0.001857
0.002161
0.002437
0.002451
0.002462
0.002193
0.001926
0.001449
0.001060
0.000941
0.000863
0.000885
0.000851
0.001169
0.001442
0.001631
0.001488
0.001643
0.001460
0.001399
0.001275
0.001462
0.001349
0.001329
0.001253
0.001627
0.001633
0.001829
0.001979
0.001910
0.002205
0.002386
0.002261
0.002530
0.002725
0.002873
0.002762
0.001897
0.001852
0.001718
0.001396
0.001641
0.002421
0.002955
0.003454
0.004045
0.004211
0.003733
0.002916
0.002212
0.001803
0.001476
0.001073
0.000781
0.001591
0.002122
0.002774
0.003389
0.003437
0.003749
0.003507
0.002502
0.002541
0.002199
0.001887
0.001410
0.001258
0.001056
0.001009
0.000782
0.000795
0.000757
0.000784
0.000670
0.001056
0.001412
0.001895
0.002079
0.002249
0.002085
0.001847
0.001527
0.001128
0.001402
0.001968
0.002398
0.002675
0.002670
0.002827
0.002613
0.001561
0.001270
0.001105
0.001310
0.001764
0.002216
0.002689
0.003141
0.002942
0.002884
0.002165
0.001872
0.001793
0.001722
0.001708
0.001906
0.001682
0.001556
0.001201
0.001486
0.001738
0.001717
0.001138
0.001272
0.001628
0.001653
0.001217
0.002113
0.002974
0.003761
0.003639
0.003870
0.004098
0.004293
0.003270
0.003532
0.003779
0.003692
0.003073
0.003150
0.003116
0.003011
0.002366
0.002220
0.002656
0.002930
0.002165
0.002480
0.003157
0.003557
0.003458
0.003427
0.003288
0.003180
0.002499
0.002163
0.002064
0.002050
0.001873
0.002025
0.001320
0.001317
0.001477
0.001505
0.001309
0.001094
0.001007
0.001293
0.001344
0.001586
0.002238
0.002914
0.003538
0.003713
0.003657
0.003597
0.003626
0.003035
0.002703
0.002261
0.001774
0.001381
0.001168
0.001085
0.000866
0.000511
0.000709
0.001161
0.001421
0.001607
0.001886
0.002102
0.002262
0.002055
0.002259
0.002500
0.003040
0.003283
0.003408
0.003051
0.002878
0.002435
0.002233
0.001781
0.001549
0.001561
0.002072
0.002557
0.002909
0.002691
0.002688
0.002772
0.002464
0.002237
0.002346
0.002560
0.002630
0.001942
0.001754
0.001719
0.001477
0.001385
0.001221
0.001106
0.001059
0.000677
0.000975
0.001337
0.001717
0.001916
0.001667
0.001729
0.001817
0.001652
0.001867
0.002080
0.002405
0.002663
0.002139
0.002257
0.002395
0.002376
0.002239
0.002191
0.002082
0.001693
0.001505
0.001253
0.000886
0.000530
0.000585
0.001366
0.002023
0.002823
0.003523
0.003623
0.002963
0.002161
0.001666
0.002208
0.002270
0.002613
0.002918
0.003227
0.003207
0.003134
0.002875
0.003329
0.003206
0.003284
0.003077
0.002547
0.002066
0.002099
0.002166
0.002180
0.001940
0.002219
0.002546
0.002685
0.002159
0.001866
0.001883
0.001609
0.001204
0.001358
0.001501
0.001684
0.001875
0.001616
0.001455
0.001255
0.000900
0.000807
0.000936
0.000928
0.001141
0.001410
0.001593
0.001396
0.001254
0.001186
0.001273
0.000660
0.000802
0.001242
0.001712
0.002141
0.002300
0.002886
0.003424
0.002919
0.002623
0.002625
0.002400
0.002223
0.001770
0.001331
0.001479
0.001627
0.001394
0.001254
0.001609
0.001863
0.001711
0.001489
0.001585
0.001805
0.001923
0.001340
0.001185
0.001438
0.001480
0.001701
0.001639
0.001687
0.001812
0.001734
0.001209
0.000689
0.000716
0.001088
0.001706
0.002307
0.002986
0.003627
0.004141
0.003182
0.002499
0.001929
0.001542
0.001182
0.001111
0.001112
0.001114
0.000745
0.000891
0.001078
0.001019
0.001240
0.001580
0.001577
0.001909
0.001798
0.001792
0.001709
0.001754
0.001862
0.002136
0.001687
0.001784
0.001838
0.001654
0.001342
0.001457
0.001411
0.001513
0.001752
0.001897
0.001934
0.001716
0.001476
0.001006
0.001090
0.000966
0.001103
0.001191
0.001263
0.001200
0.001029
0.000635
0.001053
0.001228
0.001764
0.002117
0.002384
0.002320
0.001993
0.001725
0.001849
0.001735
0.001827
0.001640
0.001478
0.001115
0.000735
0.000791
0.000983
0.001804
0.002584
0.003099
0.003232
0.003492
0.003487
0.003516
0.003337
0.003648
0.003791
0.003559
0.002492
0.002142
0.002159
0.002346
0.002389
0.002238
0.002566
0.002806
0.002343
0.002130
0.002229
0.002305
0.002033
0.000827
0.000896
0.000993
0.001136
0.001205
0.001211
0.001537
0.001675
0.001315
0.001281
0.001324
0.001357
0.001094
0.000743
0.000859
0.001213
0.001527
0.001212
0.001599
0.001904
0.001680
0.001652
0.001634
0.001856
0.002251
0.001856
0.002067
0.002000
0.001760
0.001910
0.001404
0.001549
0.001816
0.002053
0.002502
0.002368
0.002514
0.002566
0.001481
0.001722
0.001782
0.001397
0.002032
0.002632
0.003118
0.003082
0.002794
0.002967
0.002815
0.002153
0.002139
0.002044
0.001911
0.001595
0.001412
0.001397
0.001413
0.001431
0.001447
0.001527
0.001618
0.001876
0.001753
0.001451
0.001910
0.002134
0.001978
0.002541
0.002656
0.002856
0.002912
0.002137
0.002002
0.001655
0.001042
0.000935
0.001284
0.001675
0.002029
0.002101
0.002309
0.002401
0.002113
0.001426
0.001417
0.001242
0.001237
0.001137
0.000924
0.001114
0.001378
0.001231
0.001278
0.001155
0.001201
0.001211
0.000876
0.000297
0.000291
0.000566
0.001059
0.001562
0.002219
0.003114
0.003755
0.003286
0.002838
0.002460
0.002268
0.001538
0.001250
0.001298
0.001322
0.001212
0.001170
0.001490
0.001845
0.001793
0.001894
0.002289
0.002813
0.002805
0.002568
0.002692
0.002904
0.003153
0.002697
0.002115
0.001471
0.001686
0.001727
0.001969
0.002293
0.002617
0.002800
0.002796
0.001984
0.001827
0.001941
0.002052
0.001969
0.001843
0.001818
0.002357
0.002688
0.002373
0.002507
0.002829
0.002736
0.002042
0.001609
0.001651
0.001744
0.001673
0.001314
0.001356
0.001430
0.001380
0.000929
0.000842
0.000863
0.000665
0.000553
0.000857
0.000839
0.001178
0.001494
0.002045
0.002547
0.002531
0.002251
0.002392
0.001595
0.001276
0.001220
0.000993
0.000750
0.000982
0.001345
0.001787
0.001901
0.002378
0.002889
0.002728
0.002244
0.002096
0.002135
0.002009
0.001754
0.001346
0.001029
0.001206
0.001481
0.001838
0.002487
0.003158
0.003707
0.003228
0.002632
0.002981
0.002894
0.002604
0.002595
0.002685
0.002161
0.001718
0.001642
0.001550
0.001426
0.001625
0.001624
0.001504
0.001358
0.001931
0.002225
0.002276
0.003003
0.003539
0.003876
0.003652
0.004079
0.004383
0.003914
0.003503
0.003467
0.002595
0.002199
0.002179
0.002103
0.001980
0.001491
0.001541
0.001837
0.001575
0.001607
0.002033
0.002615
0.002867
0.002927
0.003175
0.003430
0.003156
0.002837
0.002655
0.002388
0.001872
0.001975
0.002176
0.001881
0.001680
0.002049
0.002456
0.002504
0.002535
0.002284
0.002669
0.002525
0.002095
0.002093
0.002051
0.002088
0.002048
0.001258
0.000944
0.000975
0.001220
0.001848
0.001996
0.002563
0.003277
0.003629
0.003680
0.003645
0.003505
0.003650
0.002985
0.002359
0.001830
0.001155
0.001176
0.001202
0.001231
0.001347
0.001275
0.001247
0.001194
0.001118
0.001169
0.001253
0.001512
0.001799
0.001257
0.001237
0.001517
0.001642
0.001609
0.001524
0.001730
0.001947
0.001427
0.001434
0.001442
0.001252
0.001303
0.001290
0.001478
0.001728
0.001590
0.001529
0.001626
0.001570
0.001689
0.002059
0.002433
0.002884
0.003070
0.002931
0.002815
0.002424
0.001588
0.001229
0.001226
0.001364
0.001420
0.001673
0.001988
0.002116
0.001494
0.001005
0.000914
0.000597
0.000262
0.000854
0.001804
0.002753
0.003732
0.004697
0.005884
0.006026
0.005382
0.005107
0.004683
0.003952
0.003174
0.002315
0.002158
0.001762
0.001487
0.001083
0.000843
0.001105
0.001486
0.001731
0.001853
0.002123
0.002255
0.001927
0.001768
0.001461
0.001428
0.001574
0.001242
0.001478
0.001774
0.001842
0.001871
0.001566
0.001681
0.001993
0.002150
0.002343
0.002300
0.002291
0.001845
0.001536
0.002076
0.002592
0.003013
0.003353
0.002811
0.002632
0.002367
0.001809
0.001949
0.002306
0.002678
0.002832
0.002684
0.002599
0.002551
0.002483
0.002296
0.002180
0.002031
0.001235
0.001152
0.000741
0.000671
0.001147
0.001651
0.002386
0.003107
0.003206
0.003418
0.002754
0.002356
0.002083
0.001336
0.001342
0.001379
0.001147
0.001142
0.000850
0.001388
0.001904
0.001867
0.002183
0.002513
0.002611
0.002042
0.001334
0.001279
0.001339
0.001407
0.001387
0.001478
0.002002
0.001939
0.002079
0.002157
0.002481
0.002636
0.002527
0.002013
0.001913
0.001914
0.001976
0.001856
0.002062
0.002395
0.002451
0.002291
0.001843
0.001482
0.001673
0.001786
0.001977
0.002243
0.002200
0.002131
0.001982
0.001814
0.001782
0.001865
0.001829
0.001861
0.001575
0.000798
0.001019
0.001082
0.000836
0.001037
0.001101
0.001716
0.002300
0.002624
0.003425
0.003967
0.003765
0.003563
0.002623
0.001910
0.001363
0.001160
0.001057
0.001218
0.001279
0.001095
0.001684
0.002155
0.002451
0.002727
0.003180
0.003856
0.003998
0.003140
0.003092
0.002576
0.002233
0.001881
0.001855
0.001840
0.002093
0.002314
0.002569
0.002599
0.002730
0.002907
0.002999
0.002717
0.002546
0.002153
0.001667
0.001746
0.001779
0.001777
0.001027
0.000780
0.001215
0.001532
0.001699
0.002152
0.002355
0.002637
0.002168
0.001585
0.001707
0.001805
0.001629
0.001691
0.001385
0.001416
0.001560
0.001486
0.001284
0.001629
0.002002
0.002857
0.003331
0.003526
0.003856
0.004758
0.004545
0.004031
0.003753
0.004089
0.004619
0.004172
0.003489
0.003534
0.003798
0.003329
0.002714
0.001882
0.001696
0.001423
0.001437
0.001524
0.001963
0.002380
0.002739
0.002864
0.002819
0.002464
0.002122
0.001564
0.001233
0.000598
0.000668
0.000884
0.001273
0.001841
0.002250
0.002707
0.002978
0.002598
0.002530
0.002376
0.002151
0.002342
0.002104
0.001954
0.001782
0.001821
0.001658
0.001383
0.000936
0.000813
0.000525
0.000428
0.000368
0.000204
0.000535
0.000943
0.001262
0.001542
0.001323
0.001392
0.001545
0.001385
0.001599
0.001932
0.002228
0.002314
0.001844
0.001451
0.001178
0.001175
0.001128
0.001600
0.002039
0.002243
0.001930
0.002164
0.002376
0.002503
0.002465
0.002711
0.003089
0.003296
0.002110
0.002042
0.001896
0.001591
0.001611
0.001089
0.001445
0.001944
0.001805
0.002096
0.002002
0.001900
0.002040
0.001510
0.001505
0.001837
0.002207
0.001958
0.001839
0.001980
0.002231
0.002440
0.002421
0.002624
0.002833
0.002164
0.002137
0.002512
0.002943
0.003292
0.003443
0.003525
0.002998
0.002756
0.002493
0.002384
0.002520
0.002582
0.002262
0.002455
0.002039
0.001622
0.001813
0.001501
0.001607
0.002054
0.002353
0.002848
0.003038
0.002816
0.003461
0.003132
0.002964
0.002850
0.002858
0.002648
0.002261
0.001442
0.001500
0.001283
0.001353
0.001324
0.001094
0.000709
0.000803
0.001103
0.001964
0.002715
0.003849
0.004806
0.005191
0.004912
0.004221
0.003520
0.002837
0.001973
0.001672
0.001423
0.001113
0.001274
0.000954
0.001233
0.001593
0.001498
0.001597
0.001708
0.001442
0.001490
0.000905
0.000910
0.000997
0.000948
0.000757
0.000693
0.000805
0.001297
0.001591
0.002174
0.002672
0.002712
0.002993
0.002490
0.002008
0.002068
0.002483
0.002702
0.002917
0.002658
0.002970
0.002605
0.002256
0.001813
0.001706
0.001176
0.001058
0.000985
0.000965
0.001251
0.001570
0.001552
0.001828
0.001827
0.001982
0.002032
0.001759
0.002134
0.002448
0.002149
0.001872
0.001983
0.002073
0.002015
0.001549
0.001129
0.001214
0.001279
0.001062
0.001119
0.001082
0.001152
0.001190
0.000564
0.000422
0.000340
0.000243
0.000156
0.000080
0.000040
0.000049
0.000038
0.000030
0.000031
0.000035
0.000040
0.000043
0.000043
0.000046
0.000048
0.000049
0.000049
0.000049
0.000050
0.000050
0.000050
0.000050
0.000050
0.000050
0.000050
0.000050
0.000049
0.000049
0.000049
0.000049
0.000049
0.000049
0.000049
0.000049
0.000049
0.000049
0.000049
0.000049
0.000049
0.000049
0.000049
0.000049
0.000049
0.000049
0.000049
0.000049
0.000049
0.000049
0.000049
0.000049
0.000049
0.000049
0.000049
0.000049
0.000049
0.000049
0.000049
0.000049
0.000049
0.000049
0.000049
0.000049
0.000049
0.000049
0.000049
0.000049
0.000049
0.000049
0.000049
0.000049
0.000049
0.000049
0.000049
0.000049
0.000049
0.000049
0.000049
0.000049
0.000049
0.000049
0.000049
0.000049
0.000049
0.000049
0.000049
0.000049
0.000049
0.000049
0.000049
0.000049
0.000049
0.000049
0.000049
0.000049
0.000049
0.000049
0.000049
0.000049
0.000049
0.000049
0.000049
0.000049
0.000049
0.000049
0.000049
0.000049
0.000049
0.000049
0.000049
0.000049
0.000049
0.000049
0.000049
0.000049
0.000049
0.000049
0.000049
0.000049
0.000049
0.000049
0.000049
0.000049
0.000049
0.000049
0.000049
0.000049
0.000049
0.000049
0.000049
0.000049
0.000049
0.000049
0.000049
0.000049
0.000049
0.000049
0.000049
0.000049
0.000049
0.000049
0.000049
0.000049
0.000049
