0.181863
0.017930
0.035848
0.041150
0.064673
0.087391
0.087928
0.084095
0.104530
0.107214
0.108252
0.102671
0.092613
0.083002
0.072385
0.066287
0.067619
0.064733
0.067157
0.073065
0.083116
0.093514
0.101713
0.111261
0.122891
0.130639
0.131965
0.132741
0.133703
0.135262
0.137108
0.140787
0.144467
0.148354
0.148657
0.147526
0.144869
0.141889
0.138216
0.143177
0.149256
0.159462
0.176741
0.195650
0.222021
0.257639
0.295775
0.347262
0.415113
0.168512
0.171676
0.207949
0.278117
0.376318
0.438965
0.618368
0.989507
1.515618
1.687846
1.617516
1.714230
1.807766
1.779389
1.638613
1.918168
2.231903
2.510556
2.272054
2.311565
2.498766
2.915996
2.477138
2.570909
2.615856
2.729363
2.713190
3.347080
3.921748
4.498818
3.944531
4.648739
3.962342
2.882669
2.454315
2.216376
2.139055
2.005741
2.020565
2.424970
2.724166
3.089486
3.466633
3.015439
2.704702
2.320400
1.890909
1.896708
1.904090
2.013592
2.273785
2.609488
2.826494
2.905683
2.772839
2.697247
2.694280
2.774423
2.913027
2.932084
2.945451
2.753278
2.490652
2.179053
1.981552
2.157141
2.436788
2.677821
2.841826
3.053305
3.222533
3.241825
2.792078
2.990654
3.132420
3.217717
2.694509
2.650331
2.669604
2.775984
2.749936
2.838247
2.958060
3.086199
2.720029
2.631720
2.584536
2.584957
2.675129
2.911319
3.088622
3.782357
4.724764
4.837432
4.619805
3.928402
3.320841
3.005382
2.344737
2.022486
1.921711
1.906251
1.980428
2.113739
2.291217
2.581747
2.858176
3.013521
2.971924
2.722517
2.533546
2.409834
2.346103
2.185006
2.284700
2.457203
2.717786
2.422163
2.451864
2.501390
2.535575
2.290252
2.197159
2.010120
1.990442
1.882715
2.102072
2.473672
2.865760
3.230076
3.546085
3.123383
2.684167
2.267189
2.251645
2.138450
2.016179
1.882464
1.884233
1.895708
1.956290
2.031598
2.366158
2.147095
1.980641
1.849003
1.862086
1.870546
1.851617
1.905427
2.236164
2.078540
1.775138
1.616280
1.532774
1.723111
1.769335
1.757715
1.760613
1.776373
1.432034
1.312699
1.316062
1.475987
1.704777
1.994173
2.266211
2.428501
1.880529
1.579685
1.437121
1.254885
1.123615
1.060367
1.071819
1.101713
1.023725
1.060555
1.123466
1.255272
1.272350
1.349054
1.339948
1.339141
1.017735
0.936307
0.913450
0.955930
0.847135
0.858839
0.857957
0.855921
0.789612
0.813723
0.857711
0.946539
1.095803
1.169881
1.268758
1.326681
1.175449
1.188914
1.096882
0.968327
1.099097
0.960742
0.847875
0.826794
0.804434
0.988184
1.187601
1.385070
1.797336
1.778064
1.753903
1.730204
1.279219
1.317383
1.305313
1.270652
1.256940
0.891516
0.842959
0.871112
0.976338
1.000510
1.140413
1.540882
1.531415
1.514328
1.513269
1.258615
1.121811
0.886863
0.701094
0.695367
0.711143
0.659451
0.681231
0.681352
0.713550
0.768868
0.587842
0.603064
0.577292
0.515792
0.496424
0.506058
0.547133
0.644345
0.698760
0.804337
0.912533
1.194677
1.188499
1.191205
1.190658
0.897789
0.886048
0.875763
0.918384
1.169571
0.879698
1.161132
1.145188
1.137934
1.155779
0.869342
0.694938
0.536179
0.387192
0.365652
0.390201
0.418688
0.453983
0.543669
0.622557
0.641703
0.570735
0.612652
0.571151
0.534936
0.484964
0.422330
0.440826
0.463392
0.476987
0.478786
0.474398
0.461820
0.511513
0.469393
0.415568
0.409567
0.442150
0.421438
0.433306
0.454407
0.505972
0.641657
0.917589
0.636503
0.597038
0.537955
0.594741
0.880604
0.863043
0.845335
0.828018
0.829256
0.519262
0.435960
0.414913
0.364361
0.322095
0.296293
0.352737
0.309248
0.296271
0.300717
0.358176
0.530073
0.838710
0.835643
2.916573
3.432415
0.809712
0.801902
0.790951
0.788221
0.794635
0.793527
0.784691
0.784034
0.489983
0.385309
0.309603
0.282261
0.273984
0.314971
0.470980
0.772830
0.449956
0.422520
0.411040
0.409738
0.401371
0.387692
0.732204
0.732445
0.733820
0.738743
0.732112
0.727777
2.312336
0.711365
0.706568
0.356212
0.313308
0.324212
0.340986
0.385791
0.376797
0.326191
0.270602
0.220777
0.197275
0.218176
0.274281
0.660657
0.659250
0.659437
0.659825
0.663730
0.360413
0.341634
0.315038
0.344788
0.349959
0.371884
0.352417
0.662470
0.652013
0.640373
0.635563
0.636027
0.642431
0.639381
0.634892
0.628807
0.620336
0.613092
0.614451
0.614231
0.615228
0.621208
0.615325
0.609872
0.604955
0.604898
0.607233
0.609099
0.609825
0.311939
0.630695
0.630376
0.628080
0.631610
0.314089
0.284032
0.263276
0.286925
0.266784
0.277898
0.270773
0.261160
0.247504
0.226117
0.526169
0.513064
0.197556
0.492481
0.483200
0.478592
0.467976
0.462695
0.447994
0.428054
0.416703
0.396911
0.378025
0.362944
0.347812
0.349120
0.340710
0.325466
0.316238
0.310455
0.301411
0.290242
0.280705
0.282106
0.281059
0.277021
0.269808
0.266769
0.261463
0.258781
0.258006
0.257708
0.259979
0.261411
0.261502
0.258379
0.251367
0.243940
0.237253
0.229215
0.229410
0.229244
0.229681
0.229593
0.231586
0.228787
0.221206
0.211045
0.205783
0.200094
0.192216
0.189110
0.188094
0.189371
0.191781
0.193230
0.197714
0.205382
0.208416
0.208085
0.203029
0.200344
0.197257
0.195143
0.192173
0.197070
0.198939
0.196436
0.195838
0.201193
0.206206
0.206555
0.200171
0.197791
0.199846
0.199343
0.195912
0.187790
0.186714
0.184982
0.181871
0.176166
0.176933
0.180648
0.186096
0.184637
0.184723
0.184916
0.185014
0.184342
0.182734
0.182250
0.183780
0.181778
0.179839
0.177119
0.174075
0.171509
0.171770
0.177444
0.181068
0.178099
0.178983
0.178478
0.178263
0.175817
0.164716
0.168054
0.169382
0.168436
0.171760
0.174739
0.179305
0.185074
0.179048
0.177836
0.173296
0.165617
0.161541
0.158649
0.158375
0.161287
0.169469
0.172230
0.175828
0.177087
0.176423
0.173704
0.169360
0.166694
0.171791
0.168563
0.169160
0.172653
0.175948
0.175539
0.172392
0.170912
0.172176
0.169313
0.167663
0.169819
0.176188
0.180274
0.181645
0.183498
0.185902
0.184230
0.186819
0.188737
0.190826
0.191512
0.196485
0.198863
0.201459
0.205106
0.212703
0.222045
0.232305
0.234425
0.246013
0.250827
0.254031
0.263324
0.267601
0.273180
0.278896
0.284020
0.285631
0.285105
0.287832
0.294900
0.296441
0.303680
0.315633
0.333603
0.350094
0.370339
0.399147
0.439009
0.472766
0.200841
0.214793
0.231455
0.244353
0.223187
0.243450
0.276920
0.299703
0.339810
0.383735
0.451135
0.514055
0.486204
0.468397
0.455022
0.436831
0.432404
0.402958
0.384259
0.383299
0.352503
0.282754
0.222431
0.173931
0.137275
0.152115
0.312921
0.223530
0.161183
0.116059
0.079556
0.051158
0.040256
0.031952
0.026429
0.021940
0.016477
0.012708
0.007729
0.004571
0.004470
0.004450
0.004116
0.004348
0.004737
0.005872
0.004226
0.005312
0.007544
0.008925
0.008489
0.008561
0.008721
0.009989
0.008447
0.008235
0.008525
0.008093
0.005613
0.003791
0.003050
0.004089
0.005984
0.007627
0.008710
0.009235
0.008042
0.005793
0.003859
0.003730
0.004426
0.006472
0.008881
0.011267
0.011730
0.010283
0.008590
0.006967
0.004223
0.004517
0.005343
0.006763
0.008749
0.009328
0.009893
0.009643
0.007688
0.007145
0.006314
0.004682
0.003282
0.002639
0.002006
0.003172
0.004485
0.005654
0.006639
0.006422
0.004683
0.004893
0.002638
0.002348
0.002581
0.003409
0.004368
0.005315
0.005139
0.006196
0.005067
0.004765
0.004569
0.005066
0.006281
0.007229
0.006218
0.007124
0.005077
0.004415
0.003987
0.004191
0.005198
0.005456
0.005808
0.006838
0.005126
0.004869
0.004483
0.003769
0.003866
0.003515
0.003620
0.003984
0.001480
0.002153
0.002618
0.002281
0.002596
0.003212
0.003579
0.003284
0.001273
0.003467
0.005191
0.006146
0.007068
0.008602
0.008957
0.007069
0.003921
0.004499
0.004987
0.005052
0.003420
0.004643
0.004450
0.004814
0.004381
0.005843
0.006739
0.007106
0.005979
0.006970
0.006486
0.006093
0.005657
0.005993
0.005100
0.004151
0.002901
0.002035
0.002199
0.002319
0.001671
0.002290
0.002483
0.001754
0.001215
0.001048
0.002131
0.003680
0.005263
0.008257
0.010919
0.011673
0.011391
0.009937
0.008066
0.004998
0.003709
0.002934
0.000785
0.001263
0.001951
0.002789
0.003170
0.003301
0.004250
0.005083
0.002272
0.002328
0.002421
0.003089
0.001574
0.002602
0.002779
0.003596
0.003571
0.005091
0.006620
0.008720
0.008366
0.009521
0.007565
0.006113
0.004264
0.003787
0.003932
0.004179
0.004025
0.004502
0.002730
0.002033
0.001075
0.002156
0.004060
0.006209
0.007467
0.008884
0.008949
0.008047
0.005141
0.004126
0.004149
0.004173
0.004359
0.004120
0.004620
0.004411
0.003984
0.003737
0.005300
0.005488
0.006691
0.007404
0.008304
0.008600
0.008779
0.008300
0.009171
0.007524
0.007248
0.008038
0.006682
0.006279
0.006550
0.006771
0.007574
0.007326
0.007230
0.007478
0.005592
0.004365
0.002885
0.002019
0.001304
0.001426
0.001289
0.001298
0.001149
0.002232
0.002550
0.004202
0.006231
0.007960
0.009755
0.010780
0.010053
0.009146
0.007448
0.006487
0.006049
0.004788
0.003699
0.003352
0.003668
0.004723
0.006379
0.007778
0.008936
0.010580
0.009031
0.007741
0.005590
0.004472
0.004770
0.004797
0.004667
0.004601
0.003381
0.004014
0.004686
0.005140
0.005852
0.005698
0.005197
0.003916
0.003008
0.003192
0.004161
0.005218
0.005617
0.004861
0.005121
0.004897
0.004734
0.004556
0.004928
0.005359
0.004345
0.003151
0.003523
0.002532
0.002276
0.003459
0.004932
0.005842
0.004676
0.005426
0.006567
0.006633
0.005487
0.006335
0.007267
0.007261
0.005108
0.004530
0.003755
0.002669
0.001394
0.001432
0.002773
0.003790
0.004164
0.005236
0.006788
0.007275
0.006530
0.005657
0.004761
0.004866
0.004229
0.003942
0.003523
0.004345
0.004968
0.005241
0.003120
0.003134
0.003535
0.003646
0.002127
0.002752
0.003397
0.003214
0.003453
0.003225
0.003439
0.003077
0.001923
0.001595
0.001710
0.001130
0.001525
0.002785
0.002902
0.004240
0.005556
0.006483
0.007543
0.007538
0.007467
0.010776
0.010690
0.010933
0.011595
0.011593
0.009662
0.007707
0.005183
0.006089
0.006272
0.006441
0.006744
0.007753
0.006049
0.005704
0.006082
0.006784
0.006540
0.005815
0.003992
0.003297
0.002787
0.002842
0.003049
0.003459
0.003614
0.003792
0.003273
0.002887
0.003187
0.002169
0.002501
0.002945
0.003413
0.003304
0.003631
0.003438
0.004385
0.002432
0.003297
0.004693
0.005924
0.005318
0.005380
0.005610
0.006246
0.004580
0.003808
0.003340
0.004127
0.004064
0.004159
0.005353
0.006821
0.008326
0.008166
0.007149
0.006890
0.007526
0.006909
0.006175
0.004542
0.003488
0.002631
0.002606
0.002934
0.003533
0.003326
0.005129
0.007031
0.006843
0.007904
0.009582
0.011043
0.011334
0.008436
0.006756
0.006155
0.004516
0.002905
0.002746
0.002787
0.002973
0.002643
0.002198
0.001781
0.001937
0.001986
0.002519
0.003008
0.003367
0.002656
0.002292
0.001973
0.001573
0.001047
0.001806
0.002556
0.002857
0.002306
0.003253
0.003892
0.003634
0.002235
0.002626
0.003522
0.003618
0.003088
0.003685
0.003798
0.003469
0.003007
0.002522
0.002751
0.002929
0.002374
0.002038
0.001009
0.001012
0.001274
0.001381
0.001263
0.001517
0.001777
0.001615
0.001652
0.002171
0.002637
0.003057
0.002736
0.002470
0.001947
0.001752
0.001718
0.001792
0.001691
0.001505
0.000427
0.000626
0.000799
0.001149
0.002111
0.002740
0.004012
0.005057
0.003812
0.003893
0.003523
0.001898
0.002505
0.002234
0.002765
0.003372
0.003245
0.003638
0.003593
0.002085
0.002714
0.002878
0.002851
0.003391
0.003607
0.003815
0.004088
0.003684
0.003799
0.003509
0.003271
0.003022
0.003222
0.004914
0.006592
0.007091
0.007290
0.007344
0.008562
0.008571
0.006341
0.006267
0.005054
0.004506
0.003983
0.003902
0.003529
0.004416
0.004536
0.005999
0.005674
0.005861
0.005850
0.005193
0.003712
0.003131
0.002528
0.002626
0.002987
0.003228
0.003927
0.002602
0.002684
0.002765
0.001905
0.000868
0.001948
0.002779
0.004138
0.005280
0.005807
0.006288
0.005465
0.002860
0.002315
0.001513
0.001334
0.001230
0.001225
0.000962
0.001352
0.001401
0.001267
0.000741
0.001470
0.002157
0.002635
0.002151
0.002523
0.002815
0.002004
0.002013
0.003221
0.004427
0.005314
0.005378
0.005921
0.006151
0.005235
0.005124
0.005288
0.005151
0.004526
0.003714
0.003512
0.003483
0.002961
0.003174
0.003558
0.003617
0.002839
0.001771
0.002073
0.002531
0.002675
0.002711
0.002855
0.003093
0.003125
0.002752
0.002680
0.002901
0.003586
0.004473
0.004934
0.005319
0.005763
0.006068
0.005884
0.005405
0.005001
0.004260
0.004159
0.004209
0.003655
0.002360
0.002301
0.003126
0.003882
0.003690
0.003530
0.003650
0.003744
0.002591
0.001951
0.002109
0.001785
0.002015
0.002254
0.001604
0.002338
0.002920
0.002933
0.003300
0.002466
0.001767
0.001427
0.000682
0.000804
0.001196
0.001561
0.002524
0.003246
0.003780
0.003893
0.004052
0.004012
0.003793
0.002832
0.002023
0.001399
0.001229
0.001911
0.002790
0.003668
0.004105
0.004320
0.003456
0.002832
0.002601
0.002882
0.003200
0.003282
0.002726
0.002871
0.002833
0.002373
0.002684
0.002996
0.003188
0.002332
0.001727
0.001465
0.001231
0.001447
0.001878
0.002008
0.002170
0.001929
0.002840
0.003141
0.003185
0.003524
0.004358
0.004284
0.003787
0.003810
0.004218
0.003441
0.003037
0.002442
0.002237
0.002065
0.002226
0.002667
0.003291
0.002174
0.002333
0.002661
0.003149
0.003592
0.003944
0.004289
0.004947
0.003690
0.003120
0.003114
0.003334
0.003242
0.002419
0.002003
0.001885
0.001702
0.001441
0.001444
0.001550
0.001865
0.001403
0.002437
0.003885
0.005203
0.005348
0.005980
0.006051
0.005172
0.004149
0.003872
0.003660
0.003469
0.002307
0.002026
0.001815
0.000910
0.000979
0.001053
0.000644
0.001354
0.001994
0.002377
0.002276
0.001737
0.002048
0.002750
0.002450
0.002864
0.003413
0.004123
0.004496
0.004032
0.003756
0.003512
0.003342
0.002907
0.002491
0.002057
0.002391
0.002605
0.003116
0.001665
0.001869
0.002434
0.003665
0.004066
0.004919
0.005792
0.006470
0.004103
0.004551
0.004637
0.004896
0.004760
0.004610
0.004591
0.003439
0.001788
0.002299
0.002758
0.003081
0.003186
0.003785
0.003758
0.002144
0.001918
0.001836
0.001860
0.001855
0.001179
0.001068
0.000965
0.000606
0.000623
0.000598
0.000758
0.000949
0.001094
0.000998
0.000793
0.000572
0.000396
0.000133
0.000137
0.000593
0.000975
0.001302
0.001512
0.001790
0.002110
0.002101
0.001805
0.002180
0.002447
0.002527
0.002150
0.001849
0.001602
0.001721
0.001183
0.001167
0.001457
0.001751
0.001491
0.001429
0.001473
0.001495
0.001283
0.001316
0.001472
0.001599
0.001301
0.001018
0.000854
0.000721
0.000688
0.000575
0.000734
0.001153
0.001669
0.002192
0.002791
0.003285
0.003561
0.003272
0.002781
0.002113
0.001628
0.001311
0.000842
-0.000066
0.000314
0.001062
0.001822
0.002520
0.003134
0.003430
0.003058
0.001757
0.001120
0.001215
0.001144
0.000953
0.000831
0.001323
0.002131
0.002761
0.002910
0.002813
0.003508
0.003521
0.002770
0.002445
0.002484
0.002546
0.002663
0.001872
0.002520
0.003064
0.003278
0.003200
0.003054
0.002325
0.001557
0.001541
0.002009
0.002193
0.002550
0.002536
0.003213
0.003032
0.002898
0.002652
0.002719
0.002766
0.002839
0.002778
0.003152
0.002874
0.002948
0.002900
0.002311
0.001780
0.001938
0.002300
0.002228
0.002103
0.002345
0.002859
0.003703
0.002705
0.003124
0.003860
0.003608
0.003625
0.003343
0.003169
0.003635
0.003233
0.003508
0.003977
0.004242
0.004107
0.002723
0.002256
0.001860
0.001866
0.001866
0.001961
0.001918
0.002256
0.001461
0.001490
0.001570
0.001388
0.001449
0.001338
0.000920
0.000713
0.000209
0.000238
0.000409
0.000310
0.000714
0.000977
0.001375
0.001810
0.001717
0.001762
0.001915
0.001380
0.001893
0.001702
0.001881
0.002168
0.002616
0.002676
0.002698
0.002035
0.001871
0.001404
0.001178
0.000977
0.000975
0.000739
0.000801
0.000832
0.000931
0.001811
0.002381
0.002882
0.003577
0.003658
0.003370
0.002402
0.001387
0.001605
0.001653
0.001782
0.002080
0.002189
0.002513
0.002527
0.001529
0.001338
0.000974
0.000786
0.000790
0.000749
0.001094
0.001513
0.001821
0.002353
0.002304
0.001900
0.001550
0.001813
0.002107
0.002276
0.002610
0.003178
0.003448
0.003409
0.003311
0.003190
0.003078
0.002219
0.002101
0.002288
0.001753
0.001922
0.002260
0.002656
0.003095
0.002970
0.002865
0.002735
0.001998
0.002087
0.002249
0.002092
0.001514
0.001512
0.001757
0.001890
0.001366
0.001163
0.001571
0.002000
0.001709
0.001707
0.001746
0.001950
0.001822
0.001437
0.001396
0.001508
0.001389
0.001472
0.001136
0.000750
0.000358
0.000425
0.000059
0.000645
0.001506
0.002626
0.003323
0.004054
0.004207
0.004328
0.003250
0.002521
0.001831
0.001582
0.001096
0.001143
0.001246
0.001445
0.001605
0.001558
0.001073
0.000640
0.000497
-0.000114
-0.000040
0.000292
0.000653
0.000956
0.001383
0.001721
0.001316
0.001156
0.001514
0.002000
0.002352
0.002550
0.002965
0.003129
0.001783
0.001912
0.001860
0.001790
0.001414
0.001173
0.001105
0.000924
0.000688
0.000699
0.000508
0.000573
0.000514
0.000440
0.000538
0.000649
0.000548
0.000922
0.000618
0.000995
0.001734
0.002260
0.002644
0.002863
0.002770
0.003458
0.003068
0.002953
0.002879
0.003225
0.003347
0.003069
0.002293
0.001855
0.001761
0.001411
0.000819
0.000555
0.000540
-0.000002
0.000275
0.000779
0.001224
0.000992
0.001385
0.001873
0.002967
0.002663
0.003047
0.003625
0.003736
0.002774
0.002452
0.001984
0.002111
0.001681
0.001940
0.002711
0.002854
0.002700
0.003062
0.003551
0.003554
0.002300
0.001868
0.002041
0.001706
0.001594
0.001637
0.001684
0.001457
0.000801
0.000177
0.000352
0.000764
0.001209
0.002039
0.002995
0.003701
0.004041
0.003373
0.002969
0.002767
0.001881
0.001621
0.001720
0.001721
0.001625
0.001563
0.001414
0.001418
0.001030
0.001136
0.001379
0.001497
0.001643
0.001313
0.001141
0.001050
0.000914
0.000905
0.000975
0.000908
0.000610
0.000277
0.000674
0.001113
0.001465
0.001589
0.001795
0.001992
0.001684
0.001644
0.001616
0.001916
0.002098
0.001950
0.001516
0.001123
0.001096
0.001184
0.000731
0.000643
0.000605
0.000562
0.000532
0.000622
0.001413
0.002389
0.002948
0.003639
0.003960
0.003668
0.002675
0.001778
0.001732
0.002034
0.001891
0.002067
0.002364
0.002458
0.001859
0.001382
0.001097
0.001051
0.000686
0.001174
0.001673
0.002280
0.002138
0.002736
0.003071
0.002858
0.001277
0.001684
0.001974
0.002226
0.002370
0.002445
0.002684
0.002604
0.001436
0.001762
0.002404
0.002985
0.003436
0.003161
0.002914
0.002242
0.001088
0.001287
0.001795
0.002433
0.003132
0.003576
0.003595
0.003494
0.002433
0.001899
0.001867
0.001885
0.001966
0.002044
0.001439
0.001687
0.001551
0.000967
0.001143
0.001513
0.001772
0.001909
0.001646
0.001613
0.001501
0.001090
0.000803
0.000681
0.000758
0.000926
0.001259
0.001527
0.002117
0.002142
0.002844
0.002999
0.003053
0.002763
0.002717
0.002610
0.002698
0.002220
0.002956
0.003359
0.003720
0.003750
0.003390
0.002785
0.001946
0.001461
0.001281
0.000735
0.000807
0.001120
0.001465
0.001256
0.001097
0.001360
0.001707
0.001335
0.001307
0.001665
0.002374
0.003204
0.003234
0.003770
0.004234
0.004269
0.003601
0.002713
0.002074
0.001753
0.001411
0.001351
0.001275
0.001036
0.000956
0.000715
0.001035
0.001330
0.001772
0.002384
0.002793
0.002346
0.002714
0.002444
0.002375
0.002285
0.002078
0.001799
0.001546
0.001014
0.001233
0.001353
0.001608
0.001687
0.001941
0.001916
0.001664
0.001550
0.001476
0.001287
0.001026
0.000806
0.000552
0.000460
0.000420
0.000526
0.000643
0.000966
0.001134
0.001293
0.001238
0.001138
0.001149
0.001303
0.001224
0.001338
0.001482
0.001590
0.001235
0.000925
0.000601
0.000667
0.000663
0.000659
0.000445
0.000637
0.000788
0.000708
0.000602
0.000814
0.001004
0.000906
0.000468
0.000658
0.001000
0.001178
0.001060
0.001332
0.001586
0.001296
0.000974
0.000780
0.000844
0.000834
0.000296
0.000675
0.000655
0.000815
0.001323
0.001856
0.002470
0.003115
0.003085
0.003593
0.003358
0.003070
0.002785
0.002534
0.001825
0.001532
0.001531
0.001232
0.001237
0.001471
0.001628
0.002308
0.002393
0.002513
0.002703
0.002629
0.002066
0.001649
0.001048
0.000837
0.000486
0.000116
0.000057
0.000260
0.000742
0.001272
0.001695
0.002003
0.002154
0.001691
0.001254
0.000823
0.001247
0.001510
0.001841
0.002039
0.002411
0.002177
0.001935
0.001415
0.001321
0.000845
0.001051
0.001334
0.001458
0.001399
0.001610
0.001826
0.001325
0.000625
0.000917
0.001130
0.000984
0.001732
0.002455
0.003009
0.002636
0.002466
0.002486
0.002503
0.002037
0.002234
0.002443
0.002492
0.002237
0.002266
0.001622
0.001379
0.001356
0.000956
0.000877
0.000936
0.000997
0.001130
0.001290
0.001303
0.001345
0.001476
0.001879
0.001905
0.002135
0.002440
0.002759
0.002508
0.001928
0.002033
0.002177
0.001509
0.001160
0.001069
0.001013
0.000678
0.000232
-0.000233
0.000115
0.000654
0.001173
0.001683
0.001563
0.002213
0.002451
0.001876
0.001773
0.002177
0.002458
0.002416
0.001554
0.001749
0.002026
0.001966
0.001515
0.001592
0.001563
0.000797
0.000504
0.000116
0.000578
0.001049
0.001293
0.001717
0.001818
0.001951
0.001848
0.001351
0.001519
0.001744
0.001944
0.002375
0.001938
0.001807
0.001730
0.001706
0.001282
0.001004
0.000981
0.001387
0.001447
0.001759
0.002083
0.002109
0.001634
0.001133
0.000947
0.000732
0.000392
0.000285
0.000494
0.000802
0.000952
0.000422
0.000818
0.001499
0.001914
0.002359
0.002948
0.003508
0.003744
0.002507
0.001657
0.001143
0.000850
0.001416
0.001766
0.002294
0.002563
0.003483
0.003937
0.003490
0.002671
0.002559
0.002181
0.001714
0.001164
0.000807
0.000878
0.000974
0.000909
0.000647
0.000737
0.000825
0.000856
0.000063
0.000270
0.000482
0.000605
0.000771
0.000814
0.000895
0.001008
0.000630
0.000836
0.000976
0.001132
0.001212
0.001484
0.001828
0.001954
0.002216
0.002566
0.002627
0.002447
0.001742
0.001376
0.001250
0.001064
0.000287
0.000151
0.000268
0.000463
0.000648
0.000830
0.000914
0.001147
0.000813
0.000518
0.000572
0.000505
0.000421
0.000664
0.000723
0.000910
0.001170
0.001218
0.001364
0.001140
0.000663
0.000570
0.000969
0.000964
0.001233
0.001569
0.001965
0.002208
0.002218
0.001930
0.001977
0.001744
0.001530
0.001191
0.000974
0.000885
0.000871
0.000668
0.000487
0.000431
0.000393
0.000471
0.000511
0.000564
0.000864
0.000651
0.000618
0.001062
0.001197
0.001310
0.001303
0.001382
0.001807
0.001593
0.000802
0.001516
0.002057
0.002279
0.002118
0.002631
0.003011
0.002955
0.002043
0.002212
0.002355
0.002182
0.001549
0.001438
0.001084
0.000968
0.000812
0.000670
0.000648
0.000482
0.000396
0.000308
0.000375
0.000260
0.000332
0.000543
0.000779
0.000754
0.001017
0.001270
0.001031
0.000874
0.000967
0.001230
0.001212
0.001438
0.001875
0.002422
0.002386
0.002855
0.003364
0.003841
0.003655
0.003094
0.002471
0.001573
0.001177
0.001111
0.001058
0.001088
0.001199
0.001308
0.001432
0.001274
0.001209
0.001212
0.001097
0.000856
0.000483
0.000392
0.000213
0.000191
0.000177
0.000202
0.000141
0.000177
0.000219
0.000408
0.000470
0.000626
0.000706
0.000939
0.000972
0.000991
0.001034
0.001208
0.001361
0.001510
0.001322
0.001159
0.001031
0.001071
0.001197
0.001370
0.001311
0.001418
0.001398
0.001103
0.001021
0.001036
0.001236
0.001462
0.001389
0.001431
0.001476
0.001225
0.001464
0.001501
0.001615
0.001736
0.001266
0.001007
0.000974
0.000820
0.000771
0.001131
0.001535
0.001742
0.001502
0.001653
0.001869
0.001918
0.001672
0.001763
0.001851
0.001628
0.000852
0.000761
0.000712
0.000614
0.000237
0.000292
0.000247
0.000477
0.000827
0.001289
0.001427
0.001783
0.001885
0.002123
0.001789
0.001732
0.001980
0.002212
0.002016
0.001829
0.002184
0.002353
0.002170
0.001862
0.001659
0.001335
0.001354
0.000533
0.000662
0.000899
0.001245
0.001378
0.001451
0.001445
0.001799
0.001301
0.001211
0.001306
0.001516
0.001904
0.002040
0.001711
0.001619
0.001819
0.001497
0.001306
0.001197
0.001287
0.001179
0.001172
0.001188
0.001995
0.002228
0.002855
0.003642
0.004058
0.003925
0.003686
0.003189
0.002864
0.002552
0.002227
0.001870
0.001372
0.001070
0.000955
0.000848
0.000456
0.000287
0.000143
0.000191
0.000336
0.000378
0.000608
0.000844
0.001048
0.001155
0.000936
0.000767
0.000546
0.000234
0.000420
0.000658
0.000828
0.001368
0.001786
0.002049
0.001593
0.001426
0.001223
0.001480
0.001554
0.002000
0.002227
0.002651
0.002421
0.002493
0.001726
0.001509
0.001417
0.001315
0.000861
0.000491
0.000553
0.000773
0.000907
0.001107
0.001223
0.001279
0.001320
0.000680
0.000309
0.000094
0.000571
0.000944
0.001515
0.002190
0.002413
0.002685
0.002671
0.002226
0.002124
0.001402
0.001389
0.001898
0.001829
0.002423
0.003015
0.003390
0.003556
0.002668
0.002027
0.001630
0.001331
0.001183
0.000817
0.000506
0.000605
0.000652
0.000738
0.000818
0.000678
0.000620
0.000064
0.000083
0.000274
0.000334
0.000619
0.001266
0.001937
0.002182
0.002345
0.002580
0.002677
0.002262
0.002141
0.002336
0.002701
0.002544
0.002680
0.002470
0.002152
0.001620
0.001568
0.001518
0.001570
0.001543
0.001955
0.001712
0.001862
0.001976
0.002064
0.002515
0.002679
0.002395
0.002316
0.001984
0.001995
0.001987
0.001450
0.001296
0.001294
0.001310
0.001024
0.000592
0.000336
0.000462
0.000554
0.000443
0.000839
0.001277
0.001587
0.001400
0.001377
0.001500
0.001669
0.000963
0.000599
0.000786
0.001348
0.001461
0.001982
0.002448
0.002796
0.002723
0.001993
0.001466
0.001244
0.000773
0.000828
0.000836
0.000763
0.000795
0.000948
0.001085
0.001192
0.000191
0.000417
0.000387
0.000624
0.000936
0.001054
0.001352
0.001818
0.001357
0.001591
0.001080
0.001295
0.001587
0.001449
0.001266
0.001178
0.000943
0.001367
0.000771
0.001156
0.001914
0.002454
0.002975
0.003077
0.002605
0.003031
0.002145
0.001856
0.001842
0.001350
0.001299
0.001094
0.000624
0.000446
0.000481
0.000799
0.001291
0.001508
0.002032
0.002347
0.002342
0.001803
0.001504
0.001257
0.000985
0.000516
0.000516
0.000604
0.000867
0.000926
0.001273
0.001559
0.001631
0.001223
0.000952
0.000562
0.000621
0.000519
0.000734
0.000964
0.000933
0.000940
0.000975
0.000873
0.001491
0.002460
0.003515
0.004471
0.004568
0.004230
0.003364
0.002697
0.001951
0.001567
0.001260
0.000776
0.000467
0.000480
0.000592
0.000827
0.000930
0.001139
0.001426
0.000872
0.000718
0.000836
0.001009
0.001157
0.000509
0.000770
0.001305
0.001195
0.001418
0.001906
0.002325
0.002624
0.001682
0.001498
0.001556
0.001324
0.001402
0.001647
0.001842
0.001849
0.001858
0.001599
0.001309
0.000805
0.000477
0.000352
0.000225
0.000171
0.000191
0.000429
0.000651
0.000842
0.000749
0.000964
0.000856
0.000852
0.000804
0.000968
0.000859
0.000810
0.000764
0.001072
0.001065
0.001203
0.001344
0.001209
0.001502
0.001703
0.001703
0.002004
0.002267
0.002427
0.002337
0.001500
0.001399
0.001212
0.000869
0.001103
0.001727
0.002153
0.002592
0.003216
0.003366
0.002974
0.002267
0.001746
0.001399
0.001104
0.000723
0.000470
0.001175
0.001668
0.002238
0.002828
0.002800
0.003022
0.002719
0.001731
0.001665
0.001352
0.001100
0.000808
0.000687
0.000590
0.000601
0.000464
0.000462
0.000425
0.000454
0.000311
0.000613
0.000963
0.001373
0.001520
0.001653
0.001457
0.001286
0.001022
0.000722
0.001035
0.001588
0.002020
0.002327
0.002306
0.002504
0.002295
0.001283
0.000850
0.000511
0.000569
0.000961
0.001319
0.001888
0.002447
0.002426
0.002458
0.001815
0.001546
0.001458
0.001343
0.001303
0.001482
0.001273
0.001180
0.000852
0.001137
0.001360
0.001291
0.000720
0.000846
0.001193
0.001291
0.000918
0.001706
0.002465
0.003198
0.003056
0.003236
0.003432
0.003657
0.002785
0.002948
0.003119
0.003099
0.002514
0.002597
0.002505
0.002418
0.001887
0.001705
0.002007
0.002263
0.001562
0.001944
0.002556
0.002903
0.002875
0.002868
0.002671
0.002535
0.001917
0.001686
0.001620
0.001561
0.001408
0.001463
0.000724
0.000677
0.000835
0.000971
0.000876
0.000677
0.000593
0.000842
0.000881
0.001118
0.001718
0.002376
0.002981
0.003113
0.002985
0.002892
0.002936
0.002423
0.002100
0.001678
0.001280
0.000929
0.000711
0.000632
0.000504
0.000182
0.000362
0.000794
0.001069
0.001252
0.001469
0.001645
0.001834
0.001559
0.001698
0.001936
0.002329
0.002506
0.002541
0.002131
0.001960
0.001525
0.001322
0.000991
0.000783
0.000821
0.001324
0.001795
0.002184
0.002078
0.002063
0.002138
0.001900
0.001743
0.001857
0.002083
0.002235
0.001659
0.001422
0.001287
0.001010
0.000875
0.000638
0.000455
0.000409
0.000192
0.000545
0.000909
0.001253
0.001444
0.001209
0.001255
0.001271
0.001130
0.001351
0.001519
0.001712
0.001839
0.001275
0.001411
0.001547
0.001591
0.001622
0.001654
0.001592
0.001244
0.001100
0.000919
0.000570
0.000223
0.000268
0.000915
0.001460
0.002140
0.002768
0.002957
0.002443
0.001676
0.001177
0.001591
0.001646
0.001956
0.002233
0.002440
0.002446
0.002305
0.001989
0.002322
0.002305
0.002498
0.002459
0.002029
0.001635
0.001606
0.001590
0.001508
0.001232
0.001407
0.001656
0.001716
0.001238
0.000962
0.000981
0.000839
0.000549
0.000770
0.001009
0.001219
0.001405
0.001194
0.001013
0.000822
0.000492
0.000407
0.000555
0.000623
0.000862
0.001132
0.001282
0.001058
0.000981
0.000833
0.000848
0.000248
0.000382
0.000745
0.001150
0.001560
0.001853
0.002376
0.002895
0.002407
0.002058
0.001943
0.001625
0.001362
0.000949
0.000548
0.000714
0.000872
0.000725
0.000625
0.000984
0.001224
0.001129
0.001007
0.001121
0.001304
0.001396
0.000905
0.000829
0.001054
0.001088
0.001295
0.001254
0.001248
0.001277
0.001164
0.000668
0.000126
0.000004
0.000259
0.000845
0.001368
0.001940
0.002550
0.003065
0.002359
0.001796
0.001290
0.001021
0.000749
0.000649
0.000599
0.000594
0.000294
0.000448
0.000685
0.000577
0.000777
0.001035
0.000972
0.001290
0.001177
0.001190
0.001218
0.001211
0.001248
0.001486
0.001038
0.001145
0.001187
0.001049
0.000867
0.001050
0.000946
0.001072
0.001254
0.001331
0.001257
0.000951
0.000735
0.000487
0.000518
0.000362
0.000414
0.000488
0.000541
0.000440
0.000346
0.000183
0.000599
0.000736
0.001179
0.001477
0.001818
0.001792
0.001500
0.001342
0.001522
0.001322
0.001345
0.001088
0.000954
0.000611
0.000218
0.000245
0.000473
0.001165
0.001924
0.002408
0.002563
0.002789
0.002900
0.002969
0.002850
0.003090
0.003326
0.003069
0.001983
0.001573
0.001489
0.001584
0.001678
0.001459
0.001912
0.002202
0.001783
0.001645
0.001764
0.001846
0.001677
0.000579
0.000580
0.000614
0.000612
0.000535
0.000465
0.000693
0.000822
0.000618
0.000646
0.000772
0.000836
0.000611
0.000274
0.000344
0.000593
0.000828
0.000540
0.000980
0.001341
0.001228
0.001261
0.001307
0.001552
0.001915
0.001498
0.001719
0.001642
0.001359
0.001396
0.000918
0.001022
0.001156
0.001267
0.001716
0.001677
0.001822
0.001853
0.001004
0.001301
0.001355
0.000975
0.001563
0.002143
0.002566
0.002476
0.002286
0.002487
0.002351
0.001696
0.001669
0.001558
0.001354
0.000882
0.000617
0.000684
0.000734
0.000720
0.000703
0.000886
0.001089
0.001351
0.001242
0.001121
0.001554
0.001730
0.001545
0.002009
0.002068
0.002191
0.002252
0.001548
0.001402
0.001104
0.000631
0.000478
0.000729
0.001041
0.001367
0.001382
0.001486
0.001566
0.001388
0.000757
0.000746
0.000689
0.000759
0.000780
0.000547
0.000713
0.000884
0.000654
0.000647
0.000583
0.000633
0.000702
0.000481
0.000020
0.000035
0.000295
0.000749
0.001188
0.001688
0.002387
0.002947
0.002464
0.002064
0.001719
0.001599
0.001004
0.000808
0.000890
0.000932
0.000854
0.000793
0.001032
0.001315
0.001226
0.001345
0.001690
0.002184
0.002238
0.001953
0.002022
0.002216
0.002408
0.002040
0.001513
0.000961
0.001170
0.001242
0.001467
0.001745
0.002030
0.002175
0.002144
0.001309
0.001140
0.001284
0.001451
0.001338
0.001258
0.001265
0.001825
0.002139
0.001814
0.001974
0.002362
0.002261
0.001587
0.001208
0.001165
0.001160
0.001030
0.000672
0.000702
0.000769
0.000795
0.000456
0.000352
0.000339
0.000209
0.000110
0.000369
0.000335
0.000652
0.000986
0.001458
0.001852
0.001825
0.001584
0.001747
0.001030
0.000729
0.000728
0.000592
0.000370
0.000555
0.000849
0.001287
0.001359
0.001744
0.002191
0.002081
0.001653
0.001467
0.001473
0.001377
0.001127
0.000704
0.000376
0.000545
0.000892
0.001229
0.001811
0.002534
0.003058
0.002641
0.002000
0.002343
0.002309
0.002055
0.002045
0.002154
0.001628
0.001266
0.001221
0.001173
0.001144
0.001308
0.001277
0.001127
0.000897
0.001322
0.001542
0.001611
0.002357
0.002796
0.003101
0.002948
0.003361
0.003683
0.003232
0.002848
0.002888
0.002103
0.001732
0.001699
0.001536
0.001441
0.000939
0.000935
0.001210
0.001014
0.001117
0.001480
0.001938
0.002053
0.002105
0.002320
0.002560
0.002347
0.002162
0.002065
0.001847
0.001312
0.001456
0.001678
0.001481
0.001336
0.001697
0.002112
0.002155
0.002107
0.001755
0.002006
0.001874
0.001469
0.001500
0.001562
0.001624
0.001631
0.000868
0.000527
0.000537
0.000793
0.001392
0.001516
0.001989
0.002645
0.002957
0.002930
0.002875
0.002828
0.003029
0.002318
0.001716
0.001318
0.000709
0.000720
0.000739
0.000786
0.000912
0.000838
0.000786
0.000733
0.000665
0.000688
0.000846
0.001032
0.001202
0.000712
0.000661
0.000807
0.000840
0.000665
0.000646
0.000829
0.001025
0.000610
0.000712
0.000770
0.000639
0.000696
0.000801
0.001043
0.001268
0.001125
0.001080
0.001126
0.000970
0.001012
0.001393
0.001717
0.002071
0.002192
0.001996
0.001905
0.001583
0.000909
0.000667
0.000674
0.000842
0.001032
0.001292
0.001554
0.001668
0.001166
0.000711
0.000545
0.000203
-0.000091
0.000436
0.001234
0.002058
0.003048
0.004121
0.005150
0.005275
0.004727
0.004436
0.003948
0.003197
0.002435
0.001712
0.001514
0.001174
0.000916
0.000579
0.000375
0.000673
0.001008
0.001183
0.001219
0.001497
0.001581
0.001284
0.001105
0.000820
0.000857
0.001090
0.000721
0.000837
0.001029
0.001160
0.001166
0.000872
0.001042
0.001450
0.001670
0.001770
0.001642
0.001526
0.001023
0.000721
0.001203
0.001664
0.002103
0.002477
0.002073
0.001931
0.001652
0.001143
0.001284
0.001558
0.001861
0.001944
0.001823
0.001735
0.001651
0.001564
0.001463
0.001481
0.001516
0.000840
0.000790
0.000354
0.000255
0.000707
0.001184
0.001929
0.002664
0.002814
0.003079
0.002410
0.002002
0.001745
0.001003
0.001021
0.001046
0.000839
0.000876
0.000562
0.001045
0.001545
0.001367
0.001681
0.001917
0.001895
0.001427
0.000720
0.000634
0.000695
0.000699
0.000786
0.000925
0.001417
0.001471
0.001666
0.001779
0.002062
0.002197
0.002100
0.001604
0.001463
0.001458
0.001479
0.001408
0.001573
0.001857
0.001874
0.001673
0.001205
0.000873
0.001038
0.001275
0.001557
0.001873
0.001818
0.001676
0.001474
0.001253
0.001157
0.001202
0.001172
0.001225
0.000940
0.000217
0.000434
0.000549
0.000481
0.000770
0.000869
0.001395
0.001866
0.002128
0.002820
0.003244
0.003039
0.002959
0.002159
0.001470
0.000908
0.000677
0.000642
0.000753
0.000755
0.000629
0.001082
0.001486
0.001707
0.001899
0.002320
0.002931
0.003079
0.002333
0.002200
0.001786
0.001530
0.001280
0.001264
0.001251
0.001494
0.001791
0.002018
0.002105
0.002283
0.002507
0.002599
0.002306
0.002119
0.001818
0.001316
0.001394
0.001446
0.001495
0.000699
0.000432
0.000830
0.001147
0.001266
0.001578
0.001774
0.002048
0.001498
0.000923
0.000964
0.001022
0.000949
0.000947
0.000696
0.000696
0.000775
0.000791
0.000523
0.000820
0.001343
0.002279
0.002812
0.003066
0.003426
0.004311
0.004038
0.003531
0.003291
0.003571
0.004019
0.003502
0.002788
0.002813
0.003015
0.002575
0.001970
0.001191
0.001063
0.000789
0.000734
0.000813
0.001313
0.001762
0.002060
0.002112
0.002020
0.001703
0.001347
0.000830
0.000575
0.000040
0.000047
0.000177
0.000489
0.000899
0.001190
0.001569
0.001868
0.001595
0.001593
0.001480
0.001418
0.001608
0.001448
0.001303
0.001149
0.001177
0.001067
0.000829
0.000455
0.000362
0.000180
0.000079
0.000035
-0.000085
0.000187
0.000490
0.000768
0.001040
0.000898
0.000911
0.001014
0.000882
0.001094
0.001293
0.001450
0.001528
0.001087
0.000726
0.000520
0.000582
0.000616
0.001031
0.001413
0.001628
0.001282
0.001629
0.001853
0.001980
0.001884
0.002033
0.002268
0.002373
0.001132
0.001238
0.001209
0.001034
0.001098
0.000699
0.001055
0.001522
0.001328
0.001592
0.001523
0.001409
0.001496
0.001009
0.000931
0.001172
0.001387
0.001127
0.001119
0.001239
0.001435
0.001766
0.001688
0.001775
0.001863
0.001317
0.001344
0.001697
0.002081
0.002579
0.002743
0.002796
0.002266
0.002222
0.001977
0.001848
0.001984
0.002052
0.001747
0.001960
0.001517
0.001107
0.001380
0.001048
0.001106
0.001511
0.001690
0.002192
0.002355
0.002133
0.002823
0.002479
0.002313
0.002276
0.002294
0.002151
0.001813
0.001111
0.001047
0.000711
0.000649
0.000560
0.000287
-0.000016
0.000181
0.000673
0.001486
0.002210
0.003329
0.004306
0.004658
0.004344
0.003660
0.002987
0.002284
0.001444
0.001185
0.000937
0.000660
0.000831
0.000606
0.000872
0.001216
0.001165
0.001293
0.001366
0.001063
0.001070
0.000565
0.000541
0.000598
0.000544
0.000365
0.000305
0.000436
0.000880
0.001186
0.001708
0.002147
0.002223
0.002408
0.001918
0.001463
0.001467
0.001825
0.001970
0.002122
0.001935
0.002148
0.001846
0.001500
0.001088
0.001006
0.000539
0.000378
0.000325
0.000296
0.000589
0.000884
0.000907
0.001142
0.001174
0.001293
0.001251
0.000977
0.001312
0.001610
0.001484
0.001264
0.001256
0.001336
0.001225
0.000698
0.000384
0.000479
0.000570
0.000470
0.000531
0.000620
0.000726
0.000791
0.000328
0.000285
0.000242
0.000183
0.000122
0.000071
0.000045
0.000055
0.000044
0.000038
0.000037
0.000040
0.000043
0.000045
0.000045
0.000046
0.000048
0.000048
0.000048
0.000049
0.000049
0.000049
0.000049
0.000049
0.000049
0.000049
0.000049
0.000049
0.000049
0.000049
0.000049
0.000049
0.000049
0.000049
0.000049
0.000049
0.000049
0.000049
0.000049
0.000049
0.000049
0.000049
0.000049
0.000049
0.000049
0.000049
0.000049
0.000049
0.000049
0.000049
0.000049
0.000049
0.000049
0.000049
0.000049
0.000049
0.000049
0.000049
0.000049
0.000049
0.000049
0.000049
0.000049
0.000049
0.000049
0.000049
0.000049
0.000049
0.000049
0.000049
0.000049
0.000049
0.000049
0.000049
0.000049
0.000049
0.000049
0.000049
0.000049
0.000049
0.000049
0.000049
0.000049
0.000049
0.000049
0.000049
0.000049
0.000049
0.000049
0.000049
0.000049
0.000049
0.000049
0.000049
0.000049
0.000049
0.000049
0.000049
0.000049
0.000049
0.000049
0.000049
0.000049
0.000049
0.000049
0.000049
0.000049
0.000049
0.000049
0.000049
0.000049
0.000049
0.000049
0.000049
0.000049
0.000049
0.000049
0.000049
0.000049
0.000049
0.000049
0.000049
0.000049
0.000049
0.000049
0.000049
0.000049
0.000049
0.000049
0.000049
0.000049
0.000049
0.000049
0.000049
0.000049
0.000049
0.000049
0.000049
0.000049
0.000049
0.000049
0.000049
0.000049
0.000049
0.000049
