0.009439
0.007133
0.006074
0.010124
0.009307
0.009236
0.009467
0.010427
0.011343
0.012600
0.013138
0.012620
0.011695
0.011225
0.010346
0.008887
0.008113
0.007291
0.006741
0.006500
0.006546
0.008158
0.008706
0.010153
0.011283
0.011994
0.011661
0.011861
0.012068
0.012145
0.012306
0.012608
0.012372
0.011603
0.010728
0.010123
0.009567
0.009008
0.008245
0.008191
0.007830
0.007328
0.005383
0.006581
0.008761
0.010835
0.012687
0.016528
0.019844
0.023676
0.028099
0.033045
0.036439
0.037764
0.040430
0.045208
0.050708
0.054149
0.057831
0.061800
0.066527
0.067720
0.066209
0.069759
0.074540
0.077638
0.079540
0.083009
0.086094
0.087595
0.087327
0.087711
0.093598
0.099479
0.104351
0.104574
0.105984
0.107516
0.108496
0.105560
0.105639
0.108351
0.111650
0.109251
0.111478
0.115501
0.121978
0.126805
0.137039
0.148142
0.150942
0.145551
0.147356
0.148822
0.148393
0.146990
0.152194
0.161997
0.170907
0.176354
0.182479
0.192062
0.200387
0.206208
0.209646
0.207808
0.209077
0.212825
0.208924
0.212475
0.213700
0.214795
0.217762
0.223665
0.229293
0.232403
0.229551
0.235000
0.239559
0.241830
0.241191
0.244768
0.249067
0.249344
0.244076
0.238605
0.243451
0.245320
0.244916
0.243145
0.242926
0.238261
0.230376
0.223974
0.229774
0.229266
0.223985
0.224037
0.230508
0.240271
0.236925
0.233793
0.241386
0.236173
0.226683
0.221494
0.218660
0.224142
0.225870
0.222552
0.225928
0.221475
0.219319
0.219364
0.221088
0.212569
0.207005
0.204270
0.195726
0.190423
0.187532
0.187906
0.190512
0.193665
0.193453
0.191349
0.198726
0.200695
0.203353
0.207807
0.211819
0.214411
0.211226
0.200465
0.195435
0.188971
0.181127
0.178987
0.182565
0.180792
0.184207
0.185191
0.184444
0.187217
0.187052
0.190824
0.198118
0.201604
0.205694
0.206114
0.202039
0.195402
0.186288
0.177442
0.170512
0.162214
0.158612
0.154396
0.154693
0.151565
0.151536
0.151337
0.150537
0.147657
0.154002
0.156186
0.158572
0.161444
0.161406
0.160465
0.155429
0.146780
0.142681
0.139227
0.135396
0.130615
0.126200
0.125217
0.123908
0.120834
0.119516
0.118553
0.117437
0.116325
0.115078
0.111075
0.110440
0.109745
0.103526
0.101601
0.101649
0.100263
0.101863
0.097157
0.096037
0.089611
0.079203
0.071152
0.071310
0.066895
0.058388
0.051554
0.051546
0.045297
0.034431
0.036825
0.040828
0.042652
0.041885
0.042385
0.040056
0.038308
0.036053
0.037971
0.034741
0.036387
0.038487
0.041961
0.039712
0.039012
0.040945
0.040594
0.040680
0.044980
0.048180
0.047966
0.049189
0.051234
0.052859
0.052908
0.054293
0.056970
0.059079
0.060906
0.063159
0.068393
0.074053
0.079250
0.076119
0.077900
0.079472
0.079084
0.079764
0.083672
0.087273
0.092713
0.090778
0.091998
0.096006
0.095921
0.092037
0.089669
0.089877
0.087781
0.083977
0.080012
0.079515
0.078777
0.077517
0.073069
0.074870
0.074882
0.072732
0.070578
0.068056
0.066063
0.064578
0.064768
0.063461
0.062266
0.061646
0.061821
0.061993
0.062203
0.061436
0.059114
0.058461
0.058428
0.056090
0.052776
0.052926
0.052880
0.049920
0.044657
0.042598
0.044559
0.046735
0.048208
0.045819
0.046405
0.043818
0.039890
0.032248
0.031793
0.033237
0.035722
0.035603
0.038896
0.040367
0.039115
0.036155
0.035098
0.032921
0.029792
0.026431
0.026529
0.029816
0.030659
0.030414
0.033202
0.031420
0.029489
0.027183
0.028185
0.030922
0.033147
0.033897
0.038410
0.039508
0.039727
0.038447
0.033793
0.030607
0.029559
0.031432
0.029953
0.028142
0.025781
0.026234
0.023497
0.022122
0.021176
0.021937
0.021435
0.022100
0.020154
0.019765
0.020099
0.020645
0.021871
0.021977
0.020321
0.020039
0.018950
0.017102
0.016474
0.017387
0.018186
0.018948
0.019569
0.017868
0.019601
0.020138
0.018620
0.018454
0.019127
0.019955
0.021404
0.021532
0.020442
0.020372
0.020987
0.019872
0.022757
0.025281
0.026871
0.027200
0.026655
0.024996
0.024412
0.023983
0.023455
0.023553
0.023101
0.022805
0.020811
0.018417
0.017948
0.019300
0.019660
0.019503
0.019270
0.019597
0.019979
0.021051
0.024343
0.027171
0.027196
0.026921
0.024882
0.023038
0.020505
0.017184
0.020407
0.022272
0.022584
0.022662
0.020926
0.020505
0.021126
0.018502
0.016478
0.016286
0.020502
0.023463
0.026556
0.028858
0.031040
0.030486
0.028780
0.028490
0.029535
0.029146
0.028512
0.027430
0.025509
0.025365
0.025700
0.025918
0.024766
0.022537
0.019285
0.017374
0.016610
0.017521
0.017555
0.020893
0.023138
0.024389
0.023149
0.024048
0.024175
0.023684
0.020453
0.020197
0.019652
0.019127
0.017819
0.016712
0.015970
0.015514
0.010720
0.009859
0.009323
0.010207
0.011735
0.010969
0.011283
0.013227
0.013000
0.012243
0.012258
0.012206
0.012201
0.012546
0.012960
0.012924
0.012268
0.011404
0.009507
0.007981
0.007526
0.006269
0.006734
0.007492
0.008387
0.010791
0.013355
0.014924
0.015553
0.013678
0.014591
0.013958
0.013086
0.012530
0.012079
0.010911
0.009197
0.008411
0.009868
0.009993
0.010047
0.010203
0.012192
0.014105
0.015057
0.014943
0.014650
0.012221
0.011271
0.011569
0.011455
0.012458
0.013220
0.013151
0.012249
0.012753
0.012453
0.011942
0.012707
0.012466
0.010384
0.009422
0.010035
0.011605
0.011742
0.011379
0.010854
0.012340
0.011581
0.011193
0.011306
0.012079
0.012548
0.013058
0.012256
0.011705
0.011207
0.009818
0.008078
0.008320
0.006575
0.006091
0.006660
0.007407
0.008395
0.007933
0.006855
0.006825
0.007342
0.007802
0.008185
0.010294
0.012187
0.012864
0.012960
0.012619
0.012704
0.011265
0.010506
0.009914
0.009479
0.008600
0.008997
0.010600
0.011901
0.013190
0.012957
0.010877
0.008885
0.006967
0.005061
0.004573
0.005491
0.006429
0.007175
0.008538
0.010448
0.011195
0.011317
0.010623
0.011302
0.013373
0.015080
0.015706
0.015069
0.014888
0.015474
0.014686
0.012927
0.013619
0.012279
0.011171
0.010179
0.009392
0.011029
0.012101
0.011771
0.009535
0.007993
0.007366
0.007636
0.008745
0.006556
0.006596
0.007848
0.009070
0.010452
0.013289
0.015601
0.018693
0.018211
0.019510
0.019089
0.017274
0.016644
0.015128
0.012663
0.009352
0.007723
0.008005
0.008194
0.008803
0.008475
0.006420
0.008125
0.011745
0.013885
0.018196
0.023442
0.028781
0.035889
0.036373
0.038106
0.046704
0.053839
0.063438
0.072686
0.080515
0.088482
0.095682
0.094783
0.092864
0.089345
0.088762
0.085599
0.080084
0.072283
0.063649
0.054964
0.046028
0.037246
0.030178
0.024294
0.019807
0.016306
0.013790
0.011040
0.009013
0.007023
0.005073
0.004219
0.003333
0.004260
0.004345
0.004216
0.004241
0.003825
0.003286
0.003144
0.003161
0.003033
0.002609
0.002984
0.002644
0.002575
0.002872
0.003646
0.003665
0.003451
0.003238
0.003208
0.002419
0.001769
0.001698
0.001716
0.001704
0.001843
0.001952
0.001511
0.001465
0.001683
0.001934
0.002366
0.002975
0.003038
0.002785
0.003246
0.002795
0.002307
0.001703
0.001374
0.002088
0.002585
0.002654
0.002721
0.002461
0.002247
0.002030
0.001685
0.002081
0.002304
0.002211
0.001956
0.001521
0.001123
0.001332
0.001728
0.001270
0.001443
0.002128
0.002596
0.002808
0.002521
0.002229
0.002562
0.002201
0.002466
0.002321
0.002346
0.002542
0.002338
0.002603
0.002440
0.002102
0.002680
0.002985
0.003444
0.004031
0.004059
0.003390
0.002628
0.001765
0.001621
0.001323
0.001465
0.001485
0.001722
0.001485
0.001430
0.001401
0.001878
0.002480
0.002733
0.002722
0.002622
0.002607
0.003070
0.003228
0.002858
0.002608
0.002067
0.001661
0.001534
0.001708
0.001941
0.002152
0.002167
0.002513
0.002351
0.001589
0.000841
0.001107
0.001677
0.002226
0.002159
0.001976
0.001534
0.001797
0.001550
0.001784
0.001698
0.001907
0.001931
0.002015
0.001754
0.001487
0.001452
0.001548
0.001589
0.001134
0.001155
0.001626
0.001774
0.001459
0.001606
0.001612
0.001374
0.001755
0.001998
0.002277
0.002997
0.002651
0.002036
0.001594
0.001168
0.001318
0.001660
0.001850
0.002393
0.002502
0.002591
0.002491
0.002170
0.002231
0.001907
0.001587
0.001315
0.001453
0.001402
0.001682
0.001889
0.002591
0.002997
0.002827
0.002139
0.001733
0.001569
0.001381
0.001276
0.001258
0.001283
0.001339
0.001441
0.001392
0.001394
0.001509
0.001545
0.001315
0.001618
0.001377
0.001318
0.001392
0.001816
0.001856
0.001882
0.001704
0.001089
0.001177
0.001527
0.001898
0.001419
0.001388
0.001456
0.001312
0.001522
0.001774
0.001752
0.001511
0.001918
0.001718
0.001691
0.001867
0.002300
0.002428
0.002193
0.001970
0.001406
0.001166
0.001576
0.001985
0.002030
0.002057
0.001843
0.001603
0.001408
0.001486
0.001546
0.001534
0.001258
0.001298
0.001534
0.001531
0.001616
0.001941
0.002033
0.001980
0.001787
0.001509
0.001513
0.001480
0.001605
0.002019
0.001643
0.001663
0.001438
0.001301
0.001209
0.001253
0.001578
0.002003
0.002333
0.002119
0.002045
0.002185
0.002169
0.001827
0.001565
0.001585
0.001717
0.001994
0.002079
0.001859
0.002059
0.001773
0.001601
0.001614
0.001968
0.001917
0.001695
0.001131
0.000794
0.000889
0.001256
0.001452
0.001334
0.001224
0.001069
0.001116
0.001228
0.001185
0.001344
0.001660
0.001871
0.002391
0.002358
0.002221
0.002259
0.002210
0.002427
0.002241
0.001957
0.002018
0.001874
0.001853
0.001902
0.002090
0.001617
0.001123
0.000567
0.000705
0.000577
0.000929
0.001088
0.000768
0.001028
0.001574
0.002135
0.002640
0.002930
0.003016
0.002808
0.002144
0.002088
0.001864
0.001556
0.001502
0.001101
0.000860
0.001082
0.001515
0.001756
0.001741
0.001883
0.002217
0.002590
0.002052
0.001874
0.001952
0.002496
0.002038
0.001716
0.001671
0.001521
0.001262
0.001311
0.001377
0.001112
0.000989
0.000971
0.001142
0.001119
0.000991
0.001092
0.001098
0.001086
0.001200
0.001086
0.001067
0.001216
0.001159
0.001380
0.001317
0.001339
0.001644
0.002046
0.002140
0.002283
0.002130
0.002462
0.001877
0.001682
0.001759
0.001629
0.001478
0.001310
0.001106
0.001238
0.001143
0.001342
0.001685
0.002080
0.001842
0.001728
0.001836
0.001689
0.001521
0.001400
0.001275
0.001138
0.001116
0.001311
0.001252
0.001305
0.001273
0.001700
0.001977
0.002113
0.002147
0.001557
0.001192
0.001078
0.001386
0.001832
0.002123
0.001793
0.001989
0.001700
0.001446
0.001331
0.001744
0.001750
0.001829
0.002061
0.001876
0.001830
0.001681
0.001605
0.001376
0.001327
0.001576
0.001422
0.001306
0.001349
0.001341
0.001512
0.001636
0.001797
0.001819
0.001705
0.001648
0.001637
0.001433
0.001331
0.001432
0.001382
0.001608
0.001678
0.001464
0.001346
0.001376
0.001319
0.001545
0.001646
0.001432
0.001388
0.001328
0.001702
0.001197
0.001253
0.001309
0.000894
0.001025
0.001263
0.001658
0.001694
0.002066
0.001999
0.001627
0.001295
0.001343
0.001449
0.001360
0.001248
0.001549
0.001428
0.001642
0.001955
0.002633
0.001887
0.001580
0.001654
0.001675
0.001408
0.001543
0.001561
0.001637
0.001703
0.001483
0.001140
0.000836
0.000868
0.000853
0.000929
0.000910
0.000892
0.000967
0.000901
0.000906
0.001844
0.002190
0.002370
0.002355
0.002305
0.002168
0.001964
0.001776
0.001368
0.001349
0.001456
0.001681
0.001704
0.000965
0.000715
0.001014
0.001178
0.001451
0.001362
0.000966
0.001122
0.001628
0.001881
0.001967
0.002015
0.002293
0.001636
0.001128
0.001012
0.000928
0.000816
0.000909
0.001223
0.001318
0.001219
0.001282
0.001470
0.001948
0.002169
0.002247
0.002199
0.002291
0.001773
0.001283
0.000978
0.001090
0.001029
0.000816
0.000607
0.000827
0.001201
0.001397
0.001314
0.001607
0.001535
0.001940
0.002007
0.001694
0.001832
0.001666
0.001378
0.000802
0.000690
0.000703
0.000899
0.001190
0.001422
0.001226
0.001026
0.000970
0.001054
0.001040
0.001098
0.001135
0.000944
0.001129
0.001433
0.001619
0.001832
0.001776
0.001481
0.001184
0.001211
0.001375
0.001567
0.001660
0.001495
0.001523
0.001598
0.001471
0.000988
0.001116
0.001076
0.001117
0.001079
0.001168
0.000895
0.000698
0.000778
0.000759
0.000989
0.001109
0.001004
0.001072
0.001010
0.001102
0.001229
0.001346
0.001144
0.000862
0.000777
0.001118
0.001548
0.001362
0.001285
0.001412
0.001307
0.001665
0.001853
0.001714
0.001470
0.001439
0.001402
0.001139
0.001068
0.001046
0.001010
0.000876
0.001074
0.001067
0.000987
0.000915
0.000987
0.001052
0.000969
0.001008
0.001065
0.001038
0.001024
0.001094
0.001216
0.001105
0.001124
0.001263
0.001452
0.001261
0.001340
0.001321
0.001314
0.001286
0.001110
0.001134
0.001377
0.001758
0.001679
0.001576
0.001347
0.001334
0.001371
0.001327
0.001173
0.001040
0.001004
0.001044
0.000970
0.000829
0.000779
0.000759
0.000820
0.001073
0.001236
0.001233
0.001239
0.001038
0.000953
0.000914
0.000858
0.000834
0.000697
0.000652
0.000660
0.000637
0.000744
0.000905
0.000995
0.000810
0.000819
0.000639
0.000528
0.000644
0.000676
0.000817
0.000997
0.000996
0.000853
0.000895
0.000847
0.000980
0.001248
0.001318
0.001231
0.001218
0.001132
0.000997
0.001077
0.001036
0.000862
0.000672
0.000669
0.000752
0.000953
0.000992
0.000952
0.000978
0.001175
0.001204
0.001406
0.001524
0.001572
0.001644
0.001231
0.001086
0.001174
0.000938
0.001052
0.000963
0.001022
0.001061
0.001097
0.000961
0.000856
0.000859
0.000909
0.000901
0.000962
0.001108
0.001054
0.000872
0.001037
0.001327
0.001549
0.001260
0.001050
0.000968
0.000925
0.001012
0.000877
0.000899
0.001055
0.000819
0.000778
0.000750
0.000950
0.001177
0.001138
0.000899
0.000647
0.000678
0.000790
0.000891
0.000994
0.001007
0.000955
0.000968
0.001007
0.001207
0.001125
0.001051
0.000884
0.000891
0.000920
0.000942
0.001014
0.000800
0.000586
0.000650
0.000664
0.000628
0.000699
0.000866
0.000885
0.000767
0.000930
0.001065
0.001222
0.001305
0.001406
0.000999
0.000845
0.001038
0.001209
0.001161
0.001043
0.001026
0.001133
0.001024
0.000950
0.001307
0.001549
0.001895
0.002047
0.002197
0.002483
0.002280
0.002015
0.002152
0.002317
0.002162
0.001928
0.001675
0.001762
0.001691
0.001604
0.001321
0.001060
0.001313
0.001270
0.001184
0.000863
0.000783
0.000763
0.000931
0.001032
0.000668
0.000712
0.000718
0.000702
0.000940
0.001083
0.001093
0.000969
0.000932
0.000924
0.000810
0.000679
0.000693
0.000677
0.000677
0.000519
0.000552
0.000694
0.000706
0.000711
0.000721
0.000903
0.001072
0.001071
0.000939
0.000916
0.000791
0.000695
0.000694
0.000889
0.000785
0.000760
0.000830
0.001013
0.000834
0.000674
0.000807
0.000911
0.000855
0.000855
0.000879
0.000884
0.000897
0.000755
0.000837
0.001095
0.001165
0.001125
0.000914
0.000446
0.000383
0.000381
0.000426
0.000675
0.000931
0.000868
0.000801
0.000821
0.000678
0.000609
0.000562
0.000679
0.000760
0.000830
0.000792
0.000728
0.000787
0.000739
0.000624
0.000578
0.000521
0.000476
0.000542
0.000569
0.000554
0.000591
0.000496
0.000643
0.000781
0.000901
0.000830
0.000730
0.000615
0.000667
0.000820
0.000849
0.000691
0.000697
0.000621
0.000625
0.000672
0.000728
0.000617
0.000587
0.000606
0.000822
0.000821
0.000877
0.000987
0.000785
0.000736
0.000655
0.000486
0.000394
0.000687
0.001014
0.001134
0.001197
0.001375
0.001237
0.000907
0.000742
0.000747
0.000733
0.000881
0.000857
0.000633
0.000886
0.001062
0.001158
0.001493
0.001448
0.001176
0.000890
0.001074
0.001338
0.001348
0.001156
0.001000
0.001004
0.000903
0.000867
0.000882
0.000934
0.000670
0.000545
0.000536
0.000696
0.000790
0.000960
0.001116
0.000877
0.000558
0.000453
0.000457
0.000558
0.000471
0.000447
0.000475
0.000491
0.000544
0.000479
0.000305
0.000289
0.000405
0.000458
0.000536
0.000588
0.000444
0.000499
0.000717
0.000907
0.000935
0.000792
0.000582
0.000542
0.000655
0.000710
0.000661
0.000595
0.000599
0.000555
0.000582
0.000563
0.000465
0.000603
0.000616
0.000618
0.000705
0.000860
0.000856
0.000740
0.000670
0.000608
0.000511
0.000432
0.000530
0.000531
0.000547
0.000572
0.000598
0.000621
0.000421
0.000387
0.000390
0.000577
0.000534
0.000476
0.000490
0.000522
0.000388
0.000414
0.000475
0.000638
0.000726
0.000764
0.000545
0.000516
0.000512
0.000550
0.000515
0.000701
0.000902
0.000871
0.000710
0.000535
0.000498
0.000378
0.000500
0.000610
0.000716
0.000751
0.000701
0.000632
0.000590
0.000599
0.000626
0.000609
0.000658
0.000633
0.000717
0.000870
0.001000
0.001030
0.000950
0.000795
0.000534
0.000621
0.000646
0.000517
0.000494
0.000601
0.000701
0.000657
0.000746
0.000617
0.000496
0.000423
0.000442
0.000732
0.000762
0.000792
0.000766
0.000830
0.000857
0.000695
0.000535
0.000492
0.000507
0.000572
0.000627
0.000681
0.000678
0.000601
0.000560
0.000575
0.000592
0.000638
0.000742
0.000815
0.000704
0.000654
0.000776
0.000954
0.000985
0.000897
0.000726
0.000474
0.000317
0.000256
0.000279
0.000469
0.000433
0.000458
0.000648
0.000876
0.001018
0.000867
0.000805
0.000865
0.000894
0.000855
0.000714
0.000730
0.000734
0.000668
0.000601
0.000606
0.000667
0.000758
0.000630
0.000746
0.000778
0.000565
0.000601
0.000558
0.000476
0.000287
0.000410
0.000593
0.000714
0.000627
0.000778
0.000812
0.000717
0.000687
0.000525
0.000498
0.000599
0.000846
0.000817
0.000950
0.000950
0.000965
0.000829
0.000726
0.000658
0.000738
0.000814
0.000886
0.000859
0.000763
0.000786
0.000787
0.000783
0.000724
0.000805
0.000528
0.000435
0.000456
0.000567
0.000491
0.000487
0.000417
0.000292
0.000220
0.000342
0.000530
0.000655
0.000552
0.000395
0.000435
0.000574
0.000458
0.000521
0.000601
0.000693
0.000860
0.000812
0.000775
0.000682
0.000829
0.000633
0.000539
0.000530
0.000599
0.000692
0.000847
0.000912
0.000949
0.001049
0.001114
0.001085
0.000786
0.000520
0.000428
0.000446
0.000405
0.000531
0.000574
0.000631
0.000556
0.000478
0.000603
0.000629
0.000792
0.000805
0.000746
0.000705
0.000642
0.000583
0.000686
0.000703
0.000639
0.000529
0.000505
0.000518
0.000540
0.000487
0.000411
0.000430
0.000374
0.000332
0.000346
0.000382
0.000422
0.000519
0.000444
0.000384
0.000330
0.000361
0.000458
0.000523
0.000549
0.000539
0.000546
0.000558
0.000599
0.000675
0.000779
0.000742
0.000715
0.000727
0.000610
0.000393
0.000254
0.000260
0.000301
0.000351
0.000460
0.000574
0.000526
0.000614
0.000622
0.000594
0.000555
0.000628
0.000695
0.000590
0.000727
0.000774
0.000808
0.000800
0.000711
0.000668
0.000383
0.000349
0.000535
0.000526
0.000507
0.000463
0.000380
0.000382
0.000405
0.000433
0.000487
0.000492
0.000420
0.000320
0.000329
0.000297
0.000500
0.000688
0.000829
0.000612
0.000629
0.000513
0.000441
0.000609
0.000722
0.000713
0.000751
0.000777
0.000684
0.000648
0.000561
0.000530
0.000611
0.000723
0.000733
0.000545
0.000647
0.000712
0.000672
0.000649
0.000690
0.000629
0.000626
0.000571
0.000494
0.000431
0.000352
0.000305
0.000473
0.000439
0.000388
0.000369
0.000418
0.000424
0.000452
0.000406
0.000483
0.000563
0.000577
0.000601
0.000584
0.000517
0.000336
0.000200
0.000162
0.000215
0.000211
0.000313
0.000437
0.000320
0.000309
0.000366
0.000388
0.000463
0.000468
0.000579
0.000746
0.000674
0.000741
0.000767
0.000830
0.000891
0.000840
0.000734
0.000554
0.000464
0.000435
0.000522
0.000508
0.000331
0.000374
0.000335
0.000422
0.000515
0.000533
0.000508
0.000600
0.000600
0.000775
0.000638
0.000556
0.000508
0.000401
0.000370
0.000400
0.000421
0.000350
0.000419
0.000410
0.000423
0.000451
0.000619
0.000832
0.000921
0.000901
0.000940
0.000871
0.000749
0.000668
0.000690
0.000696
0.000681
0.000643
0.000663
0.000782
0.000754
0.000543
0.000576
0.000474
0.000408
0.000446
0.000594
0.000685
0.000774
0.000766
0.000435
0.000594
0.000847
0.001016
0.000973
0.000912
0.000739
0.000585
0.000562
0.000453
0.000369
0.000392
0.000403
0.000452
0.000515
0.000552
0.000420
0.000334
0.000421
0.000561
0.000545
0.000574
0.000600
0.000668
0.000755
0.000809
0.000684
0.000524
0.000294
0.000303
0.000279
0.000397
0.000533
0.000520
0.000616
0.000605
0.000574
0.000528
0.000501
0.000621
0.000621
0.000580
0.000803
0.000670
0.000536
0.000493
0.000452
0.000431
0.000492
0.000572
0.000636
0.000544
0.000437
0.000364
0.000399
0.000371
0.000480
0.000573
0.000662
0.000605
0.000692
0.000790
0.000558
0.000658
0.000610
0.000734
0.000927
0.000907
0.000569
0.000531
0.000696
0.000913
0.001019
0.000831
0.000347
0.000367
0.000357
0.000418
0.000575
0.000679
0.000500
0.000425
0.000494
0.000357
0.000375
0.000473
0.000580
0.000577
0.000640
0.000630
0.000548
0.000609
0.000815
0.000861
0.000795
0.000608
0.000514
0.000439
0.000400
0.000401
0.000493
0.000526
0.000550
0.000496
0.000430
0.000431
0.000442
0.000454
0.000539
0.000599
0.000568
0.000482
0.000482
0.000526
0.000485
0.000401
0.000521
0.000580
0.000462
0.000453
0.000546
0.000640
0.000710
0.000782
0.000779
0.000585
0.000527
0.000416
0.000359
0.000378
0.000431
0.000431
0.000436
0.000388
0.000472
0.000471
0.000475
0.000455
0.000440
0.000400
0.000337
0.000346
0.000567
0.000623
0.000590
0.000679
0.000633
0.000593
0.000566
0.000638
0.000375
0.000390
0.000366
0.000502
0.000637
0.000799
0.000977
0.001138
0.001047
0.000926
0.000952
0.000947
0.000870
0.000811
0.000627
0.000417
0.000386
0.000277
0.000307
0.000391
0.000377
0.000535
0.000592
0.000595
0.000686
0.000719
0.000628
0.000533
0.000469
0.000509
0.000457
0.000476
0.000559
0.000532
0.000404
0.000331
0.000347
0.000272
0.000338
0.000440
0.000536
0.000553
0.000460
0.000484
0.000605
0.000590
0.000437
0.000361
0.000471
0.000586
0.000631
0.000662
0.000613
0.000521
0.000584
0.000716
0.000904
0.001040
0.001057
0.001072
0.000972
0.000742
0.000358
0.000185
0.000262
0.000423
0.000664
0.000617
0.000519
0.000449
0.000604
0.000688
0.000751
0.000749
0.000543
0.000435
0.000459
0.000546
0.000660
0.000578
0.000516
0.000482
0.000595
0.000747
0.000674
0.000662
0.000542
0.000527
0.000422
0.000427
0.000511
0.000404
0.000479
0.000649
0.000867
0.000996
0.001067
0.000979
0.000795
0.000790
0.000563
0.000549
0.000531
0.000564
0.000682
0.000727
0.000600
0.000566
0.000512
0.000480
0.000542
0.000648
0.000714
0.000731
0.000731
0.000759
0.000604
0.000477
0.000371
0.000342
0.000363
0.000358
0.000324
0.000346
0.000400
0.000589
0.000651
0.000562
0.000491
0.000506
0.000524
0.000498
0.000430
0.000430
0.000523
0.000718
0.000961
0.000924
0.000786
0.000631
0.000653
0.000602
0.000663
0.000612
0.000391
0.000518
0.000606
0.000653
0.000623
0.000569
0.000515
0.000525
0.000576
0.000547
0.000536
0.000563
0.000637
0.000465
0.000307
0.000288
0.000381
0.000509
0.000656
0.000586
0.000495
0.000435
0.000327
0.000243
0.000224
0.000347
0.000356
0.000479
0.000608
0.000717
0.000792
0.000697
0.000675
0.000723
0.000533
0.000321
0.000361
0.000545
0.000479
0.000715
0.000897
0.001051
0.001113
0.000865
0.000707
0.000624
0.000402
0.000448
0.000607
0.000727
0.000846
0.000609
0.000487
0.000453
0.000465
0.000483
0.000424
0.000403
0.000358
0.000341
0.000311
0.000324
0.000389
0.000422
0.000475
0.000530
0.000476
0.000488
0.000399
0.000292
0.000221
0.000181
0.000206
0.000297
0.000340
0.000504
0.000509
0.000436
0.000383
0.000464
0.000556
0.000688
0.000592
0.000500
0.000527
0.000467
0.000399
0.000407
0.000618
0.000711
0.000822
0.000968
0.000938
0.000752
0.000580
0.000444
0.000403
0.000367
0.000356
0.000346
0.000297
0.000365
0.000447
0.000533
0.000525
0.000579
0.000584
0.000450
0.000485
0.000351
0.000325
0.000342
0.000400
0.000421
0.000374
0.000389
0.000443
0.000493
0.000489
0.000505
0.000568
0.000444
0.000484
0.000497
0.000494
0.000454
0.000567
0.000623
0.000608
0.000508
0.000438
0.000452
0.000602
0.000758
0.000665
0.000681
0.000735
0.000799
0.000692
0.000543
0.000352
0.000386
0.000336
0.000473
0.000548
0.000592
0.000624
0.000609
0.000605
0.000675
0.000565
0.000485
0.000480
0.000531
0.000480
0.000393
0.000324
0.000254
0.000402
0.000607
0.000730
0.000669
0.000682
0.000666
0.000628
0.000471
0.000434
0.000480
0.000523
0.000568
0.000655
0.000679
0.000609
0.000513
0.000447
0.000409
0.000402
0.000395
0.000397
0.000422
0.000404
0.000387
0.000385
0.000444
0.000451
0.000437
0.000431
0.000473
0.000560
0.000642
0.000729
0.000586
0.000544
0.000491
0.000373
0.000366
0.000301
0.000359
0.000383
0.000399
0.000363
0.000300
0.000296
0.000256
0.000315
0.000291
0.000321
0.000374
0.000381
0.000454
0.000512
0.000474
0.000463
0.000406
0.000490
0.000582
0.000558
0.000601
0.000513
0.000562
0.000529
0.000541
0.000578
0.000589
0.000730
0.000648
0.000342
0.000487
0.000772
0.000894
0.001055
0.001036
0.000864
0.000698
0.000531
0.000492
0.000542
0.000541
0.000640
0.000750
0.000721
0.000480
0.000547
0.000588
0.000581
0.000579
0.000510
0.000434
0.000246
0.000237
0.000327
0.000316
0.000426
0.000473
0.000528
0.000574
0.000623
0.000589
0.000663
0.000603
0.000580
0.000512
0.000596
0.000711
0.000814
0.000927
0.000880
0.000758
0.000729
0.000781
0.000808
0.000941
0.000876
0.000632
0.000535
0.000474
0.000524
0.000522
0.000462
0.000455
0.000565
0.000760
0.000798
0.000918
0.000786
0.000681
0.000546
0.000469
0.000505
0.000468
0.000372
0.000352
0.000398
0.000464
0.000492
0.000511
0.000395
0.000419
0.000536
0.000540
0.000660
0.000701
0.000624
0.000695
0.000684
0.000788
0.000733
0.000757
0.000580
0.000455
0.000449
0.000604
0.000618
0.000411
0.000338
0.000307
0.000290
0.000425
0.000575
0.000620
0.000598
0.000474
0.000333
0.000291
0.000390
0.000545
0.000548
0.000376
0.000457
0.000433
0.000407
0.000407
0.000374
0.000392
0.000403
0.000466
0.000503
0.000476
0.000476
0.000507
0.000556
0.000441
0.000307
0.000239
0.000301
0.000372
0.000477
0.000491
0.000403
0.000355
0.000272
0.000290
0.000388
0.000462
0.000454
0.000492
0.000450
0.000572
0.000465
0.000471
0.000463
0.000512
0.000477
0.000423
0.000357
0.000332
0.000382
0.000469
0.000590
0.000627
0.000605
0.000539
0.000511
0.000505
0.000357
0.000373
0.000425
0.000515
0.000622
0.000592
0.000571
0.000525
0.000513
0.000573
0.000499
0.000261
0.000316
0.000249
0.000221
0.000295
0.000323
0.000433
0.000444
0.000425
0.000223
0.000261
0.000310
0.000419
0.000585
0.000721
0.000692
0.000606
0.000535
0.000415
0.000333
0.000268
0.000207
0.000273
0.000352
0.000444
0.000508
0.000610
0.000495
0.000406
0.000322
0.000427
0.000447
0.000377
0.000304
0.000404
0.000507
0.000569
0.000554
0.000562
0.000664
0.000654
0.000572
0.000442
0.000400
0.000313
0.000289
0.000326
0.000370
0.000498
0.000476
0.000405
0.000427
0.000334
0.000396
0.000550
0.000595
0.000576
0.000592
0.000580
0.000645
0.000777
0.000818
0.000765
0.000802
0.000731
0.000671
0.000647
0.000489
0.000400
0.000390
0.000404
0.000481
0.000553
0.000672
0.000656
0.000569
0.000642
0.000532
0.000466
0.000401
0.000539
0.000461
0.000452
0.000506
0.000368
0.000326
0.000316
0.000368
0.000409
0.000563
0.000718
0.000833
0.000823
0.000779
0.000697
0.000542
0.000509
0.000538
0.000514
0.000455
0.000328
0.000351
0.000480
0.000627
0.000712
0.000765
0.000825
0.000791
0.000701
0.000662
0.000568
0.000465
0.000374
0.000397
0.000498
0.000480
0.000354
0.000290
0.000369
0.000527
0.000670
0.000799
0.000603
0.000472
0.000428
0.000462
0.000505
0.000503
0.000499
0.000511
0.000417
0.000438
0.000520
0.000600
0.000551
0.000584
0.000512
0.000341
0.000434
0.000644
0.000777
0.000852
0.000969
0.000769
0.000577
0.000453
0.000305
0.000250
0.000304
0.000392
0.000408
0.000438
0.000458
0.000423
0.000459
0.000415
0.000402
0.000491
0.000644
0.000724
0.000775
0.000705
0.000532
0.000508
0.000537
0.000590
0.000651
0.000610
0.000587
0.000588
0.000639
0.000529
0.000452
0.000410
0.000525
0.000574
0.000538
0.000451
0.000419
0.000373
0.000327
0.000420
0.000561
0.000617
0.000585
0.000567
0.000528
0.000482
0.000344
0.000292
0.000331
0.000414
0.000406
0.000488
0.000474
0.000416
0.000540
0.000563
0.000571
0.000608
0.000460
0.000474
0.000428
0.000420
0.000458
0.000462
0.000416
0.000440
0.000516
0.000560
0.000621
0.000629
0.000686
0.000745
0.000495
0.000392
0.000364
0.000356
0.000253
0.000286
0.000386
0.000406
0.000383
0.000340
0.000312
0.000325
0.000263
0.000293
0.000362
0.000526
0.000536
0.000426
0.000312
0.000398
0.000470
0.000563
0.000608
0.000797
0.000967
0.000998
0.000947
0.000845
0.000832
0.000764
0.000757
0.000854
0.000720
0.000586
0.000505
0.000479
0.000540
0.000580
0.000567
0.000518
0.000503
0.000504
0.000463
0.000428
0.000515
0.000644
0.000735
0.000741
0.000745
0.000613
0.000583
0.000608
0.000610
0.000578
0.000655
0.000637
0.000578
0.000538
0.000402
0.000359
0.000458
0.000613
0.000734
0.000770
0.000678
0.000704
0.000571
0.000465
0.000341
0.000410
0.000537
0.000520
0.000407
0.000259
0.000385
0.000598
0.000846
0.001023
0.000960
0.000799
0.000673
0.000538
0.000488
0.000386
0.000466
0.000661
0.000830
0.000708
0.000560
0.000512
0.000595
0.000624
0.000602
0.000536
0.000365
0.000300
0.000239
0.000351
0.000395
0.000537
0.000643
0.000638
0.000937
0.000951
0.000957
0.001006
0.000851
0.000824
0.000697
0.000475
0.000481
0.000522
0.000614
0.000714
0.000748
0.000837
0.000836
0.000738
0.000589
0.000514
0.000331
0.000304
0.000382
0.000371
0.000397
0.000395
0.000377
0.000362
0.000395
0.000451
0.000498
0.000534
0.000566
0.000593
0.000517
0.000516
0.000483
0.000409
0.000495
0.000556
0.000743
0.000683
0.000603
0.000423
0.000413
0.000282
0.000270
0.000288
0.000324
0.000392
0.000480
0.000549
0.000561
0.000612
0.000537
0.000417
0.000469
0.000412
0.000353
0.000379
0.000546
0.000511
0.000607
0.000731
0.000726
0.000552
0.000547
0.000572
0.000611
0.000620
0.000422
0.000300
0.000372
0.000245
0.000337
0.000441
0.000514
0.000516
0.000357
0.000358
0.000383
0.000369
0.000312
0.000329
0.000387
0.000566
0.000659
0.000666
0.000528
0.000467
0.000504
0.000603
0.000642
0.000639
0.000590
0.000415
0.000180
0.000301
0.000324
0.000264
0.000305
0.000385
0.000418
0.000433
0.000458
0.000509
0.000509
0.000497
0.000512
0.000559
0.000737
0.000932
0.000823
0.000383
0.000360
0.000364
0.000396
0.000456
0.000506
0.000397
0.000312
0.000255
0.000224
0.000334
0.000520
0.000682
0.000679
0.000657
0.000696
0.000649
0.000553
0.000603
0.000630
0.000544
0.000462
0.000661
0.000562
0.000538
0.000631
0.000627
0.000556
0.000457
0.000334
0.000407
0.000491
0.000590
0.000639
0.000827
0.000748
0.000585
0.000446
0.000361
0.000425
0.000493
0.000469
0.000476
0.000399
0.000378
0.000506
0.000645
0.000768
0.000869
0.000857
0.000689
0.000697
0.000568
0.000498
0.000513
0.000507
0.000436
0.000408
0.000407
0.000396
0.000384
0.000376
0.000341
0.000324
0.000275
0.000318
0.000414
0.000486
0.000477
0.000401
0.000394
0.000618
0.000829
0.000854
0.000881
0.000950
0.000902
0.000647
0.000622
0.000663
0.000441
0.000343
0.000372
0.000437
0.000576
0.000483
0.000470
0.000456
0.000458
0.000633
0.000677
0.000639
0.000456
0.000417
0.000410
0.000433
0.000499
0.000431
0.000457
0.000423
0.000452
0.000523
0.000446
0.000482
0.000584
0.000387
0.000358
0.000326
0.000270
0.000333
0.000482
0.000628
0.000659
0.000625
0.000635
0.000500
0.000306
0.000466
0.000593
0.000718
0.000695
0.000769
0.000752
0.000681
0.000636
0.000608
0.000648
0.000535
0.000411
0.000346
0.000346
0.000303
0.000385
0.000501
0.000503
0.000467
0.000385
0.000313
0.000302
0.000328
0.000312
0.000293
0.000229
0.000282
0.000427
0.000581
0.000796
0.000716
0.000718
0.000735
0.000812
0.000584
0.000440
0.000407
0.000400
0.000399
0.000256
0.000295
0.000428
0.000544
0.000602
0.000641
0.000745
0.000613
0.000624
0.000619
0.000580
0.000640
0.000545
0.000520
0.000504
0.000582
0.000587
0.000607
0.000654
0.000764
0.000727
0.000724
0.000658
0.000707
0.000500
0.000300
0.000266
0.000370
0.000393
0.000422
0.000494
0.000488
0.000606
0.000540
0.000484
0.000413
0.000317
0.000338
0.000398
0.000427
0.000539
0.000466
0.000399
0.000389
0.000435
0.000383
0.000313
0.000364
0.000512
0.000563
0.000534
0.000377
0.000370
0.000461
0.000525
0.000486
0.000461
0.000523
0.000394
0.000375
0.000325
0.000315
0.000277
0.000300
0.000423
0.000405
0.000515
0.000586
0.000684
0.000549
0.000420
0.000357
0.000287
0.000420
0.000558
0.000663
0.000648
0.000685
0.000534
0.000427
0.000402
0.000495
0.000564
0.000531
0.000479
0.000460
0.000472
0.000390
0.000357
0.000423
0.000509
0.000423
0.000414
0.000461
0.000467
0.000329
0.000268
0.000320
0.000503
0.000618
0.000674
0.000653
0.000647
0.000766
0.000711
0.000545
0.000585
0.000598
0.000555
0.000513
0.000537
0.000493
0.000435
0.000362
0.000359
0.000383
0.000547
0.000648
0.000678
0.000589
0.000589
0.000660
0.000811
0.001035
0.001006
0.000933
0.000829
0.000920
0.000691
0.000476
0.000392
0.000505
0.000555
0.000561
0.000563
0.000534
0.000513
0.000488
0.000375
0.000369
0.000474
0.000560
0.000500
0.000476
0.000450
0.000391
0.000336
0.000316
0.000407
0.000463
0.000469
0.000404
0.000477
0.000346
0.000438
0.000579
0.000645
0.000719
0.000717
0.000691
0.000660
0.000592
0.000485
0.000314
0.000251
0.000235
0.000253
0.000313
0.000372
0.000437
0.000481
0.000509
0.000512
0.000569
0.000559
0.000590
0.000599
0.000503
0.000463
0.000637
0.000853
0.000974
0.000910
0.000893
0.000981
0.000949
0.000960
0.000866
0.000681
0.000622
0.000332
0.000350
0.000333
0.000301
0.000257
0.000355
0.000498
0.000588
0.000848
0.000756
0.000775
0.000837
0.000751
0.000735
0.000650
0.000581
0.000463
0.000509
0.000532
0.000483
0.000447
0.000428
0.000426
0.000428
0.000449
0.000514
0.000500
0.000406
0.000317
0.000409
0.000462
0.000536
0.000734
0.000844
0.000883
0.000858
0.000924
0.000986
0.001010
0.000865
0.000484
0.000463
0.000434
0.000444
0.000485
0.000480
0.000362
0.000384
0.000418
0.000397
0.000357
0.000381
0.000512
0.000569
0.000529
0.000439
0.000358
0.000322
0.000373
0.000424
0.000529
0.000600
0.000798
0.000864
0.000709
0.000549
0.000505
0.000522
0.000576
0.000837
0.001098
0.001126
0.001166
0.001151
0.001099
0.000925
0.000761
0.000645
0.000542
0.000439
0.000448
0.000486
0.000428
0.000371
0.000467
0.000639
0.000792
0.000796
0.000753
0.000761
0.000483
0.000420
0.000379
0.000406
0.000443
0.000562
0.000599
0.000626
0.000609
0.000540
0.000431
0.000353
0.000338
0.000324
0.000396
0.000347
0.000162
0.000209
0.000235
0.000355
0.000502
0.000585
0.000557
0.000585
0.000673
0.000593
0.000642
0.000571
0.000526
0.000612
0.000459
0.000452
0.000485
0.000389
0.000402
0.000363
0.000433
0.000492
0.000463
0.000382
0.000437
0.000568
0.000668
0.000598
0.000515
0.000473
0.000609
0.000689
0.000731
0.000730
0.000825
0.000736
0.000613
0.000527
0.000465
0.000496
0.000562
0.000583
0.000646
0.000499
0.000411
0.000338
0.000408
0.000499
0.000551
0.000528
0.000440
0.000351
0.000311
0.000289
0.000337
0.000336
0.000464
0.000519
0.000550
0.000582
0.000410
0.000297
0.000250
0.000345
0.000349
0.000471
0.000680
0.000594
0.000651
0.000729
0.000856
0.000987
0.000797
0.000698
0.000574
0.000389
0.000499
0.000521
0.000526
0.000513
0.000622
0.000468
0.000402
0.000398
0.000395
0.000354
0.000378
0.000407
0.000396
0.000373
0.000364
0.000383
0.000362
0.000368
0.000353
0.000328
0.000419
0.000533
0.000600
0.000479
0.000397
0.000397
0.000359
0.000429
0.000548
0.000600
0.000552
0.000545
0.000566
0.000652
0.000692
0.000682
0.000656
0.000506
0.000545
0.000533
0.000431
0.000432
0.000419
0.000435
0.000524
0.000700
0.000670
0.000657
0.000592
0.000655
0.000684
0.000697
0.000633
0.000736
0.000801
0.000727
0.000645
0.000561
0.000492
0.000688
0.000724
0.000768
0.000651
0.000460
0.000485
0.000580
0.000589
0.000569
0.000503
0.000415
0.000505
0.000466
0.000461
0.000554
0.000641
0.000725
0.000841
0.000954
0.001205
0.000978
0.000948
0.000980
0.000733
0.000618
0.000511
0.000487
0.000556
0.000578
0.000474
0.000423
0.000451
0.000494
0.000596
0.000630
0.000475
0.000365
0.000328
0.000298
0.000333
0.000424
0.000399
0.000413
0.000380
0.000282
0.000427
0.000579
0.000721
0.000694
0.000706
0.000720
0.000719
0.000525
0.000462
0.000494
0.000597
0.000674
0.000701
0.000683
0.000613
0.000511
0.000381
0.000386
0.000446
0.000536
0.000620
0.000623
0.000553
0.000416
0.000484
0.000327
0.000383
0.000590
0.000539
0.000616
0.000703
0.000709
0.000716
0.000595
0.000524
0.000473
0.000673
0.000841
0.000869
0.000974
0.001026
0.000894
0.000688
0.000602
0.000609
0.000574
0.000463
0.000361
0.000350
0.000364
0.000515
0.000673
0.000740
0.000600
0.000617
0.000600
0.000523
0.000431
0.000506
0.000545
0.000487
0.000434
0.000461
0.000527
0.000644
0.000705
0.000809
0.000799
0.000846
0.000863
0.000798
0.000686
0.000610
0.000512
0.000557
0.000637
0.000636
0.000438
0.000371
0.000411
0.000521
0.000561
0.000805
0.000704
0.000563
0.000392
0.000365
0.000391
0.000544
0.000745
0.000913
0.000867
0.000766
0.000609
0.000604
0.000607
0.000499
0.000445
0.000362
0.000297
0.000286
0.000259
0.000284
0.000258
0.000321
0.000366
0.000409
0.000472
0.000418
0.000423
0.000411
0.000444
0.000412
0.000378
0.000422
0.000485
0.000511
0.000544
0.000519
0.000545
0.000527
0.000541
0.000457
0.000502
0.000421
0.000480
0.000506
0.000600
0.000629
0.000574
0.000547
0.000446
0.000424
0.000424
0.000426
0.000576
0.000635
0.000627
0.000666
0.000737
0.000869
0.000588
0.000517
0.000585
0.000575
0.000693
0.000675
0.000588
0.000447
0.000543
0.000704
0.000981
0.001258
0.001067
0.001006
0.000930
0.000869
0.000789
0.000530
0.000407
0.000372
0.000201
0.000122
0.000074
0.000045
0.000026
0.000016
0.000017
0.000012
0.000012
0.000010
0.000007
0.000006
0.000004
0.000002
0.000002
0.000001
0.000001
0.000001
0.000001
0.000001
0.000001
0.000001
0.000001
0.000001
0.000001
0.000001
0.000001
0.000001
0.000001
0.000001
0.000001
0.000001
0.000001
0.000001
0.000001
0.000001
0.000001
0.000001
0.000001
0.000001
0.000001
0.000001
0.000001
0.000001
0.000001
0.000001
0.000001
0.000001
0.000001
0.000001
0.000001
0.000001
0.000001
0.000001
0.000001
0.000001
0.000001
0.000001
0.000001
0.000001
0.000001
0.000001
0.000001
0.000001
0.000001
0.000001
0.000001
0.000001
0.000001
0.000001
0.000001
0.000001
0.000001
0.000001
0.000001
0.000001
0.000001
0.000001
0.000001
0.000001
0.000001
0.000001
0.000001
0.000001
0.000001
0.000001
0.000001
0.000001
0.000001
0.000001
0.000001
0.000001
0.000001
0.000001
0.000001
0.000001
0.000001
0.000001
0.000001
0.000001
0.000001
0.000001
0.000001
0.000001
0.000001
0.000001
0.000001
0.000001
0.000001
0.000001
0.000001
0.000001
0.000001
0.000001
0.000001
0.000001
0.000001
0.000001
0.000001
0.000001
0.000001
0.000001
0.000001
0.000001
0.000001
0.000001
0.000001
0.000001
0.000001
0.000001
0.000001
0.000001
0.000001
0.000001
0.000001
0.000001
0.000001
0.000001
0.000001
0.000001
0.000001
0.000001
0.000001
0.000001
0.000001
