0.026119
0.008075
0.013843
0.011057
0.011695
0.011386
0.011605
0.011899
0.012428
0.012929
0.013303
0.013718
0.014860
0.015134
0.015310
0.015274
0.015097
0.015014
0.015199
0.015601
0.015274
0.015335
0.015466
0.015813
0.016214
0.016590
0.017219
0.018086
0.019294
0.020402
0.021482
0.022451
0.023222
0.024053
0.025015
0.026736
0.028964
0.032112
0.035865
0.040219
0.044877
0.050393
0.057355
0.066312
0.077062
0.089137
0.103520
0.120729
0.140644
0.163026
0.188765
0.218962
0.251743
0.285994
0.321882
0.361719
0.404553
0.447522
0.488884
0.530084
0.572898
0.616215
0.658749
0.701627
0.746183
0.790917
0.832785
0.871994
0.909486
0.944271
0.972233
0.992919
1.006353
1.014815
1.018417
1.019375
1.020156
1.021448
1.023752
1.025528
1.026574
1.026647
1.025171
1.022867
1.019510
1.017136
1.015433
1.014297
1.013225
1.012534
1.012866
1.013318
1.014623
1.016866
1.021466
1.027321
1.034815
1.043714
1.055440
1.068886
1.083234
1.096443
1.108563
1.119013
1.129847
1.141312
1.154452
1.166845
1.179687
1.192685
1.207538
1.221087
1.233633
1.244768
1.257048
1.269315
1.281883
1.293514
1.304893
1.313665
1.320537
1.325489
1.330475
1.334716
1.337516
1.340158
1.343231
1.347713
1.351664
1.355551
1.359071
1.361362
1.361651
1.361496
1.363455
1.368329
1.372129
1.375179
1.375716
1.376974
1.375090
1.371630
1.367601
1.365539
1.365055
1.363657
1.360505
1.356619
1.352735
1.350591
1.348974
1.346904
1.342802
1.336273
1.329062
1.322838
1.319493
1.318565
1.319197
1.319431
1.318405
1.315025
1.310230
1.304722
1.299591
1.293223
1.287155
1.281135
1.278224
1.275058
1.273158
1.270050
1.269005
1.268364
1.271268
1.276199
1.282861
1.287366
1.290948
1.294061
1.300111
1.307153
1.316174
1.323893
1.329672
1.330972
1.330142
1.327712
1.325655
1.321595
1.316634
1.308836
1.300223
1.291478
1.283956
1.276173
1.265994
1.254770
1.242830
1.232009
1.219307
1.206209
1.191316
1.177358
1.163421
1.149922
1.136521
1.123627
1.111561
1.100498
1.090192
1.080970
1.071811
1.062241
1.052331
1.040934
1.028877
1.015381
1.003508
0.992813
0.983746
0.974280
0.963496
0.950783
0.937885
0.926009
0.916637
0.907725
0.898627
0.889024
0.879208
0.870277
0.860290
0.850035
0.838702
0.828717
0.818830
0.809090
0.797497
0.785107
0.772560
0.761307
0.751989
0.743458
0.735651
0.726646
0.717335
0.707353
0.698827
0.691348
0.684478
0.677192
0.669303
0.660354
0.650443
0.639943
0.629544
0.619473
0.609720
0.601503
0.594146
0.586980
0.578886
0.570206
0.561938
0.553286
0.543546
0.531897
0.519811
0.508284
0.498521
0.490017
0.483336
0.476825
0.469521
0.460358
0.450704
0.442583
0.436004
0.430614
0.425271
0.420790
0.416541
0.412130
0.406682
0.400883
0.395103
0.389682
0.384290
0.378923
0.374118
0.369659
0.365989
0.362239
0.359552
0.357638
0.356548
0.354876
0.352090
0.347727
0.342473
0.336479
0.331401
0.327782
0.326127
0.325265
0.324275
0.323038
0.322161
0.321922
0.322015
0.321523
0.319734
0.316656
0.312986
0.310160
0.308018
0.306187
0.303312
0.299709
0.296268
0.293912
0.292961
0.292362
0.292164
0.291962
0.291838
0.290955
0.289888
0.289085
0.289277
0.289251
0.289207
0.288345
0.287009
0.284202
0.280777
0.277675
0.275800
0.275011
0.274461
0.274174
0.273886
0.274091
0.273676
0.272620
0.270598
0.268857
0.267457
0.266412
0.265017
0.263417
0.261822
0.260767
0.260244
0.259918
0.259562
0.259150
0.259172
0.259414
0.259930
0.259694
0.258726
0.257050
0.255577
0.254721
0.254563
0.255609
0.257343
0.258820
0.259227
0.258365
0.257499
0.256199
0.255460
0.254379
0.253282
0.251604
0.250066
0.249406
0.248799
0.248387
0.247383
0.246871
0.246082
0.245874
0.245618
0.246110
0.246974
0.248413
0.249333
0.249044
0.248146
0.247424
0.247414
0.247485
0.247536
0.247280
0.247081
0.246944
0.247179
0.246912
0.246271
0.244949
0.244051
0.243020
0.242620
0.242230
0.242485
0.243070
0.244093
0.244944
0.245114
0.244886
0.244211
0.243784
0.243497
0.244685
0.246531
0.248465
0.249082
0.248948
0.248125
0.247087
0.245449
0.244294
0.243499
0.243207
0.243077
0.243294
0.244357
0.245542
0.246441
0.246349
0.245449
0.244201
0.243160
0.242564
0.242221
0.242133
0.241606
0.241005
0.239767
0.238871
0.237996
0.237155
0.236402
0.235416
0.234962
0.234758
0.235346
0.235630
0.235213
0.233554
0.231388
0.229204
0.227093
0.225095
0.222883
0.221041
0.219265
0.217880
0.216495
0.215318
0.213668
0.211249
0.207771
0.204001
0.200059
0.196237
0.191962
0.187612
0.182934
0.178288
0.173669
0.169479
0.165041
0.160258
0.154633
0.149527
0.144672
0.140236
0.135530
0.130903
0.126786
0.123181
0.119694
0.115954
0.111700
0.107835
0.104484
0.102240
0.100148
0.098470
0.096709
0.095247
0.093651
0.092330
0.091421
0.091114
0.090834
0.090220
0.089325
0.088543
0.087839
0.086872
0.085620
0.084331
0.083664
0.082995
0.082476
0.081662
0.081112
0.080308
0.079660
0.079108
0.079107
0.078982
0.078737
0.078312
0.078333
0.078504
0.078676
0.078620
0.078290
0.077573
0.076477
0.075412
0.074901
0.074789
0.074963
0.074755
0.074261
0.073280
0.072507
0.072047
0.072052
0.071989
0.071791
0.071327
0.070726
0.070039
0.069730
0.070123
0.070889
0.071450
0.071215
0.070588
0.070150
0.070192
0.070636
0.070817
0.070798
0.070593
0.070390
0.070122
0.069899
0.069870
0.069931
0.069886
0.069418
0.068725
0.067820
0.067349
0.067040
0.067114
0.067345
0.067741
0.068202
0.068155
0.067603
0.066273
0.065276
0.064647
0.065046
0.065498
0.066132
0.066156
0.065821
0.065034
0.064371
0.064040
0.064030
0.064398
0.064832
0.065119
0.064954
0.064486
0.064117
0.063865
0.063739
0.063426
0.063019
0.062712
0.062531
0.062530
0.062302
0.062287
0.062223
0.062284
0.061630
0.060747
0.059835
0.059408
0.059473
0.059614
0.060040
0.060994
0.062158
0.063060
0.063612
0.064234
0.065358
0.067075
0.068885
0.070396
0.071491
0.072524
0.073983
0.075968
0.078584
0.081538
0.084980
0.088873
0.092935
0.096908
0.099844
0.102174
0.103394
0.104538
0.105156
0.106276
0.107807
0.109700
0.111385
0.112968
0.114822
0.117295
0.120301
0.124053
0.129073
0.135654
0.143405
0.153111
0.165033
0.180110
0.196935
0.216884
0.240312
0.268951
0.302470
0.341959
0.387709
0.437980
0.491109
0.546148
0.604409
0.663034
0.718085
0.762105
0.792132
0.804927
0.802304
0.782569
0.746043
0.692557
0.628009
0.558203
0.486840
0.415859
0.347753
0.286242
0.232048
0.185144
0.145399
0.113302
0.088146
0.068358
0.052762
0.040633
0.031346
0.024389
0.019119
0.015285
0.012277
0.009908
0.006876
0.005401
0.004323
0.003656
0.003209
0.002944
0.002678
0.002523
0.002451
0.002476
0.002406
0.002351
0.002311
0.002430
0.002548
0.002652
0.002688
0.002612
0.002498
0.002320
0.002129
0.001906
0.001698
0.001570
0.001542
0.001653
0.001814
0.001972
0.001983
0.001933
0.001773
0.001671
0.001640
0.001752
0.001919
0.002054
0.002130
0.002100
0.002040
0.001997
0.001997
0.001969
0.001852
0.001750
0.001664
0.001623
0.001529
0.001483
0.001488
0.001540
0.001547
0.001486
0.001455
0.001438
0.001465
0.001443
0.001428
0.001417
0.001367
0.001275
0.001158
0.001084
0.001068
0.001081
0.001202
0.001373
0.001564
0.001600
0.001499
0.001361
0.001326
0.001468
0.001616
0.001697
0.001586
0.001471
0.001356
0.001338
0.001285
0.001227
0.001103
0.001026
0.001000
0.001057
0.001145
0.001251
0.001350
0.001418
0.001522
0.001664
0.001859
0.001919
0.001852
0.001717
0.001618
0.001624
0.001647
0.001754
0.001807
0.001795
0.001665
0.001493
0.001368
0.001273
0.001307
0.001382
0.001542
0.001612
0.001681
0.001627
0.001558
0.001420
0.001349
0.001320
0.001299
0.001322
0.001381
0.001546
0.001653
0.001721
0.001655
0.001534
0.001321
0.001140
0.000997
0.000938
0.000913
0.000944
0.000990
0.001078
0.001196
0.001400
0.001618
0.001866
0.002062
0.002148
0.002032
0.001740
0.001442
0.001231
0.001132
0.001072
0.001073
0.001111
0.001192
0.001213
0.001234
0.001257
0.001315
0.001336
0.001280
0.001174
0.001060
0.000969
0.000964
0.001047
0.001198
0.001279
0.001272
0.001197
0.001145
0.001073
0.000966
0.000880
0.000874
0.000985
0.001062
0.001126
0.001108
0.001101
0.001031
0.000971
0.000871
0.000849
0.000843
0.000919
0.000957
0.000968
0.000919
0.000883
0.000920
0.001043
0.001135
0.001142
0.001087
0.001043
0.001025
0.001013
0.001013
0.001048
0.001049
0.001061
0.001030
0.001039
0.001041
0.001063
0.001124
0.001201
0.001320
0.001370
0.001423
0.001404
0.001395
0.001315
0.001219
0.001136
0.001106
0.001106
0.001073
0.001031
0.000992
0.000981
0.000963
0.000911
0.000868
0.000822
0.000855
0.000881
0.000953
0.000984
0.001038
0.001020
0.001026
0.001011
0.001100
0.001158
0.001186
0.001123
0.001024
0.000936
0.000808
0.000734
0.000663
0.000715
0.000756
0.000866
0.000927
0.001052
0.001157
0.001254
0.001266
0.001229
0.001203
0.001227
0.001267
0.001291
0.001255
0.001178
0.001072
0.001028
0.001079
0.001175
0.001190
0.001090
0.000983
0.000982
0.001112
0.001226
0.001248
0.001150
0.001086
0.001093
0.001147
0.001179
0.001203
0.001247
0.001281
0.001239
0.001143
0.000998
0.000939
0.000947
0.001107
0.001273
0.001424
0.001427
0.001381
0.001315
0.001334
0.001351
0.001394
0.001356
0.001306
0.001187
0.001109
0.001029
0.000952
0.000818
0.000676
0.000615
0.000709
0.001003
0.001325
0.001568
0.001560
0.001457
0.001322
0.001260
0.001192
0.001099
0.001040
0.001054
0.001165
0.001274
0.001318
0.001328
0.001306
0.001319
0.001254
0.001190
0.001100
0.001068
0.001030
0.001016
0.000991
0.000962
0.000923
0.000907
0.000916
0.000879
0.000797
0.000663
0.000585
0.000532
0.000538
0.000534
0.000545
0.000545
0.000557
0.000610
0.000732
0.000892
0.001019
0.001061
0.001032
0.000958
0.000920
0.000927
0.001015
0.001132
0.001258
0.001362
0.001399
0.001389
0.001315
0.001250
0.001160
0.001085
0.000950
0.000821
0.000666
0.000594
0.000582
0.000664
0.000758
0.000901
0.001043
0.001200
0.001302
0.001348
0.001330
0.001248
0.001145
0.001103
0.001095
0.001131
0.001073
0.001009
0.000946
0.000949
0.000964
0.000924
0.000868
0.000819
0.000851
0.000929
0.001032
0.001078
0.001065
0.001015
0.000982
0.000965
0.000929
0.000871
0.000840
0.000850
0.000893
0.000942
0.000980
0.000994
0.000919
0.000815
0.000749
0.000766
0.000812
0.000830
0.000846
0.000902
0.000981
0.001053
0.001087
0.001114
0.001131
0.001123
0.001073
0.001014
0.000949
0.000911
0.000883
0.000890
0.000902
0.000889
0.000920
0.000984
0.001105
0.001126
0.001100
0.001059
0.001071
0.001103
0.001098
0.001062
0.000994
0.000917
0.000869
0.000868
0.000913
0.000957
0.000996
0.000990
0.000980
0.000930
0.000900
0.000836
0.000829
0.000832
0.000868
0.000843
0.000832
0.000838
0.000876
0.000883
0.000864
0.000832
0.000778
0.000766
0.000788
0.000872
0.000907
0.000950
0.000959
0.000946
0.000848
0.000737
0.000659
0.000667
0.000684
0.000705
0.000685
0.000694
0.000729
0.000818
0.000918
0.001024
0.001111
0.001201
0.001284
0.001356
0.001365
0.001285
0.001166
0.001082
0.001070
0.001046
0.000966
0.000853
0.000783
0.000800
0.000833
0.000858
0.000810
0.000767
0.000740
0.000759
0.000809
0.000864
0.000970
0.001043
0.001108
0.001063
0.000998
0.000904
0.000851
0.000809
0.000784
0.000780
0.000798
0.000824
0.000848
0.000851
0.000878
0.000896
0.000962
0.000974
0.000955
0.000876
0.000811
0.000764
0.000733
0.000690
0.000687
0.000672
0.000726
0.000766
0.000897
0.001045
0.001203
0.001283
0.001237
0.001138
0.000994
0.000881
0.000746
0.000649
0.000600
0.000671
0.000804
0.000940
0.000977
0.000928
0.000833
0.000751
0.000711
0.000706
0.000709
0.000699
0.000700
0.000715
0.000753
0.000783
0.000831
0.000868
0.000865
0.000806
0.000735
0.000700
0.000695
0.000711
0.000785
0.000899
0.001024
0.001019
0.000944
0.000784
0.000672
0.000563
0.000524
0.000496
0.000490
0.000462
0.000429
0.000458
0.000548
0.000678
0.000706
0.000668
0.000592
0.000572
0.000616
0.000665
0.000708
0.000690
0.000699
0.000715
0.000800
0.000871
0.000922
0.000883
0.000855
0.000835
0.000850
0.000831
0.000788
0.000741
0.000680
0.000643
0.000643
0.000691
0.000748
0.000746
0.000716
0.000670
0.000649
0.000648
0.000641
0.000656
0.000643
0.000623
0.000549
0.000513
0.000511
0.000566
0.000599
0.000667
0.000763
0.000902
0.000976
0.001010
0.001003
0.001022
0.001025
0.001000
0.000950
0.000864
0.000810
0.000733
0.000688
0.000628
0.000623
0.000657
0.000711
0.000732
0.000682
0.000636
0.000625
0.000669
0.000694
0.000702
0.000682
0.000688
0.000686
0.000734
0.000784
0.000852
0.000855
0.000800
0.000713
0.000624
0.000555
0.000477
0.000430
0.000411
0.000431
0.000462
0.000505
0.000557
0.000575
0.000547
0.000483
0.000413
0.000358
0.000307
0.000302
0.000345
0.000433
0.000492
0.000489
0.000442
0.000414
0.000431
0.000492
0.000547
0.000590
0.000591
0.000577
0.000564
0.000567
0.000579
0.000556
0.000535
0.000508
0.000518
0.000515
0.000525
0.000533
0.000547
0.000563
0.000595
0.000673
0.000791
0.000911
0.001005
0.001021
0.000981
0.000873
0.000782
0.000711
0.000687
0.000668
0.000644
0.000628
0.000622
0.000616
0.000579
0.000522
0.000498
0.000521
0.000592
0.000623
0.000637
0.000608
0.000610
0.000588
0.000567
0.000514
0.000493
0.000509
0.000587
0.000670
0.000734
0.000729
0.000685
0.000652
0.000677
0.000766
0.000831
0.000840
0.000759
0.000660
0.000607
0.000616
0.000674
0.000719
0.000750
0.000751
0.000711
0.000653
0.000585
0.000534
0.000493
0.000488
0.000537
0.000624
0.000699
0.000713
0.000689
0.000641
0.000596
0.000509
0.000444
0.000438
0.000541
0.000694
0.000825
0.000908
0.000969
0.001014
0.001033
0.000972
0.000908
0.000867
0.000914
0.000924
0.000899
0.000780
0.000675
0.000568
0.000503
0.000468
0.000502
0.000610
0.000790
0.000949
0.001053
0.001034
0.000987
0.000929
0.000931
0.000909
0.000927
0.000919
0.000952
0.000928
0.000924
0.000892
0.000844
0.000785
0.000726
0.000718
0.000666
0.000603
0.000507
0.000461
0.000448
0.000445
0.000447
0.000449
0.000462
0.000464
0.000457
0.000438
0.000418
0.000406
0.000431
0.000462
0.000478
0.000463
0.000437
0.000412
0.000372
0.000335
0.000324
0.000350
0.000399
0.000421
0.000435
0.000427
0.000440
0.000447
0.000472
0.000482
0.000490
0.000461
0.000430
0.000399
0.000411
0.000442
0.000469
0.000467
0.000449
0.000434
0.000408
0.000371
0.000330
0.000332
0.000370
0.000437
0.000477
0.000506
0.000518
0.000558
0.000585
0.000610
0.000588
0.000568
0.000533
0.000524
0.000520
0.000539
0.000545
0.000541
0.000504
0.000461
0.000407
0.000372
0.000351
0.000362
0.000384
0.000416
0.000414
0.000406
0.000383
0.000382
0.000380
0.000370
0.000338
0.000301
0.000275
0.000263
0.000249
0.000229
0.000232
0.000261
0.000328
0.000391
0.000434
0.000442
0.000431
0.000443
0.000472
0.000493
0.000494
0.000463
0.000436
0.000381
0.000351
0.000331
0.000362
0.000392
0.000434
0.000496
0.000567
0.000642
0.000632
0.000601
0.000527
0.000486
0.000441
0.000421
0.000410
0.000422
0.000448
0.000530
0.000644
0.000787
0.000864
0.000901
0.000877
0.000835
0.000759
0.000692
0.000637
0.000648
0.000698
0.000858
0.000997
0.001090
0.001013
0.000884
0.000746
0.000678
0.000645
0.000624
0.000594
0.000547
0.000530
0.000534
0.000566
0.000553
0.000517
0.000449
0.000393
0.000342
0.000335
0.000359
0.000395
0.000397
0.000387
0.000371
0.000359
0.000325
0.000303
0.000313
0.000393
0.000481
0.000544
0.000520
0.000451
0.000357
0.000297
0.000262
0.000262
0.000263
0.000295
0.000362
0.000463
0.000550
0.000581
0.000570
0.000535
0.000526
0.000532
0.000554
0.000538
0.000500
0.000428
0.000370
0.000325
0.000320
0.000347
0.000385
0.000412
0.000435
0.000476
0.000537
0.000578
0.000588
0.000561
0.000545
0.000519
0.000495
0.000447
0.000414
0.000397
0.000392
0.000378
0.000352
0.000347
0.000365
0.000405
0.000409
0.000403
0.000371
0.000367
0.000357
0.000361
0.000362
0.000377
0.000395
0.000412
0.000393
0.000371
0.000340
0.000327
0.000309
0.000314
0.000372
0.000449
0.000533
0.000540
0.000525
0.000465
0.000435
0.000417
0.000421
0.000429
0.000433
0.000424
0.000389
0.000341
0.000307
0.000300
0.000322
0.000353
0.000389
0.000406
0.000417
0.000428
0.000442
0.000451
0.000433
0.000423
0.000431
0.000465
0.000519
0.000562
0.000582
0.000557
0.000511
0.000464
0.000415
0.000389
0.000380
0.000423
0.000451
0.000463
0.000425
0.000404
0.000403
0.000431
0.000443
0.000434
0.000401
0.000370
0.000351
0.000375
0.000418
0.000475
0.000485
0.000476
0.000445
0.000444
0.000457
0.000485
0.000499
0.000502
0.000489
0.000500
0.000537
0.000571
0.000579
0.000530
0.000477
0.000407
0.000360
0.000302
0.000251
0.000208
0.000203
0.000243
0.000320
0.000390
0.000444
0.000447
0.000442
0.000412
0.000401
0.000371
0.000354
0.000316
0.000285
0.000262
0.000261
0.000287
0.000336
0.000399
0.000449
0.000442
0.000408
0.000356
0.000316
0.000271
0.000231
0.000210
0.000208
0.000229
0.000261
0.000301
0.000324
0.000345
0.000351
0.000364
0.000368
0.000407
0.000466
0.000538
0.000567
0.000564
0.000537
0.000513
0.000486
0.000468
0.000459
0.000443
0.000431
0.000415
0.000428
0.000439
0.000473
0.000497
0.000511
0.000488
0.000459
0.000451
0.000484
0.000517
0.000543
0.000522
0.000500
0.000457
0.000452
0.000460
0.000493
0.000493
0.000467
0.000411
0.000364
0.000342
0.000341
0.000360
0.000366
0.000391
0.000409
0.000431
0.000413
0.000376
0.000325
0.000283
0.000248
0.000238
0.000284
0.000373
0.000478
0.000533
0.000561
0.000569
0.000572
0.000534
0.000461
0.000371
0.000305
0.000279
0.000309
0.000382
0.000455
0.000501
0.000497
0.000503
0.000508
0.000526
0.000509
0.000473
0.000424
0.000372
0.000328
0.000322
0.000342
0.000376
0.000366
0.000349
0.000319
0.000304
0.000286
0.000279
0.000283
0.000287
0.000284
0.000277
0.000279
0.000295
0.000321
0.000348
0.000365
0.000356
0.000336
0.000319
0.000330
0.000349
0.000362
0.000349
0.000319
0.000305
0.000323
0.000380
0.000427
0.000468
0.000473
0.000475
0.000440
0.000392
0.000322
0.000270
0.000242
0.000240
0.000235
0.000225
0.000216
0.000224
0.000238
0.000258
0.000280
0.000328
0.000372
0.000428
0.000456
0.000476
0.000484
0.000482
0.000485
0.000457
0.000423
0.000369
0.000331
0.000301
0.000283
0.000260
0.000248
0.000243
0.000253
0.000259
0.000276
0.000297
0.000317
0.000298
0.000252
0.000222
0.000227
0.000274
0.000309
0.000348
0.000376
0.000407
0.000436
0.000453
0.000480
0.000505
0.000542
0.000568
0.000587
0.000578
0.000547
0.000502
0.000475
0.000476
0.000488
0.000505
0.000514
0.000510
0.000472
0.000421
0.000374
0.000348
0.000324
0.000312
0.000309
0.000318
0.000322
0.000338
0.000354
0.000380
0.000363
0.000335
0.000277
0.000239
0.000199
0.000182
0.000183
0.000197
0.000226
0.000243
0.000255
0.000241
0.000225
0.000203
0.000183
0.000175
0.000178
0.000188
0.000187
0.000189
0.000198
0.000214
0.000217
0.000217
0.000227
0.000261
0.000309
0.000366
0.000419
0.000459
0.000481
0.000491
0.000490
0.000468
0.000437
0.000398
0.000365
0.000338
0.000312
0.000290
0.000272
0.000276
0.000298
0.000342
0.000386
0.000426
0.000431
0.000416
0.000377
0.000345
0.000309
0.000281
0.000260
0.000253
0.000250
0.000235
0.000220
0.000225
0.000255
0.000299
0.000338
0.000368
0.000395
0.000411
0.000437
0.000435
0.000426
0.000392
0.000390
0.000391
0.000400
0.000381
0.000396
0.000419
0.000461
0.000447
0.000434
0.000400
0.000388
0.000353
0.000336
0.000337
0.000368
0.000393
0.000387
0.000363
0.000356
0.000390
0.000445
0.000497
0.000525
0.000527
0.000490
0.000429
0.000364
0.000315
0.000285
0.000276
0.000276
0.000278
0.000256
0.000254
0.000262
0.000307
0.000331
0.000350
0.000364
0.000396
0.000446
0.000496
0.000532
0.000534
0.000485
0.000418
0.000346
0.000298
0.000261
0.000238
0.000244
0.000262
0.000290
0.000301
0.000336
0.000376
0.000449
0.000507
0.000578
0.000608
0.000629
0.000605
0.000570
0.000499
0.000451
0.000433
0.000465
0.000478
0.000458
0.000394
0.000327
0.000267
0.000245
0.000254
0.000295
0.000339
0.000379
0.000402
0.000394
0.000369
0.000317
0.000277
0.000243
0.000232
0.000219
0.000207
0.000203
0.000229
0.000269
0.000301
0.000283
0.000249
0.000211
0.000213
0.000233
0.000271
0.000298
0.000326
0.000355
0.000400
0.000438
0.000452
0.000433
0.000412
0.000412
0.000435
0.000434
0.000408
0.000373
0.000353
0.000350
0.000339
0.000337
0.000333
0.000356
0.000385
0.000434
0.000464
0.000473
0.000426
0.000366
0.000302
0.000278
0.000272
0.000297
0.000312
0.000316
0.000292
0.000279
0.000285
0.000318
0.000342
0.000353
0.000339
0.000329
0.000329
0.000343
0.000356
0.000379
0.000403
0.000424
0.000406
0.000369
0.000318
0.000272
0.000231
0.000223
0.000248
0.000290
0.000318
0.000327
0.000328
0.000318
0.000307
0.000288
0.000287
0.000289
0.000309
0.000328
0.000369
0.000404
0.000430
0.000418
0.000411
0.000396
0.000398
0.000358
0.000308
0.000243
0.000208
0.000202
0.000239
0.000318
0.000401
0.000468
0.000485
0.000472
0.000441
0.000433
0.000443
0.000465
0.000455
0.000445
0.000424
0.000416
0.000380
0.000346
0.000319
0.000358
0.000441
0.000564
0.000647
0.000673
0.000628
0.000543
0.000442
0.000351
0.000306
0.000303
0.000318
0.000320
0.000302
0.000282
0.000253
0.000233
0.000243
0.000284
0.000340
0.000362
0.000376
0.000385
0.000399
0.000401
0.000395
0.000390
0.000399
0.000425
0.000459
0.000486
0.000483
0.000480
0.000475
0.000473
0.000445
0.000399
0.000364
0.000352
0.000362
0.000363
0.000352
0.000342
0.000339
0.000350
0.000344
0.000325
0.000280
0.000255
0.000250
0.000273
0.000285
0.000282
0.000263
0.000262
0.000277
0.000311
0.000323
0.000315
0.000299
0.000302
0.000335
0.000355
0.000364
0.000340
0.000319
0.000291
0.000277
0.000279
0.000279
0.000280
0.000267
0.000269
0.000285
0.000330
0.000393
0.000441
0.000474
0.000464
0.000443
0.000398
0.000371
0.000352
0.000356
0.000362
0.000388
0.000409
0.000419
0.000406
0.000391
0.000391
0.000401
0.000406
0.000397
0.000377
0.000362
0.000353
0.000350
0.000354
0.000355
0.000354
0.000333
0.000321
0.000321
0.000345
0.000357
0.000355
0.000341
0.000328
0.000319
0.000332
0.000359
0.000407
0.000439
0.000472
0.000470
0.000459
0.000416
0.000390
0.000372
0.000374
0.000371
0.000347
0.000335
0.000332
0.000360
0.000374
0.000397
0.000409
0.000421
0.000412
0.000397
0.000376
0.000362
0.000349
0.000359
0.000369
0.000379
0.000348
0.000322
0.000297
0.000304
0.000302
0.000298
0.000278
0.000277
0.000275
0.000284
0.000260
0.000240
0.000236
0.000273
0.000314
0.000352
0.000383
0.000409
0.000408
0.000384
0.000348
0.000327
0.000315
0.000309
0.000317
0.000325
0.000346
0.000366
0.000388
0.000397
0.000372
0.000341
0.000318
0.000327
0.000355
0.000381
0.000396
0.000387
0.000357
0.000320
0.000290
0.000280
0.000277
0.000259
0.000230
0.000198
0.000182
0.000181
0.000200
0.000236
0.000276
0.000292
0.000279
0.000243
0.000202
0.000165
0.000149
0.000164
0.000203
0.000255
0.000300
0.000320
0.000308
0.000286
0.000270
0.000263
0.000256
0.000257
0.000284
0.000319
0.000368
0.000397
0.000436
0.000460
0.000488
0.000500
0.000489
0.000456
0.000415
0.000374
0.000335
0.000282
0.000237
0.000196
0.000176
0.000166
0.000183
0.000227
0.000297
0.000354
0.000391
0.000380
0.000364
0.000338
0.000346
0.000358
0.000373
0.000356
0.000338
0.000320
0.000316
0.000289
0.000268
0.000249
0.000255
0.000257
0.000264
0.000266
0.000260
0.000249
0.000245
0.000260
0.000275
0.000279
0.000266
0.000257
0.000246
0.000250
0.000258
0.000280
0.000308
0.000335
0.000360
0.000370
0.000376
0.000361
0.000343
0.000317
0.000303
0.000291
0.000280
0.000268
0.000272
0.000291
0.000318
0.000324
0.000315
0.000287
0.000262
0.000247
0.000255
0.000276
0.000301
0.000308
0.000304
0.000291
0.000286
0.000286
0.000290
0.000291
0.000291
0.000293
0.000284
0.000278
0.000270
0.000289
0.000315
0.000348
0.000352
0.000330
0.000291
0.000263
0.000251
0.000245
0.000243
0.000240
0.000236
0.000222
0.000201
0.000191
0.000192
0.000212
0.000245
0.000284
0.000324
0.000341
0.000348
0.000353
0.000361
0.000371
0.000350
0.000333
0.000314
0.000314
0.000302
0.000283
0.000276
0.000283
0.000303
0.000310
0.000305
0.000280
0.000252
0.000222
0.000203
0.000181
0.000176
0.000171
0.000197
0.000222
0.000257
0.000261
0.000254
0.000236
0.000236
0.000247
0.000278
0.000320
0.000366
0.000388
0.000382
0.000354
0.000335
0.000331
0.000360
0.000404
0.000446
0.000458
0.000446
0.000419
0.000392
0.000356
0.000345
0.000344
0.000365
0.000369
0.000378
0.000374
0.000362
0.000353
0.000341
0.000331
0.000285
0.000241
0.000205
0.000206
0.000214
0.000214
0.000215
0.000225
0.000268
0.000313
0.000357
0.000372
0.000372
0.000347
0.000312
0.000271
0.000253
0.000267
0.000321
0.000372
0.000404
0.000397
0.000389
0.000389
0.000397
0.000380
0.000346
0.000315
0.000308
0.000322
0.000334
0.000351
0.000362
0.000402
0.000436
0.000477
0.000480
0.000460
0.000415
0.000369
0.000333
0.000302
0.000260
0.000214
0.000175
0.000180
0.000216
0.000272
0.000307
0.000314
0.000304
0.000310
0.000333
0.000368
0.000368
0.000353
0.000313
0.000304
0.000313
0.000359
0.000387
0.000410
0.000410
0.000414
0.000386
0.000350
0.000302
0.000277
0.000261
0.000273
0.000299
0.000332
0.000350
0.000343
0.000320
0.000282
0.000264
0.000253
0.000260
0.000256
0.000268
0.000283
0.000298
0.000288
0.000261
0.000233
0.000220
0.000219
0.000234
0.000249
0.000277
0.000300
0.000327
0.000333
0.000314
0.000270
0.000222
0.000190
0.000179
0.000190
0.000207
0.000223
0.000237
0.000271
0.000319
0.000370
0.000377
0.000353
0.000305
0.000280
0.000260
0.000262
0.000260
0.000272
0.000277
0.000283
0.000272
0.000253
0.000234
0.000230
0.000255
0.000297
0.000349
0.000385
0.000398
0.000375
0.000327
0.000285
0.000270
0.000283
0.000297
0.000296
0.000299
0.000316
0.000367
0.000406
0.000426
0.000395
0.000355
0.000313
0.000287
0.000257
0.000228
0.000221
0.000236
0.000256
0.000245
0.000217
0.000185
0.000189
0.000222
0.000284
0.000331
0.000357
0.000352
0.000326
0.000286
0.000247
0.000214
0.000187
0.000162
0.000180
0.000236
0.000324
0.000378
0.000394
0.000371
0.000344
0.000323
0.000313
0.000300
0.000277
0.000260
0.000253
0.000265
0.000278
0.000315
0.000350
0.000384
0.000381
0.000371
0.000344
0.000323
0.000283
0.000263
0.000249
0.000270
0.000286
0.000313
0.000326
0.000340
0.000348
0.000338
0.000335
0.000329
0.000349
0.000352
0.000365
0.000373
0.000393
0.000407
0.000414
0.000405
0.000380
0.000337
0.000299
0.000273
0.000272
0.000277
0.000292
0.000298
0.000307
0.000308
0.000332
0.000348
0.000373
0.000365
0.000356
0.000324
0.000299
0.000264
0.000241
0.000235
0.000249
0.000269
0.000284
0.000303
0.000325
0.000360
0.000394
0.000439
0.000457
0.000450
0.000392
0.000335
0.000278
0.000249
0.000217
0.000203
0.000201
0.000226
0.000266
0.000309
0.000339
0.000358
0.000364
0.000397
0.000428
0.000458
0.000434
0.000399
0.000344
0.000306
0.000260
0.000233
0.000200
0.000190
0.000184
0.000207
0.000225
0.000244
0.000255
0.000271
0.000296
0.000315
0.000324
0.000308
0.000276
0.000239
0.000207
0.000192
0.000196
0.000210
0.000221
0.000209
0.000201
0.000198
0.000233
0.000283
0.000368
0.000427
0.000460
0.000427
0.000368
0.000293
0.000238
0.000201
0.000188
0.000186
0.000201
0.000218
0.000238
0.000241
0.000228
0.000204
0.000188
0.000195
0.000218
0.000247
0.000251
0.000233
0.000211
0.000207
0.000226
0.000250
0.000293
0.000327
0.000355
0.000345
0.000333
0.000319
0.000310
0.000306
0.000317
0.000337
0.000340
0.000312
0.000289
0.000295
0.000319
0.000335
0.000330
0.000332
0.000336
0.000337
0.000322
0.000317
0.000322
0.000328
0.000328
0.000317
0.000305
0.000276
0.000256
0.000249
0.000281
0.000323
0.000353
0.000341
0.000306
0.000260
0.000234
0.000227
0.000243
0.000266
0.000281
0.000289
0.000291
0.000308
0.000329
0.000354
0.000362
0.000363
0.000350
0.000327
0.000296
0.000271
0.000259
0.000246
0.000234
0.000220
0.000212
0.000195
0.000193
0.000201
0.000227
0.000243
0.000251
0.000260
0.000276
0.000310
0.000344
0.000382
0.000409
0.000443
0.000477
0.000509
0.000502
0.000474
0.000430
0.000409
0.000402
0.000408
0.000399
0.000385
0.000364
0.000343
0.000320
0.000306
0.000296
0.000279
0.000250
0.000225
0.000216
0.000213
0.000216
0.000238
0.000280
0.000327
0.000341
0.000328
0.000296
0.000266
0.000238
0.000230
0.000242
0.000277
0.000297
0.000300
0.000287
0.000298
0.000330
0.000372
0.000408
0.000436
0.000455
0.000448
0.000414
0.000357
0.000297
0.000248
0.000230
0.000233
0.000236
0.000217
0.000189
0.000184
0.000224
0.000302
0.000369
0.000395
0.000373
0.000326
0.000290
0.000269
0.000294
0.000337
0.000398
0.000414
0.000412
0.000395
0.000427
0.000468
0.000508
0.000492
0.000442
0.000360
0.000301
0.000270
0.000286
0.000315
0.000366
0.000411
0.000453
0.000471
0.000484
0.000493
0.000493
0.000466
0.000419
0.000361
0.000314
0.000283
0.000265
0.000255
0.000243
0.000239
0.000234
0.000236
0.000225
0.000210
0.000186
0.000170
0.000161
0.000163
0.000179
0.000198
0.000212
0.000207
0.000222
0.000245
0.000281
0.000290
0.000295
0.000292
0.000289
0.000287
0.000297
0.000321
0.000359
0.000394
0.000438
0.000455
0.000456
0.000412
0.000371
0.000347
0.000355
0.000363
0.000338
0.000304
0.000273
0.000271
0.000271
0.000269
0.000258
0.000238
0.000221
0.000206
0.000221
0.000247
0.000278
0.000283
0.000296
0.000322
0.000362
0.000396
0.000414
0.000451
0.000495
0.000546
0.000553
0.000530
0.000476
0.000408
0.000336
0.000282
0.000258
0.000263
0.000268
0.000280
0.000280
0.000275
0.000253
0.000240
0.000245
0.000283
0.000326
0.000358
0.000347
0.000320
0.000293
0.000296
0.000313
0.000339
0.000356
0.000356
0.000335
0.000311
0.000295
0.000278
0.000256
0.000240
0.000262
0.000310
0.000372
0.000392
0.000394
0.000361
0.000333
0.000301
0.000319
0.000363
0.000420
0.000413
0.000366
0.000295
0.000255
0.000254
0.000284
0.000325
0.000342
0.000319
0.000265
0.000217
0.000209
0.000229
0.000259
0.000283
0.000298
0.000309
0.000297
0.000296
0.000291
0.000319
0.000342
0.000380
0.000378
0.000361
0.000322
0.000304
0.000290
0.000290
0.000282
0.000290
0.000288
0.000316
0.000336
0.000385
0.000403
0.000410
0.000371
0.000323
0.000282
0.000265
0.000264
0.000254
0.000232
0.000204
0.000189
0.000207
0.000268
0.000351
0.000423
0.000438
0.000423
0.000385
0.000358
0.000325
0.000290
0.000263
0.000260
0.000286
0.000324
0.000352
0.000362
0.000344
0.000307
0.000259
0.000218
0.000192
0.000183
0.000186
0.000199
0.000214
0.000231
0.000241
0.000253
0.000279
0.000322
0.000351
0.000372
0.000382
0.000404
0.000390
0.000349
0.000290
0.000247
0.000231
0.000237
0.000259
0.000283
0.000290
0.000299
0.000302
0.000303
0.000279
0.000252
0.000243
0.000277
0.000330
0.000372
0.000388
0.000392
0.000396
0.000379
0.000357
0.000332
0.000323
0.000295
0.000263
0.000230
0.000216
0.000220
0.000247
0.000286
0.000325
0.000344
0.000351
0.000344
0.000322
0.000301
0.000279
0.000276
0.000277
0.000314
0.000368
0.000422
0.000431
0.000408
0.000386
0.000368
0.000358
0.000318
0.000276
0.000225
0.000210
0.000221
0.000267
0.000303
0.000329
0.000322
0.000301
0.000264
0.000232
0.000203
0.000176
0.000158
0.000172
0.000228
0.000302
0.000366
0.000407
0.000426
0.000425
0.000398
0.000347
0.000295
0.000251
0.000231
0.000220
0.000225
0.000234
0.000245
0.000272
0.000304
0.000343
0.000344
0.000329
0.000313
0.000320
0.000355
0.000376
0.000386
0.000357
0.000333
0.000303
0.000290
0.000278
0.000283
0.000294
0.000321
0.000346
0.000365
0.000366
0.000355
0.000352
0.000345
0.000342
0.000319
0.000305
0.000290
0.000294
0.000296
0.000300
0.000290
0.000266
0.000250
0.000249
0.000274
0.000299
0.000331
0.000352
0.000361
0.000345
0.000318
0.000293
0.000268
0.000256
0.000258
0.000277
0.000283
0.000278
0.000278
0.000296
0.000328
0.000348
0.000366
0.000361
0.000354
0.000322
0.000290
0.000259
0.000245
0.000248
0.000244
0.000254
0.000273
0.000318
0.000347
0.000362
0.000358
0.000349
0.000342
0.000334
0.000346
0.000353
0.000362
0.000349
0.000340
0.000344
0.000347
0.000353
0.000342
0.000344
0.000338
0.000341
0.000329
0.000325
0.000310
0.000300
0.000280
0.000268
0.000262
0.000248
0.000227
0.000196
0.000180
0.000187
0.000229
0.000282
0.000322
0.000343
0.000366
0.000386
0.000394
0.000385
0.000381
0.000381
0.000381
0.000369
0.000343
0.000320
0.000294
0.000288
0.000271
0.000276
0.000294
0.000330
0.000347
0.000338
0.000320
0.000311
0.000326
0.000348
0.000390
0.000437
0.000475
0.000466
0.000424
0.000365
0.000326
0.000302
0.000291
0.000279
0.000266
0.000249
0.000232
0.000206
0.000198
0.000206
0.000248
0.000286
0.000322
0.000343
0.000346
0.000330
0.000289
0.000247
0.000217
0.000221
0.000239
0.000259
0.000260
0.000259
0.000268
0.000299
0.000344
0.000382
0.000392
0.000381
0.000369
0.000362
0.000344
0.000318
0.000293
0.000277
0.000258
0.000240
0.000237
0.000250
0.000264
0.000265
0.000254
0.000247
0.000255
0.000279
0.000294
0.000295
0.000309
0.000341
0.000395
0.000428
0.000457
0.000476
0.000489
0.000477
0.000446
0.000397
0.000357
0.000324
0.000314
0.000307
0.000292
0.000260
0.000240
0.000258
0.000309
0.000353
0.000371
0.000373
0.000386
0.000418
0.000460
0.000486
0.000478
0.000437
0.000383
0.000333
0.000282
0.000256
0.000242
0.000247
0.000229
0.000216
0.000211
0.000220
0.000220
0.000209
0.000219
0.000249
0.000298
0.000340
0.000377
0.000392
0.000373
0.000350
0.000358
0.000388
0.000411
0.000385
0.000364
0.000342
0.000352
0.000340
0.000320
0.000278
0.000259
0.000262
0.000288
0.000306
0.000321
0.000336
0.000360
0.000375
0.000369
0.000336
0.000314
0.000301
0.000318
0.000322
0.000348
0.000377
0.000407
0.000400
0.000356
0.000311
0.000292
0.000316
0.000360
0.000410
0.000444
0.000466
0.000469
0.000470
0.000470
0.000472
0.000459
0.000415
0.000364
0.000346
0.000379
0.000438
0.000465
0.000463
0.000445
0.000456
0.000474
0.000483
0.000446
0.000378
0.000304
0.000245
0.000215
0.000206
0.000220
0.000243
0.000262
0.000265
0.000244
0.000219
0.000196
0.000189
0.000188
0.000191
0.000191
0.000182
0.000179
0.000174
0.000184
0.000184
0.000191
0.000205
0.000242
0.000294
0.000337
0.000351
0.000351
0.000339
0.000339
0.000335
0.000340
0.000344
0.000327
0.000296
0.000255
0.000237
0.000232
0.000235
0.000232
0.000237
0.000244
0.000256
0.000258
0.000263
0.000266
0.000280
0.000287
0.000306
0.000316
0.000337
0.000337
0.000325
0.000295
0.000260
0.000232
0.000217
0.000229
0.000271
0.000321
0.000355
0.000354
0.000339
0.000329
0.000331
0.000332
0.000307
0.000265
0.000224
0.000198
0.000183
0.000176
0.000199
0.000262
0.000337
0.000388
0.000376
0.000336
0.000283
0.000250
0.000236
0.000243
0.000268
0.000281
0.000287
0.000295
0.000316
0.000361
0.000410
0.000452
0.000473
0.000463
0.000468
0.000462
0.000462
0.000424
0.000388
0.000343
0.000321
0.000305
0.000313
0.000313
0.000305
0.000274
0.000247
0.000228
0.000228
0.000223
0.000222
0.000211
0.000203
0.000187
0.000186
0.000186
0.000197
0.000196
0.000209
0.000229
0.000264
0.000290
0.000315
0.000342
0.000357
0.000375
0.000376
0.000395
0.000404
0.000409
0.000397
0.000372
0.000373
0.000395
0.000420
0.000413
0.000373
0.000324
0.000283
0.000267
0.000262
0.000265
0.000259
0.000272
0.000297
0.000321
0.000331
0.000332
0.000363
0.000401
0.000435
0.000425
0.000390
0.000358
0.000354
0.000373
0.000381
0.000374
0.000365
0.000367
0.000381
0.000391
0.000409
0.000420
0.000431
0.000413
0.000388
0.000357
0.000350
0.000370
0.000435
0.000508
0.000564
0.000585
0.000576
0.000560
0.000514
0.000471
0.000413
0.000383
0.000360
0.000362
0.000353
0.000342
0.000318
0.000303
0.000281
0.000258
0.000224
0.000195
0.000178
0.000193
0.000215
0.000240
0.000250
0.000269
0.000287
0.000289
0.000276
0.000271
0.000297
0.000342
0.000381
0.000412
0.000415
0.000401
0.000363
0.000328
0.000305
0.000298
0.000313
0.000335
0.000357
0.000352
0.000326
0.000293
0.000301
0.000349
0.000435
0.000481
0.000492
0.000443
0.000387
0.000318
0.000270
0.000239
0.000232
0.000234
0.000252
0.000273
0.000303
0.000306
0.000301
0.000291
0.000313
0.000356
0.000407
0.000444
0.000454
0.000425
0.000387
0.000376
0.000415
0.000454
0.000480
0.000474
0.000469
0.000431
0.000418
0.000401
0.000413
0.000385
0.000359
0.000327
0.000314
0.000298
0.000282
0.000281
0.000289
0.000300
0.000295
0.000276
0.000264
0.000265
0.000283
0.000304
0.000329
0.000355
0.000374
0.000378
0.000363
0.000333
0.000319
0.000316
0.000325
0.000304
0.000269
0.000232
0.000234
0.000276
0.000359
0.000420
0.000443
0.000390
0.000333
0.000276
0.000264
0.000257
0.000276
0.000290
0.000304
0.000301
0.000298
0.000299
0.000295
0.000292
0.000273
0.000256
0.000237
0.000231
0.000228
0.000214
0.000191
0.000178
0.000183
0.000205
0.000209
0.000212
0.000204
0.000211
0.000212
0.000221
0.000221
0.000224
0.000220
0.000222
0.000233
0.000252
0.000277
0.000299
0.000309
0.000314
0.000322
0.000334
0.000357
0.000373
0.000409
0.000426
0.000437
0.000413
0.000397
0.000381
0.000390
0.000383
0.000377
0.000347
0.000349
0.000365
0.000395
0.000398
0.000374
0.000353
0.000360
0.000404
0.000451
0.000459
0.000431
0.000388
0.000372
0.000371
0.000392
0.000415
0.000430
0.000433
0.000402
0.000365
0.000314
0.000287
0.000268
0.000239
0.000195
0.000140
0.000096
0.000064
0.000041
0.000026
0.000017
0.000010
0.000007
0.000004
0.000003
0.000002
0.000001
0.000001
0.000001
0.000001
0.000000
0.000000
0.000000
0.000000
0.000000
0.000000
0.000000
0.000000
0.000000
0.000000
0.000000
0.000000
0.000000
0.000000
0.000000
0.000000
0.000000
0.000000
0.000000
0.000000
0.000000
0.000000
0.000000
0.000000
0.000000
0.000000
0.000000
0.000000
0.000000
0.000000
0.000000
0.000000
0.000000
0.000000
0.000000
0.000000
0.000000
0.000000
0.000000
0.000000
0.000000
0.000000
0.000000
0.000000
0.000000
0.000000
0.000000
0.000000
0.000000
0.000000
0.000000
0.000000
0.000000
0.000000
0.000000
0.000000
0.000000
0.000000
0.000000
0.000000
0.000000
0.000000
0.000000
0.000000
0.000000
0.000000
0.000000
0.000000
0.000000
0.000000
0.000000
0.000000
0.000000
0.000000
0.000000
0.000000
0.000000
0.000000
0.000000
0.000000
0.000000
0.000000
0.000000
0.000000
0.000000
0.000000
0.000000
0.000000
0.000000
0.000000
0.000000
0.000000
0.000000
0.000000
0.000000
0.000000
0.000000
0.000000
0.000000
0.000000
0.000000
0.000000
0.000000
0.000000
0.000000
0.000000
0.000000
0.000000
0.000000
0.000000
0.000000
0.000000
0.000000
0.000000
0.000000
0.000000
0.000000
0.000000
0.000000
0.000000
0.000000
0.000000
0.000000
0.000000
0.000000
0.000000
0.000000
0.000000
0.000000
0.000000
