-1.100580
1.083846
-0.277095
0.173081
-0.174062
-0.125060
-0.136210
-0.024763
0.053290
0.070149
0.073521
0.240800
1.088619
1.088874
1.089038
1.089043
1.088917
1.088846
1.088934
1.089173
0.454310
0.224777
0.055201
-0.008557
-0.055740
-0.087948
-0.061012
0.024862
0.199438
0.342736
0.472903
0.524286
0.511926
0.450443
0.375159
0.396984
0.529488
0.799927
1.103492
1.285032
1.349436
1.366170
1.394148
1.431451
1.466449
1.439639
1.407940
1.359202
1.301485
1.228071
1.170902
1.158419
1.166880
1.178083
1.175527
1.168238
1.158950
1.148704
1.137532
1.126057
1.114383
1.102951
1.092483
1.090389
1.095030
1.102083
1.105580
1.117265
1.144899
1.185427
1.218549
1.236987
1.238701
1.233981
1.223766
1.209871
1.194169
1.179459
1.167187
1.152366
1.133236
1.117046
1.101413
1.088069
1.068606
1.054275
1.039192
1.028258
1.015604
1.007612
0.997042
0.983455
0.967709
0.955611
0.947901
0.938329
0.927972
0.918284
0.916819
0.918556
0.920211
0.916775
0.913781
0.914248
0.918050
0.920774
0.919368
0.914440
0.911184
0.911992
0.918830
0.922646
0.925699
0.925748
0.930384
0.931622
0.934411
0.938230
0.945841
0.944444
0.932301
0.915295
0.908852
0.911587
0.918127
0.923862
0.928579
0.933354
0.935906
0.943323
0.956827
0.971628
0.979291
0.984561
0.994076
1.006914
1.009598
1.007132
1.003786
1.009370
1.011793
1.010827
1.012319
1.020632
1.035313
1.047643
1.054925
1.061117
1.061632
1.068930
1.079507
1.096802
1.105626
1.099978
1.086922
1.078823
1.088500
1.112098
1.144159
1.175000
1.198925
1.209120
1.209290
1.201017
1.193517
1.178332
1.165110
1.151387
1.147757
1.143464
1.142803
1.142817
1.151022
1.164195
1.182616
1.205322
1.226128
1.242766
1.252665
1.257878
1.265521
1.272412
1.288519
1.305680
1.322274
1.324379
1.319027
1.310050
1.311725
1.316526
1.328873
1.336966
1.345283
1.355368
1.372780
1.395524
1.412745
1.424598
1.429216
1.436953
1.443426
1.454110
1.463215
1.472432
1.478862
1.480811
1.485375
1.487472
1.491607
1.492262
1.500109
1.512710
1.535016
1.559258
1.587810
1.605650
1.618297
1.621023
1.625188
1.626239
1.628360
1.633276
1.638786
1.639939
1.641236
1.645713
1.664846
1.684216
1.700109
1.710386
1.719580
1.739844
1.757327
1.777950
1.789960
1.804067
1.809014
1.811097
1.803859
1.792808
1.776509
1.769163
1.779173
1.800396
1.814454
1.810023
1.791913
1.771232
1.757924
1.754901
1.758459
1.759065
1.746644
1.720640
1.684964
1.650917
1.622719
1.600155
1.580489
1.558880
1.537522
1.512987
1.488776
1.463820
1.441287
1.415770
1.379564
1.328215
1.268208
1.205260
1.152945
1.110269
1.091343
1.072439
1.047967
0.997250
0.936506
0.877885
0.830474
0.796706
0.767902
0.743410
0.720674
0.696231
0.673168
0.643457
0.619351
0.596365
0.582021
0.567047
0.563583
0.565199
0.575777
0.569636
0.559850
0.548006
0.553735
0.565017
0.576375
0.576828
0.566556
0.542908
0.521023
0.506060
0.507735
0.506368
0.503605
0.501990
0.516634
0.546076
0.584035
0.613340
0.627806
0.612830
0.586223
0.561212
0.552568
0.558185
0.557214
0.552475
0.549758
0.564576
0.594694
0.617615
0.637986
0.655697
0.686083
0.710475
0.732100
0.745645
0.764287
0.771226
0.784504
0.795639
0.817983
0.819018
0.808441
0.792350
0.789955
0.803066
0.818881
0.844758
0.871373
0.911367
0.941518
0.958798
0.950958
0.928812
0.904329
0.892352
0.896298
0.910373
0.925098
0.941710
0.967930
0.993845
1.023624
1.046080
1.074896
1.092220
1.102498
1.094274
1.075494
1.059436
1.047561
1.048765
1.052816
1.084096
1.134288
1.186664
1.213966
1.206231
1.194806
1.184086
1.201603
1.217331
1.227278
1.211087
1.190191
1.188934
1.187047
1.192717
1.191236
1.213262
1.231755
1.251155
1.261528
1.282191
1.308407
1.345834
1.381799
1.413527
1.429595
1.437492
1.445004
1.458786
1.470653
1.469362
1.462174
1.467285
1.494054
1.526780
1.536311
1.520251
1.488628
1.462414
1.451293
1.449061
1.462841
1.483102
1.513343
1.536789
1.544470
1.555467
1.561226
1.578863
1.590510
1.631951
1.682250
1.737323
1.760465
1.766473
1.742949
1.714258
1.672088
1.646059
1.618244
1.596743
1.582796
1.592291
1.638409
1.695661
1.742644
1.751719
1.731491
1.698885
1.680117
1.684190
1.719071
1.765831
1.801859
1.812535
1.800024
1.786429
1.773831
1.758499
1.740987
1.723563
1.723175
1.736213
1.755869
1.758749
1.744118
1.714277
1.687097
1.665851
1.650174
1.644062
1.636759
1.645760
1.660994
1.690523
1.719874
1.749983
1.772206
1.777047
1.756594
1.719541
1.676373
1.645407
1.628123
1.632916
1.639054
1.645934
1.648734
1.678612
1.704221
1.742066
1.749886
1.793792
1.819639
1.848238
1.831834
1.802572
1.766399
1.743218
1.730683
1.721638
1.672687
1.608696
1.535910
1.517744
1.518621
1.547120
1.555243
1.552607
1.523687
1.498852
1.494190
1.514650
1.538471
1.535684
1.535622
1.559435
1.616224
1.647667
1.628224
1.560965
1.525722
1.478884
1.472179
1.468656
1.517257
1.542616
1.589531
1.648221
1.749132
1.797912
1.795717
1.760996
1.770503
1.788149
1.777711
1.706277
1.600919
1.494950
1.439149
1.451664
1.541507
1.636286
1.693297
1.675763
1.620498
1.568991
1.522675
1.501079
1.471909
1.470970
1.444547
1.414934
1.345263
1.289531
1.259812
1.300806
1.374019
1.443031
1.461874
1.454363
1.467555
1.501359
1.539870
1.531244
1.474791
1.408988
1.344692
1.330960
1.350843
1.415473
1.483328
1.543964
1.588877
1.620564
1.625705
1.627551
1.598437
1.592361
1.597114
1.623533
1.653137
1.657301
1.632231
1.574708
1.547077
1.525987
1.539801
1.538729
1.555589
1.549444
1.513581
1.452036
1.400711
1.405233
1.460552
1.548654
1.604366
1.613565
1.577790
1.549668
1.525597
1.521585
1.519533
1.539935
1.574357
1.620271
1.658715
1.667991
1.638585
1.585346
1.519633
1.458203
1.361506
1.262198
1.175520
1.119447
1.149806
1.176569
1.221261
1.299151
1.348312
1.345225
1.314197
1.327879
1.418067
1.559727
1.682428
1.737711
1.733574
1.701175
1.685680
1.694569
1.737229
1.774109
1.818177
1.857271
1.921889
1.986639
1.998766
1.967854
1.879065
1.819709
1.754738
1.731387
1.723709
1.729142
1.740004
1.772996
1.824785
1.896302
1.948319
1.966800
1.979193
2.011106
2.044772
2.085896
2.115040
2.172291
2.214279
2.255987
2.270384
2.291764
2.315407
2.342593
2.362201
2.364734
2.362552
2.353478
2.355233
2.354177
2.356049
2.337104
2.315322
2.286681
2.269319
2.237217
2.194337
2.132349
2.073919
2.021573
1.980277
1.946935
1.914485
1.890491
1.866835
1.848398
1.822081
1.806688
1.815893
1.861264
1.913075
1.944502
1.943498
1.966336
2.051839
2.257416
2.536013
2.897919
1.083000
1.081909
1.081108
1.080605
1.080254
1.080030
1.079815
1.079694
1.079649
1.079676
1.079632
1.079591
1.079557
1.079636
1.079720
1.079795
1.079821
1.079754
1.079664
1.079532
1.079401
1.079242
1.079087
1.078983
1.078952
1.079026
1.079142
1.079261
1.079275
1.079242
1.079125
1.079044
1.079016
1.079098
1.079234
1.079352
1.079428
1.079417
1.079381
1.079357
1.079360
1.079335
1.079234
1.079144
1.079068
1.079032
1.078962
1.078933
1.078940
1.078976
1.078973
1.078920
1.078898
1.078897
1.078931
1.078921
1.078906
1.078886
1.078836
1.078755
1.078663
1.078607
1.078600
1.078611
1.078700
1.078822
1.078958
1.078975
1.078892
1.078783
1.078752
1.078853
1.078964
1.079029
1.078957
1.078882
1.078807
1.078802
1.078767
1.078726
1.078637
1.078581
1.078562
1.078605
1.078673
1.078755
1.078833
1.078887
1.078972
1.079083
1.079236
1.079282
1.079238
1.079138
1.079065
1.079068
1.079083
1.079161
1.079197
1.079184
1.079081
1.078947
1.078850
1.078779
1.078803
1.078855
1.078967
1.079014
1.079068
1.079029
1.078978
1.078870
1.078814
1.078788
1.078772
1.078790
1.078841
1.078972
1.079063
1.079120
1.079073
1.078977
1.078812
1.078669
1.078556
1.078506
1.078483
1.078505
1.078543
1.078618
1.078718
1.078879
1.079045
1.079230
1.079377
1.079444
1.079357
1.079135
1.078907
1.078744
1.078665
1.078612
1.078603
1.078619
1.078673
1.078691
1.078718
1.078748
1.078801
1.078819
1.078775
1.078694
1.078609
1.078545
1.078547
1.078613
1.078726
1.078783
1.078777
1.078722
1.078684
1.078624
1.078540
1.078472
1.078467
1.078549
1.078607
1.078656
1.078647
1.078641
1.078586
1.078531
1.078447
1.078425
1.078426
1.078493
1.078533
1.078547
1.078511
1.078480
1.078505
1.078595
1.078664
1.078672
1.078634
1.078602
1.078588
1.078575
1.078572
1.078595
1.078598
1.078610
1.078594
1.078606
1.078609
1.078619
1.078653
1.078699
1.078785
1.078826
1.078870
1.078863
1.078859
1.078800
1.078721
1.078652
1.078623
1.078622
1.078597
1.078572
1.078548
1.078545
1.078532
1.078494
1.078462
1.078427
1.078450
1.078467
1.078519
1.078538
1.078577
1.078565
1.078576
1.078575
1.078654
1.078706
1.078727
1.078674
1.078592
1.078521
1.078422
1.078365
1.078306
1.078334
1.078351
1.078423
1.078471
1.078579
1.078672
1.078757
1.078767
1.078738
1.078715
1.078730
1.078760
1.078781
1.078757
1.078700
1.078617
1.078579
1.078616
1.078691
1.078708
1.078638
1.078562
1.078557
1.078651
1.078727
1.078745
1.078672
1.078630
1.078639
1.078684
1.078706
1.078718
1.078741
1.078761
1.078728
1.078660
1.078552
1.078505
1.078508
1.078629
1.078761
1.078885
1.078895
1.078859
1.078804
1.078814
1.078827
1.078862
1.078840
1.078808
1.078718
1.078654
1.078585
1.078524
1.078422
1.078317
1.078271
1.078345
1.078568
1.078810
1.078989
1.078979
1.078899
1.078800
1.078759
1.078718
1.078656
1.078614
1.078624
1.078705
1.078781
1.078807
1.078808
1.078791
1.078802
1.078753
1.078703
1.078632
1.078606
1.078581
1.078572
1.078553
1.078527
1.078495
1.078480
1.078489
1.078465
1.078409
1.078312
1.078254
1.078213
1.078214
1.078209
1.078216
1.078214
1.078223
1.078263
1.078357
1.078477
1.078577
1.078611
1.078591
1.078534
1.078503
1.078506
1.078571
1.078652
1.078740
1.078807
1.078831
1.078820
1.078763
1.078711
1.078642
1.078589
1.078497
1.078411
1.078303
1.078250
1.078235
1.078285
1.078349
1.078454
1.078567
1.078693
1.078779
1.078819
1.078809
1.078748
1.078672
1.078642
1.078640
1.078671
1.078625
1.078571
1.078512
1.078504
1.078506
1.078477
1.078442
1.078418
1.078450
1.078514
1.078587
1.078616
1.078598
1.078560
1.078536
1.078527
1.078499
1.078456
1.078432
1.078443
1.078477
1.078518
1.078550
1.078565
1.078510
1.078434
1.078383
1.078396
1.078426
1.078436
1.078443
1.078484
1.078540
1.078592
1.078616
1.078637
1.078654
1.078650
1.078615
1.078573
1.078527
1.078500
1.078479
1.078482
1.078486
1.078474
1.078498
1.078547
1.078638
1.078653
1.078633
1.078604
1.078615
1.078644
1.078644
1.078620
1.078572
1.078515
1.078477
1.078472
1.078502
1.078535
1.078563
1.078559
1.078549
1.078509
1.078487
1.078441
1.078439
1.078444
1.078470
1.078451
1.078443
1.078453
1.078484
1.078487
1.078469
1.078442
1.078403
1.078394
1.078408
1.078466
1.078491
1.078526
1.078536
1.078530
1.078456
1.078373
1.078314
1.078319
1.078331
1.078348
1.078338
1.078350
1.078382
1.078452
1.078527
1.078603
1.078665
1.078733
1.078801
1.078861
1.078867
1.078800
1.078700
1.078627
1.078614
1.078599
1.078545
1.078466
1.078416
1.078428
1.078453
1.078472
1.078437
1.078403
1.078378
1.078383
1.078414
1.078452
1.078532
1.078592
1.078647
1.078622
1.078578
1.078508
1.078464
1.078427
1.078401
1.078393
1.078403
1.078422
1.078443
1.078451
1.078471
1.078479
1.078521
1.078529
1.078521
1.078466
1.078416
1.078377
1.078351
1.078322
1.078325
1.078320
1.078361
1.078390
1.078487
1.078594
1.078705
1.078756
1.078716
1.078638
1.078531
1.078448
1.078353
1.078286
1.078257
1.078317
1.078424
1.078529
1.078557
1.078517
1.078445
1.078381
1.078353
1.078351
1.078357
1.078351
1.078351
1.078359
1.078386
1.078413
1.078454
1.078483
1.078476
1.078425
1.078366
1.078340
1.078340
1.078352
1.078406
1.078488
1.078582
1.078580
1.078529
1.078412
1.078331
1.078251
1.078226
1.078205
1.078196
1.078168
1.078139
1.078160
1.078227
1.078323
1.078341
1.078311
1.078251
1.078234
1.078264
1.078302
1.078337
1.078329
1.078337
1.078349
1.078409
1.078458
1.078496
1.078470
1.078453
1.078439
1.078449
1.078431
1.078397
1.078363
1.078319
1.078291
1.078291
1.078327
1.078371
1.078370
1.078346
1.078310
1.078296
1.078299
1.078296
1.078307
1.078292
1.078272
1.078215
1.078191
1.078192
1.078235
1.078259
1.078310
1.078382
1.078489
1.078546
1.078573
1.078567
1.078582
1.078582
1.078561
1.078521
1.078457
1.078415
1.078357
1.078323
1.078278
1.078274
1.078302
1.078343
1.078362
1.078328
1.078299
1.078295
1.078332
1.078351
1.078357
1.078339
1.078339
1.078329
1.078356
1.078389
1.078441
1.078448
1.078411
1.078348
1.078284
1.078235
1.078177
1.078141
1.078124
1.078138
1.078163
1.078200
1.078243
1.078257
1.078232
1.078181
1.078127
1.078087
1.078050
1.078046
1.078077
1.078140
1.078181
1.078175
1.078141
1.078120
1.078134
1.078177
1.078217
1.078247
1.078248
1.078240
1.078232
1.078236
1.078246
1.078230
1.078217
1.078200
1.078210
1.078211
1.078219
1.078225
1.078234
1.078247
1.078274
1.078335
1.078427
1.078517
1.078586
1.078593
1.078560
1.078478
1.078409
1.078353
1.078331
1.078313
1.078295
1.078287
1.078287
1.078288
1.078261
1.078217
1.078197
1.078214
1.078268
1.078294
1.078302
1.078273
1.078265
1.078243
1.078226
1.078190
1.078178
1.078196
1.078261
1.078328
1.078378
1.078376
1.078344
1.078322
1.078344
1.078416
1.078466
1.078471
1.078404
1.078324
1.078280
1.078283
1.078325
1.078359
1.078385
1.078388
1.078356
1.078310
1.078254
1.078214
1.078183
1.078182
1.078224
1.078297
1.078360
1.078376
1.078360
1.078321
1.078284
1.078215
1.078162
1.078157
1.078235
1.078353
1.078451
1.078509
1.078549
1.078579
1.078593
1.078547
1.078500
1.078471
1.078510
1.078521
1.078503
1.078410
1.078327
1.078241
1.078189
1.078160
1.078186
1.078269
1.078405
1.078521
1.078593
1.078576
1.078541
1.078501
1.078505
1.078492
1.078509
1.078507
1.078536
1.078524
1.078527
1.078506
1.078469
1.078419
1.078367
1.078355
1.078315
1.078271
1.078202
1.078171
1.078163
1.078162
1.078163
1.078162
1.078170
1.078171
1.078168
1.078156
1.078143
1.078134
1.078151
1.078171
1.078181
1.078168
1.078147
1.078128
1.078099
1.078071
1.078064
1.078082
1.078118
1.078133
1.078143
1.078138
1.078148
1.078151
1.078168
1.078173
1.078179
1.078159
1.078137
1.078116
1.078127
1.078154
1.078173
1.078171
1.078156
1.078143
1.078120
1.078090
1.078058
1.078059
1.078088
1.078139
1.078172
1.078197
1.078208
1.078240
1.078262
1.078282
1.078265
1.078252
1.078228
1.078223
1.078221
1.078233
1.078235
1.078230
1.078203
1.078173
1.078135
1.078108
1.078091
1.078100
1.078118
1.078143
1.078142
1.078134
1.078112
1.078107
1.078102
1.078095
1.078073
1.078048
1.078031
1.078022
1.078008
1.077991
1.077992
1.078015
1.078064
1.078108
1.078136
1.078141
1.078136
1.078147
1.078170
1.078186
1.078187
1.078165
1.078144
1.078102
1.078077
1.078059
1.078082
1.078106
1.078140
1.078189
1.078245
1.078302
1.078295
1.078270
1.078215
1.078184
1.078150
1.078134
1.078127
1.078136
1.078156
1.078216
1.078303
1.078412
1.078472
1.078503
1.078486
1.078455
1.078398
1.078350
1.078311
1.078321
1.078357
1.078472
1.078571
1.078636
1.078574
1.078476
1.078372
1.078322
1.078297
1.078282
1.078259
1.078223
1.078210
1.078213
1.078238
1.078229
1.078203
1.078153
1.078110
1.078073
1.078068
1.078087
1.078114
1.078119
1.078115
1.078106
1.078098
1.078071
1.078052
1.078056
1.078117
1.078188
1.078241
1.078226
1.078174
1.078100
1.078053
1.078025
1.078024
1.078025
1.078048
1.078098
1.078173
1.078240
1.078264
1.078256
1.078230
1.078222
1.078226
1.078241
1.078227
1.078196
1.078140
1.078094
1.078060
1.078057
1.078079
1.078110
1.078132
1.078151
1.078184
1.078232
1.078265
1.078272
1.078251
1.078237
1.078216
1.078198
1.078162
1.078139
1.078126
1.078123
1.078111
1.078090
1.078086
1.078101
1.078135
1.078141
1.078138
1.078114
1.078112
1.078104
1.078107
1.078105
1.078114
1.078123
1.078132
1.078117
1.078101
1.078079
1.078071
1.078058
1.078063
1.078107
1.078164
1.078228
1.078233
1.078223
1.078178
1.078154
1.078138
1.078141
1.078149
1.078155
1.078149
1.078120
1.078081
1.078051
1.078044
1.078059
1.078083
1.078111
1.078125
1.078135
1.078146
1.078160
1.078167
1.078154
1.078146
1.078152
1.078178
1.078220
1.078252
1.078264
1.078242
1.078204
1.078169
1.078134
1.078117
1.078113
1.078146
1.078167
1.078175
1.078146
1.078131
1.078131
1.078152
1.078160
1.078152
1.078126
1.078100
1.078083
1.078100
1.078134
1.078179
1.078188
1.078180
1.078156
1.078154
1.078163
1.078184
1.078194
1.078196
1.078187
1.078196
1.078225
1.078254
1.078262
1.078227
1.078189
1.078137
1.078101
1.078055
1.078014
1.077980
1.077975
1.078004
1.078063
1.078116
1.078156
1.078155
1.078150
1.078127
1.078119
1.078096
1.078082
1.078054
1.078032
1.078015
1.078014
1.078032
1.078070
1.078120
1.078162
1.078159
1.078135
1.078097
1.078069
1.078036
1.078005
1.077986
1.077980
1.077993
1.078013
1.078040
1.078055
1.078071
1.078077
1.078088
1.078093
1.078124
1.078171
1.078227
1.078252
1.078253
1.078236
1.078219
1.078199
1.078187
1.078179
1.078165
1.078151
1.078134
1.078138
1.078145
1.078171
1.078190
1.078200
1.078183
1.078162
1.078157
1.078181
1.078207
1.078227
1.078212
1.078196
1.078166
1.078164
1.078169
1.078192
1.078192
1.078171
1.078128
1.078092
1.078076
1.078076
1.078090
1.078093
1.078110
1.078122
1.078138
1.078126
1.078100
1.078064
1.078034
1.078010
1.078004
1.078040
1.078107
1.078186
1.078225
1.078244
1.078246
1.078245
1.078216
1.078162
1.078097
1.078051
1.078035
1.078059
1.078117
1.078172
1.078208
1.078205
1.078208
1.078210
1.078218
1.078201
1.078172
1.078135
1.078096
1.078064
1.078061
1.078079
1.078107
1.078100
1.078088
1.078064
1.078051
1.078035
1.078028
1.078030
1.078035
1.078035
1.078033
1.078036
1.078048
1.078067
1.078088
1.078101
1.078094
1.078080
1.078067
1.078076
1.078090
1.078099
1.078087
1.078063
1.078053
1.078068
1.078112
1.078148
1.078177
1.078176
1.078176
1.078149
1.078114
1.078063
1.078026
1.078007
1.078006
1.078001
1.077992
1.077984
1.077989
1.078001
1.078019
1.078039
1.078080
1.078116
1.078159
1.078178
1.078191
1.078193
1.078191
1.078194
1.078174
1.078149
1.078109
1.078078
1.078052
1.078034
1.078015
1.078005
1.078004
1.078012
1.078017
1.078030
1.078045
1.078060
1.078046
1.078013
1.077991
1.077995
1.078029
1.078055
1.078083
1.078103
1.078125
1.078149
1.078167
1.078192
1.078214
1.078242
1.078259
1.078271
1.078263
1.078239
1.078204
1.078182
1.078180
1.078188
1.078201
1.078207
1.078205
1.078176
1.078138
1.078102
1.078082
1.078065
1.078058
1.078058
1.078066
1.078069
1.078079
1.078089
1.078107
1.078093
1.078071
1.078028
1.077998
1.077969
1.077957
1.077958
1.077969
1.077991
1.078004
1.078012
1.078004
1.077993
1.077979
1.077966
1.077959
1.077959
1.077964
1.077962
1.077964
1.077972
1.077983
1.077985
1.077986
1.077994
1.078020
1.078054
1.078096
1.078135
1.078164
1.078178
1.078182
1.078179
1.078163
1.078144
1.078119
1.078099
1.078080
1.078062
1.078046
1.078032
1.078035
1.078051
1.078082
1.078114
1.078141
1.078143
1.078131
1.078102
1.078079
1.078053
1.078032
1.078017
1.078012
1.078012
1.078002
1.077991
1.077994
1.078016
1.078048
1.078077
1.078098
1.078118
1.078129
1.078149
1.078148
1.078141
1.078115
1.078113
1.078114
1.078120
1.078106
1.078117
1.078136
1.078169
1.078160
1.078151
1.078126
1.078118
1.078092
1.078079
1.078079
1.078102
1.078121
1.078118
1.078102
1.078098
1.078125
1.078170
1.078211
1.078232
1.078230
1.078198
1.078150
1.078098
1.078060
1.078036
1.078031
1.078033
1.078039
1.078024
1.078023
1.078027
1.078059
1.078074
1.078087
1.078097
1.078121
1.078158
1.078193
1.078220
1.078221
1.078186
1.078138
1.078086
1.078050
1.078021
1.078002
1.078004
1.078015
1.078036
1.078044
1.078069
1.078098
1.078153
1.078199
1.078257
1.078282
1.078298
1.078277
1.078248
1.078193
1.078157
1.078142
1.078163
1.078171
1.078156
1.078112
1.078065
1.078025
1.078011
1.078019
1.078050
1.078082
1.078111
1.078125
1.078117
1.078096
1.078056
1.078025
1.077999
1.077989
1.077980
1.077972
1.077970
1.077992
1.078024
1.078049
1.078036
1.078012
1.077984
1.077986
1.078002
1.078028
1.078047
1.078066
1.078087
1.078121
1.078152
1.078165
1.078152
1.078138
1.078138
1.078156
1.078152
1.078131
1.078103
1.078088
1.078086
1.078079
1.078079
1.078076
1.078091
1.078110
1.078144
1.078167
1.078173
1.078138
1.078094
1.078047
1.078030
1.078028
1.078049
1.078061
1.078063
1.078042
1.078030
1.078032
1.078055
1.078074
1.078083
1.078075
1.078068
1.078070
1.078081
1.078089
1.078105
1.078121
1.078134
1.078119
1.078092
1.078056
1.078024
1.077996
1.077991
1.078011
1.078043
1.078063
1.078067
1.078066
1.078058
1.078052
1.078040
1.078041
1.078042
1.078056
1.078070
1.078101
1.078128
1.078149
1.078139
1.078132
1.078122
1.078125
1.078097
1.078060
1.078012
1.077985
1.077979
1.078003
1.078059
1.078123
1.078175
1.078192
1.078182
1.078158
1.078150
1.078158
1.078175
1.078168
1.078161
1.078147
1.078142
1.078115
1.078089
1.078068
1.078097
1.078160
1.078253
1.078315
1.078333
1.078300
1.078237
1.078162
1.078093
1.078060
1.078059
1.078071
1.078073
1.078059
1.078041
1.078018
1.078001
1.078007
1.078035
1.078075
1.078090
1.078100
1.078107
1.078120
1.078123
1.078121
1.078117
1.078122
1.078139
1.078162
1.078180
1.078179
1.078178
1.078178
1.078180
1.078162
1.078130
1.078105
1.078097
1.078103
1.078103
1.078095
1.078088
1.078085
1.078095
1.078091
1.078077
1.078043
1.078024
1.078018
1.078032
1.078035
1.078030
1.078016
1.078017
1.078030
1.078055
1.078064
1.078059
1.078048
1.078049
1.078072
1.078084
1.078088
1.078070
1.078055
1.078036
1.078029
1.078035
1.078039
1.078042
1.078035
1.078037
1.078049
1.078082
1.078127
1.078160
1.078181
1.078173
1.078158
1.078127
1.078109
1.078096
1.078100
1.078104
1.078122
1.078136
1.078143
1.078134
1.078123
1.078126
1.078134
1.078138
1.078128
1.078110
1.078096
1.078089
1.078089
1.078093
1.078094
1.078093
1.078077
1.078070
1.078072
1.078091
1.078098
1.078096
1.078086
1.078076
1.078068
1.078077
1.078096
1.078133
1.078158
1.078184
1.078182
1.078173
1.078140
1.078120
1.078106
1.078106
1.078102
1.078083
1.078073
1.078071
1.078092
1.078102
1.078119
1.078127
1.078136
1.078130
1.078119
1.078102
1.078090
1.078081
1.078091
1.078102
1.078112
1.078091
1.078071
1.078051
1.078055
1.078054
1.078052
1.078040
1.078040
1.078040
1.078046
1.078026
1.078011
1.078007
1.078033
1.078063
1.078091
1.078114
1.078136
1.078137
1.078119
1.078092
1.078074
1.078065
1.078059
1.078066
1.078071
1.078087
1.078101
1.078117
1.078126
1.078107
1.078085
1.078067
1.078072
1.078092
1.078110
1.078121
1.078114
1.078091
1.078063
1.078040
1.078031
1.078031
1.078020
1.078000
1.077977
1.077965
1.077964
1.077979
1.078007
1.078036
1.078047
1.078038
1.078010
1.077979
1.077951
1.077940
1.077951
1.077982
1.078021
1.078053
1.078065
1.078055
1.078038
1.078027
1.078022
1.078016
1.078017
1.078039
1.078066
1.078104
1.078127
1.078158
1.078177
1.078199
1.078209
1.078201
1.078176
1.078142
1.078110
1.078079
1.078039
1.078004
1.077972
1.077955
1.077946
1.077960
1.077993
1.078046
1.078090
1.078117
1.078109
1.078098
1.078078
1.078084
1.078094
1.078108
1.078097
1.078083
1.078068
1.078064
1.078044
1.078030
1.078016
1.078022
1.078024
1.078029
1.078029
1.078024
1.078015
1.078011
1.078020
1.078029
1.078032
1.078022
1.078016
1.078007
1.078009
1.078013
1.078028
1.078047
1.078066
1.078084
1.078094
1.078102
1.078093
1.078082
1.078064
1.078056
1.078048
1.078040
1.078031
1.078035
1.078050
1.078070
1.078076
1.078069
1.078049
1.078029
1.078016
1.078021
1.078035
1.078051
1.078053
1.078047
1.078036
1.078032
1.078033
1.078036
1.078039
1.078040
1.078042
1.078036
1.078033
1.078026
1.078040
1.078058
1.078082
1.078083
1.078068
1.078040
1.078022
1.078015
1.078012
1.078010
1.078007
1.078004
1.077993
1.077978
1.077971
1.077973
1.077990
1.078014
1.078042
1.078070
1.078081
1.078085
1.078089
1.078095
1.078103
1.078088
1.078078
1.078066
1.078066
1.078056
1.078041
1.078034
1.078037
1.078050
1.078055
1.078050
1.078033
1.078012
1.077990
1.077973
1.077956
1.077952
1.077951
1.077972
1.077992
1.078019
1.078023
1.078018
1.078004
1.078005
1.078015
1.078040
1.078072
1.078105
1.078119
1.078114
1.078093
1.078080
1.078079
1.078103
1.078138
1.078172
1.078179
1.078168
1.078144
1.078123
1.078094
1.078087
1.078086
1.078104
1.078110
1.078118
1.078115
1.078104
1.078092
1.078079
1.078071
1.078037
1.078005
1.077979
1.077979
1.077985
1.077985
1.077986
1.077995
1.078028
1.078063
1.078096
1.078109
1.078109
1.078090
1.078062
1.078029
1.078012
1.078019
1.078056
1.078092
1.078117
1.078113
1.078110
1.078112
1.078118
1.078106
1.078080
1.078057
1.078051
1.078059
1.078069
1.078084
1.078095
1.078128
1.078155
1.078189
1.078192
1.078178
1.078143
1.078108
1.078080
1.078055
1.078022
1.077987
1.077956
1.077958
1.077984
1.078027
1.078054
1.078060
1.078053
1.078058
1.078076
1.078103
1.078103
1.078092
1.078061
1.078053
1.078057
1.078089
1.078110
1.078128
1.078129
1.078133
1.078114
1.078089
1.078055
1.078038
1.078026
1.078035
1.078054
1.078077
1.078087
1.078080
1.078062
1.078035
1.078022
1.078016
1.078022
1.078020
1.078031
1.078043
1.078055
1.078046
1.078025
1.078003
1.077994
1.077993
1.078005
1.078016
1.078036
1.078052
1.078071
1.078075
1.078060
1.078027
1.077990
1.077966
1.077958
1.077966
1.077979
1.077990
1.078001
1.078028
1.078065
1.078105
1.078109
1.078090
1.078052
1.078032
1.078017
1.078019
1.078019
1.078030
1.078035
1.078041
1.078034
1.078020
1.078006
1.078001
1.078018
1.078047
1.078083
1.078108
1.078116
1.078100
1.078066
1.078037
1.078027
1.078038
1.078049
1.078048
1.078050
1.078064
1.078101
1.078128
1.078140
1.078117
1.078088
1.078059
1.078041
1.078020
1.078000
1.077995
1.078006
1.078021
1.078011
1.077989
1.077964
1.077968
1.077993
1.078039
1.078073
1.078090
1.078084
1.078064
1.078035
1.078007
1.077983
1.077964
1.077945
1.077960
1.078003
1.078069
1.078109
1.078121
1.078103
1.078081
1.078065
1.078057
1.078048
1.078031
1.078018
1.078014
1.078025
1.078035
1.078062
1.078087
1.078111
1.078107
1.078101
1.078082
1.078067
1.078038
1.078024
1.078013
1.078028
1.078039
1.078058
1.078068
1.078080
1.078089
1.078085
1.078085
1.078082
1.078097
1.078099
1.078105
1.078108
1.078120
1.078130
1.078136
1.078130
1.078112
1.078081
1.078052
1.078031
1.078028
1.078031
1.078043
1.078047
1.078053
1.078052
1.078068
1.078081
1.078101
1.078097
1.078091
1.078067
1.078046
1.078018
1.078002
1.077999
1.078011
1.078030
1.078043
1.078059
1.078076
1.078101
1.078124
1.078154
1.078165
1.078158
1.078114
1.078072
1.078030
1.078010
1.077987
1.077977
1.077977
1.077996
1.078025
1.078056
1.078076
1.078088
1.078093
1.078119
1.078146
1.078173
1.078157
1.078131
1.078087
1.078058
1.078023
1.078003
1.077979
1.077972
1.077968
1.077987
1.078002
1.078015
1.078020
1.078028
1.078046
1.078060
1.078069
1.078058
1.078034
1.078006
1.077981
1.077967
1.077967
1.077975
1.077981
1.077973
1.077970
1.077972
1.078003
1.078045
1.078111
1.078158
1.078181
1.078152
1.078103
1.078044
1.078002
1.077975
1.077967
1.077968
1.077979
1.077991
1.078004
1.078006
1.077996
1.077977
1.077965
1.077969
1.077986
1.078006
1.078010
1.077997
1.077982
1.077978
1.077990
1.078006
1.078037
1.078062
1.078081
1.078074
1.078065
1.078056
1.078049
1.078045
1.078055
1.078071
1.078075
1.078055
1.078038
1.078042
1.078061
1.078073
1.078069
1.078069
1.078070
1.078069
1.078058
1.078055
1.078060
1.078067
1.078069
1.078061
1.078054
1.078032
1.078017
1.078013
1.078039
1.078074
1.078097
1.078088
1.078059
1.078023
1.078003
1.077998
1.078010
1.078026
1.078036
1.078040
1.078040
1.078052
1.078068
1.078087
1.078093
1.078096
1.078087
1.078071
1.078048
1.078030
1.078020
1.078010
1.078001
1.077991
1.077985
1.077972
1.077971
1.077977
1.077997
1.078009
1.078015
1.078021
1.078033
1.078058
1.078084
1.078113
1.078133
1.078159
1.078184
1.078206
1.078198
1.078174
1.078138
1.078121
1.078117
1.078123
1.078117
1.078107
1.078090
1.078076
1.078061
1.078053
1.078047
1.078033
1.078011
1.077991
1.077984
1.077982
1.077984
1.078000
1.078032
1.078067
1.078077
1.078066
1.078041
1.078018
1.077998
1.077992
1.078001
1.078029
1.078046
1.078052
1.078044
1.078053
1.078076
1.078107
1.078131
1.078150
1.078162
1.078154
1.078127
1.078083
1.078040
1.078007
1.077997
1.078002
1.078005
1.077991
1.077969
1.077965
1.077995
1.078053
1.078101
1.078118
1.078101
1.078065
1.078038
1.078024
1.078044
1.078080
1.078129
1.078141
1.078140
1.078127
1.078151
1.078181
1.078209
1.078195
1.078157
1.078096
1.078052
1.078028
1.078042
1.078066
1.078107
1.078141
1.078169
1.078179
1.078186
1.078192
1.078192
1.078173
1.078138
1.078094
1.078058
1.078034
1.078020
1.078012
1.078003
1.077999
1.077994
1.077995
1.077987
1.077977
1.077962
1.077951
1.077945
1.077946
1.077958
1.077971
1.077982
1.077979
1.077990
1.078008
1.078036
1.078042
1.078043
1.078038
1.078034
1.078031
1.078038
1.078056
1.078088
1.078118
1.078156
1.078172
1.078174
1.078140
1.078107
1.078088
1.078095
1.078102
1.078083
1.078056
1.078029
1.078025
1.078024
1.078023
1.078014
1.078001
1.077989
1.077980
1.077993
1.078014
1.078038
1.078043
1.078054
1.078075
1.078106
1.078132
1.078146
1.078174
1.078206
1.078243
1.078247
1.078230
1.078189
1.078138
1.078083
1.078041
1.078024
1.078029
1.078033
1.078041
1.078039
1.078034
1.078016
1.078005
1.078007
1.078036
1.078069
1.078096
1.078089
1.078070
1.078050
1.078051
1.078064
1.078084
1.078098
1.078098
1.078081
1.078063
1.078051
1.078038
1.078021
1.078008
1.078025
1.078061
1.078107
1.078122
1.078122
1.078096
1.078076
1.078053
1.078068
1.078103
1.078147
1.078141
1.078106
1.078052
1.078022
1.078020
1.078041
1.078071
1.078084
1.078066
1.078026
1.077990
1.077985
1.078001
1.078024
1.078043
1.078056
1.078064
1.078054
1.078051
1.078045
1.078064
1.078080
1.078106
1.078104
1.078091
1.078062
1.078049
1.078039
1.078037
1.078032
1.078039
1.078041
1.078065
1.078082
1.078120
1.078134
1.078138
1.078109
1.078072
1.078041
1.078027
1.078024
1.078016
1.078001
1.077981
1.077969
1.077980
1.078024
1.078083
1.078138
1.078153
1.078145
1.078117
1.078096
1.078068
1.078040
1.078019
1.078018
1.078041
1.078072
1.078094
1.078100
1.078086
1.078056
1.078020
1.077989
1.077967
1.077959
1.077960
1.077970
1.077980
1.077993
1.078001
1.078012
1.078032
1.078064
1.078083
1.078098
1.078107
1.078127
1.078119
1.078089
1.078044
1.078011
1.077996
1.077998
1.078013
1.078029
1.078035
1.078042
1.078045
1.078047
1.078030
1.078010
1.078004
1.078030
1.078072
1.078104
1.078118
1.078121
1.078125
1.078113
1.078098
1.078080
1.078074
1.078053
1.078028
1.078001
1.077990
1.077993
1.078013
1.078040
1.078067
1.078080
1.078085
1.078081
1.078066
1.078053
1.078038
1.078037
1.078038
1.078067
1.078109
1.078151
1.078158
1.078139
1.078121
1.078108
1.078099
1.078068
1.078034
1.077995
1.077984
1.077994
1.078029
1.078057
1.078078
1.078073
1.078059
1.078031
1.078007
1.077984
1.077962
1.077948
1.077957
1.077998
1.078052
1.078101
1.078133
1.078148
1.078143
1.078121
1.078081
1.078044
1.078012
1.077999
1.077991
1.077995
1.078000
1.078007
1.078025
1.078049
1.078076
1.078076
1.078064
1.078052
1.078058
1.078086
1.078104
1.078113
1.078093
1.078075
1.078053
1.078044
1.078034
1.078034
1.078038
1.078054
1.078074
1.078091
1.078097
1.078092
1.078092
1.078087
1.078087
1.078070
1.078060
1.078048
1.078051
1.078051
1.078052
1.078045
1.078026
1.078014
1.078011
1.078030
1.078049
1.078073
1.078089
1.078095
1.078083
1.078064
1.078048
1.078030
1.078022
1.078026
1.078040
1.078045
1.078040
1.078040
1.078052
1.078076
1.078088
1.078099
1.078093
1.078088
1.078066
1.078044
1.078023
1.078013
1.078014
1.078011
1.078019
1.078034
1.078067
1.078088
1.078099
1.078096
1.078089
1.078082
1.078073
1.078080
1.078084
1.078089
1.078080
1.078074
1.078078
1.078082
1.078086
1.078077
1.078078
1.078074
1.078077
1.078069
1.078066
1.078056
1.078051
1.078037
1.078031
1.078028
1.078019
1.078003
1.077977
1.077963
1.077968
1.078002
1.078045
1.078077
1.078092
1.078106
1.078118
1.078120
1.078110
1.078104
1.078102
1.078103
1.078096
1.078078
1.078063
1.078045
1.078041
1.078027
1.078029
1.078040
1.078066
1.078080
1.078074
1.078060
1.078052
1.078061
1.078078
1.078111
1.078147
1.078176
1.078169
1.078137
1.078094
1.078064
1.078045
1.078036
1.078029
1.078020
1.078009
1.077995
1.077976
1.077971
1.077979
1.078010
1.078040
1.078069
1.078087
1.078092
1.078081
1.078049
1.078017
1.077994
1.077998
1.078012
1.078029
1.078030
1.078028
1.078030
1.078050
1.078080
1.078106
1.078113
1.078105
1.078097
1.078093
1.078081
1.078064
1.078048
1.078037
1.078023
1.078008
1.078005
1.078012
1.078023
1.078023
1.078015
1.078008
1.078012
1.078028
1.078039
1.078040
1.078055
1.078082
1.078126
1.078154
1.078178
1.078192
1.078202
1.078191
1.078166
1.078128
1.078098
1.078074
1.078065
1.078059
1.078046
1.078020
1.078006
1.078020
1.078060
1.078095
1.078107
1.078107
1.078114
1.078135
1.078164
1.078183
1.078177
1.078149
1.078111
1.078075
1.078038
1.078018
1.078005
1.078007
1.077992
1.077983
1.077983
1.077993
1.077995
1.077988
1.077995
1.078017
1.078051
1.078079
1.078103
1.078110
1.078092
1.078075
1.078083
1.078110
1.078134
1.078119
1.078106
1.078090
1.078096
1.078085
1.078068
1.078035
1.078022
1.078026
1.078047
1.078060
1.078071
1.078081
1.078100
1.078111
1.078106
1.078080
1.078062
1.078052
1.078066
1.078069
1.078087
1.078107
1.078127
1.078120
1.078087
1.078053
1.078040
1.078059
1.078094
1.078136
1.078165
1.078184
1.078189
1.078189
1.078189
1.078188
1.078177
1.078144
1.078105
1.078091
1.078113
1.078153
1.078170
1.078167
1.078153
1.078164
1.078180
1.078188
1.078159
1.078108
1.078050
1.078006
1.077984
1.077979
1.077992
1.078008
1.078021
1.078020
1.078002
1.077980
1.077963
1.077959
1.077962
1.077967
1.077971
1.077965
1.077963
1.077960
1.077967
1.077966
1.077971
1.077980
1.078006
1.078043
1.078075
1.078088
1.078090
1.078081
1.078080
1.078075
1.078077
1.078078
1.078067
1.078044
1.078013
1.077999
1.077994
1.077996
1.077994
1.077999
1.078005
1.078014
1.078016
1.078021
1.078025
1.078036
1.078043
1.078057
1.078065
1.078080
1.078079
1.078069
1.078045
1.078019
1.077998
1.077987
1.077997
1.078029
1.078066
1.078089
1.078088
1.078076
1.078070
1.078073
1.078075
1.078057
1.078026
1.077995
1.077975
1.077964
1.077960
1.077978
1.078026
1.078081
1.078118
1.078107
1.078076
1.078036
1.078012
1.078003
1.078010
1.078029
1.078038
1.078041
1.078044
1.078060
1.078090
1.078123
1.078149
1.078161
1.078157
1.078167
1.078168
1.078173
1.078146
1.078122
1.078090
1.078075
1.078061
1.078066
1.078065
1.078058
1.078034
1.078011
1.077995
1.077993
1.077990
1.077991
1.077984
1.077978
1.077966
1.077966
1.077966
1.077973
1.077973
1.077984
1.078000
1.078026
1.078045
1.078063
1.078085
1.078098
1.078115
1.078116
1.078130
1.078136
1.078139
1.078129
1.078110
1.078111
1.078129
1.078147
1.078140
1.078108
1.078070
1.078036
1.078019
1.078012
1.078013
1.078009
1.078019
1.078039
1.078058
1.078068
1.078069
1.078092
1.078120
1.078147
1.078142
1.078116
1.078092
1.078088
1.078104
1.078111
1.078107
1.078101
1.078103
1.078113
1.078120
1.078133
1.078143
1.078154
1.078143
1.078125
1.078102
1.078098
1.078115
1.078163
1.078217
1.078256
1.078270
1.078263
1.078252
1.078220
1.078188
1.078144
1.078122
1.078104
1.078102
1.078092
1.078082
1.078064
1.078052
1.078036
1.078018
1.077992
1.077971
1.077959
1.077972
1.077990
1.078008
1.078014
1.078028
1.078042
1.078045
1.078036
1.078029
1.078045
1.078076
1.078103
1.078127
1.078131
1.078122
1.078094
1.078069
1.078054
1.078050
1.078061
1.078078
1.078093
1.078089
1.078068
1.078043
1.078048
1.078083
1.078149
1.078186
1.078196
1.078160
1.078118
1.078067
1.078031
1.078008
1.078001
1.078003
1.078015
1.078029
1.078051
1.078055
1.078052
1.078047
1.078066
1.078101
1.078140
1.078166
1.078170
1.078144
1.078113
1.078103
1.078132
1.078163
1.078184
1.078182
1.078180
1.078152
1.078142
1.078128
1.078137
1.078114
1.078093
1.078068
1.078056
1.078043
1.078028
1.078026
1.078032
1.078043
1.078041
1.078027
1.078018
1.078019
1.078033
1.078048
1.078064
1.078081
1.078091
1.078093
1.078083
1.078062
1.078053
1.078052
1.078061
1.078046
1.078022
1.077996
1.078001
1.078036
1.078102
1.078149
1.078165
1.078123
1.078078
1.078033
1.078021
1.078013
1.078022
1.078029
1.078038
1.078037
1.078038
1.078043
1.078045
1.078046
1.078035
1.078023
1.078009
1.078004
1.078001
1.077990
1.077972
1.077961
1.077963
1.077979
1.077981
1.077983
1.077976
1.077981
1.077981
1.077988
1.077989
1.077991
1.077988
1.077987
1.077994
1.078006
1.078024
1.078042
1.078051
1.078058
1.078064
1.078072
1.078088
1.078101
1.078131
1.078145
1.078153
1.078134
1.078123
1.078112
1.078122
1.078119
1.078116
1.078093
1.078094
1.078106
1.078129
1.078131
1.078112
1.078094
1.078097
1.078128
1.078161
1.078166
1.078145
1.078113
1.078103
1.078104
1.078121
1.078138
1.078149
1.078150
1.078129
1.078104
1.078067
1.078047
1.078031
1.078009
1.077975
1.077934
1.077902
1.077878
1.077862
1.077851
1.077843
1.077839
1.077836
1.077834
1.077833
1.077832
1.077832
1.077832
1.077832
1.077832
1.077831
1.077831
1.077831
1.077831
1.077831
1.077831
1.077831
1.077831
1.077831
1.077831
1.077831
1.077831
1.077831
1.077831
1.077831
1.077831
1.077831
1.077831
1.077831
1.077831
1.077831
1.077831
1.077831
1.077831
1.077831
1.077831
1.077831
1.077831
1.077831
1.077831
1.077831
1.077831
1.077831
1.077831
1.077831
1.077831
1.077831
1.077831
1.077831
1.077831
1.077831
1.077831
1.077831
1.077831
1.077831
1.077831
1.077831
1.077831
1.077831
1.077831
1.077831
1.077831
1.077831
1.077831
1.077831
1.077831
1.077831
1.077831
1.077831
1.077831
1.077831
1.077831
1.077831
1.077831
1.077831
1.077831
1.077831
1.077831
1.077831
1.077831
1.077831
1.077831
1.077831
1.077831
1.077831
1.077831
1.077831
1.077831
1.077831
1.077831
1.077831
1.077831
1.077831
1.077831
1.077831
1.077831
1.077831
1.077831
1.077831
1.077831
1.077831
1.077831
1.077831
1.077831
1.077831
1.077831
1.077831
1.077831
1.077831
1.077831
1.077831
1.077831
1.077831
1.077831
1.077831
1.077831
1.077831
1.077831
1.077831
1.077831
1.077831
1.077831
1.077831
1.077831
1.077831
1.077831
1.077831
1.077831
1.077831
1.077831
1.077831
1.077831
1.077831
1.077831
1.077831
1.077831
1.077831
1.077831
1.077831
1.077831
