0.054408
0.005413
0.010812
0.012409
0.019472
0.026282
0.026444
0.025297
0.031409
0.032211
0.032521
0.030854
0.027847
0.024968
0.021787
0.019957
0.020356
0.019490
0.020217
0.021989
0.024999
0.028109
0.030559
0.033409
0.036877
0.039185
0.039580
0.039810
0.040095
0.040559
0.041111
0.042206
0.043301
0.044458
0.044550
0.044214
0.043424
0.042539
0.041449
0.042926
0.044733
0.047765
0.052891
0.058487
0.066272
0.076750
0.087930
0.102941
0.122583
0.287347
0.388965
0.429384
0.428075
0.439015
0.500581
0.470618
0.426667
0.417504
0.459567
0.521740
0.563158
0.615720
0.698984
0.809198
0.815564
0.828700
0.854996
0.948798
0.989265
0.994497
0.961595
1.061944
1.055007
1.054217
1.039905
1.041800
0.960574
0.914595
0.881848
0.918458
0.876046
0.921507
1.037319
1.112668
1.171336
1.192336
1.233876
1.224085
1.105756
1.051048
1.004758
0.972089
1.037092
1.094500
1.192541
1.364272
1.386522
1.410454
1.386167
1.313424
1.246463
1.208921
1.202644
1.238011
1.270192
1.298172
1.305194
1.294635
1.324028
1.341755
1.406070
1.507625
1.661311
1.800107
1.721417
1.604449
1.535558
1.513179
1.475002
1.452378
1.464368
1.603202
1.561866
1.529514
1.502068
1.656766
1.679570
1.672466
1.629301
1.629878
1.600475
1.556478
1.507740
1.607034
1.642164
1.663196
1.665724
1.632996
1.559453
1.506184
1.360019
1.245765
1.235467
1.253506
1.328427
1.424238
1.486300
1.706285
1.870828
1.922054
1.906959
1.848323
1.754389
1.649108
1.529600
1.448776
1.405802
1.404725
1.446034
1.495309
1.521172
1.519896
1.581931
1.530866
1.457447
1.369457
1.458000
1.448796
1.419660
1.390720
1.459469
1.486124
1.562729
1.558790
1.616502
1.507296
1.362938
1.261413
1.195415
1.154934
1.227067
1.325787
1.459107
1.469129
1.525638
1.586015
1.655109
1.645781
1.629696
1.582918
1.527860
1.373785
1.450402
1.510249
1.556899
1.522695
1.471874
1.447799
1.383876
1.227359
1.252263
1.347459
1.398957
1.424301
1.272492
1.223080
1.198600
1.167338
1.137461
1.298840
1.354933
1.309528
1.187943
1.058167
0.944543
0.862818
0.824052
0.925693
1.010308
1.050042
1.143771
1.225510
1.257070
1.206876
1.156254
1.205646
1.146146
1.068345
0.967861
0.937897
0.883160
0.862917
0.836970
0.977347
1.013844
1.008006
0.952197
1.028815
1.004917
0.993524
0.982322
1.028395
0.984988
0.930020
0.851835
0.751081
0.713273
0.670760
0.643111
0.667666
0.656396
0.679820
0.728871
0.661171
0.711891
0.765277
0.766575
0.755232
0.657152
0.587042
0.540110
0.485747
0.481170
0.475409
0.469768
0.520586
0.508661
0.502834
0.502612
0.501644
0.592063
0.603710
0.581153
0.533916
0.523603
0.484080
0.423744
0.421362
0.417132
0.416890
0.445472
0.465368
0.526310
0.604673
0.597535
0.578333
0.590896
0.566567
0.550911
0.518538
0.482040
0.572251
0.550474
0.563602
0.615310
0.638224
0.627352
0.580747
0.502150
0.470231
0.417785
0.381722
0.336161
0.334524
0.335214
0.335085
0.376795
0.386945
0.381887
0.368419
0.329624
0.366690
0.327392
0.323198
0.321305
0.326014
0.361105
0.399320
0.463743
0.593129
0.619822
0.560734
0.518041
0.489469
0.427525
0.386340
0.373821
0.396344
0.378972
0.394614
0.409889
0.437759
0.494328
0.468693
0.437462
0.410179
0.399457
0.393292
0.394505
0.362822
0.389377
0.420978
0.421869
0.399010
0.418600
0.402970
0.387325
0.357259
0.309079
0.262807
0.305544
0.313949
0.332770
0.309381
0.252804
0.248031
0.243211
0.238464
0.238818
0.295954
0.329596
0.349315
0.385627
0.430201
0.470566
0.400116
0.445904
0.465363
0.453112
0.388323
0.297548
0.241396
0.240544
0.182338
0.175832
0.233437
0.231316
0.228325
0.227566
0.229330
0.229020
0.226577
0.226403
0.281331
0.328360
0.389053
0.426548
0.443043
0.387588
0.284773
0.223362
0.284608
0.288521
0.285522
0.284929
0.289380
0.294922
0.212152
0.212210
0.212578
0.213936
0.212093
0.210882
0.161193
0.206333
0.205027
0.291156
0.308796
0.304426
0.293146
0.267178
0.275030
0.302152
0.351276
0.430500
0.475844
0.421294
0.330857
0.192257
0.191853
0.191901
0.192011
0.193111
0.263251
0.273882
0.291598
0.273782
0.273735
0.263630
0.270475
0.192762
0.189836
0.186567
0.185229
0.185365
0.187160
0.186291
0.185041
0.183335
0.180949
0.178899
0.179276
0.179216
0.179503
0.181182
0.179524
0.177996
0.176624
0.176612
0.177274
0.177802
0.178009
0.260298
0.183869
0.183780
0.183143
0.184127
0.255364
0.265392
0.273328
0.250790
0.263107
0.247504
0.246949
0.251518
0.251196
0.258691
0.154370
0.150630
0.258701
0.144765
0.142109
0.140794
0.137749
0.136242
0.132028
0.126292
0.123038
0.117324
0.111860
0.107491
0.103095
0.103478
0.101038
0.096604
0.093919
0.092234
0.089595
0.086327
0.083533
0.083946
0.083642
0.082460
0.080346
0.079451
0.077894
0.077103
0.076869
0.076779
0.077443
0.077860
0.077885
0.076971
0.074913
0.072733
0.070770
0.068406
0.068464
0.068413
0.068537
0.068510
0.069095
0.068271
0.066037
0.063041
0.061487
0.059806
0.057476
0.056556
0.056254
0.056634
0.057349
0.057778
0.059104
0.061371
0.062266
0.062166
0.060671
0.059877
0.058964
0.058339
0.057462
0.058914
0.059470
0.058730
0.058555
0.060139
0.061621
0.061723
0.059837
0.059131
0.059740
0.059593
0.058580
0.056175
0.055856
0.055343
0.054421
0.052729
0.052957
0.054057
0.055668
0.055234
0.055261
0.055317
0.055343
0.055145
0.054668
0.054524
0.054976
0.054381
0.053809
0.053006
0.052106
0.051346
0.051422
0.053103
0.054177
0.053293
0.053552
0.053403
0.053341
0.052618
0.049325
0.050318
0.050715
0.050437
0.051425
0.052309
0.053661
0.055369
0.053582
0.053223
0.051877
0.049598
0.048388
0.047529
0.047447
0.048310
0.050738
0.051556
0.052623
0.052998
0.052799
0.051993
0.050705
0.049916
0.051430
0.050473
0.050651
0.051689
0.052665
0.052543
0.051608
0.051169
0.051546
0.050698
0.050209
0.050850
0.052739
0.053948
0.054353
0.054900
0.055610
0.055115
0.055880
0.056449
0.057070
0.057272
0.058745
0.059448
0.060215
0.061290
0.063526
0.066281
0.069304
0.069924
0.073335
0.074750
0.075692
0.078425
0.079682
0.081323
0.083003
0.084507
0.084982
0.084825
0.085622
0.087691
0.088145
0.090255
0.093741
0.098978
0.103769
0.109640
0.117971
0.129454
0.139142
0.262539
0.302773
0.358331
0.423933
0.593099
0.690259
0.765622
0.871942
0.927130
0.995002
1.004224
0.995560
1.174516
1.315477
1.379489
1.373755
1.259768
1.191597
1.032739
0.800353
0.664165
0.619818
0.558658
0.475302
0.396366
0.223331
0.092954
0.066732
0.048282
0.034851
0.023936
0.015416
0.012138
0.009639
0.007975
0.006622
0.004975
0.003837
0.002335
0.001381
0.001350
0.001344
0.001243
0.001313
0.001431
0.001774
0.001277
0.001605
0.002278
0.002695
0.002564
0.002586
0.002634
0.003017
0.002551
0.002487
0.002575
0.002444
0.001696
0.001145
0.000922
0.001235
0.001808
0.002304
0.002631
0.002789
0.002429
0.001750
0.001166
0.001127
0.001337
0.001955
0.002682
0.003402
0.003542
0.003106
0.002594
0.002104
0.001276
0.001365
0.001614
0.002043
0.002643
0.002817
0.002988
0.002912
0.002322
0.002158
0.001907
0.001414
0.000991
0.000797
0.000606
0.000958
0.001355
0.001708
0.002005
0.001940
0.001415
0.001478
0.000797
0.000709
0.000780
0.001030
0.001320
0.001605
0.001552
0.001872
0.001531
0.001440
0.001380
0.001530
0.001897
0.002183
0.001878
0.002152
0.001534
0.001334
0.001204
0.001266
0.001570
0.001648
0.001755
0.002066
0.001549
0.001471
0.001354
0.001139
0.001168
0.001062
0.001094
0.001203
0.000447
0.000650
0.000791
0.000689
0.000784
0.000970
0.001081
0.000992
0.000385
0.001048
0.001568
0.001856
0.002135
0.002598
0.002705
0.002135
0.001185
0.001359
0.001507
0.001526
0.001033
0.001402
0.001344
0.001454
0.001324
0.001765
0.002035
0.002146
0.001806
0.002105
0.001959
0.001840
0.001709
0.001810
0.001541
0.001254
0.000876
0.000615
0.000664
0.000701
0.000505
0.000692
0.000750
0.000530
0.000367
0.000317
0.000644
0.001112
0.001590
0.002494
0.003298
0.003525
0.003440
0.003001
0.002436
0.001510
0.001121
0.000886
0.000237
0.000382
0.000590
0.000843
0.000958
0.000997
0.001284
0.001536
0.000686
0.000704
0.000732
0.000933
0.000476
0.000786
0.000840
0.001086
0.001079
0.001538
0.002000
0.002634
0.002527
0.002875
0.002285
0.001847
0.001288
0.001144
0.001188
0.001262
0.001216
0.001360
0.000825
0.000614
0.000325
0.000651
0.001227
0.001875
0.002255
0.002683
0.002703
0.002430
0.001553
0.001247
0.001253
0.001261
0.001317
0.001245
0.001396
0.001333
0.001204
0.001129
0.001601
0.001658
0.002021
0.002236
0.002508
0.002597
0.002651
0.002507
0.002770
0.002273
0.002189
0.002428
0.002018
0.001897
0.001979
0.002045
0.002288
0.002213
0.002184
0.002259
0.001689
0.001319
0.000871
0.000610
0.000394
0.000431
0.000390
0.000392
0.000347
0.000674
0.000770
0.001269
0.001882
0.002404
0.002946
0.003255
0.003036
0.002762
0.002250
0.001959
0.001827
0.001447
0.001117
0.001013
0.001108
0.001427
0.001927
0.002349
0.002699
0.003195
0.002727
0.002338
0.001689
0.001351
0.001441
0.001449
0.001410
0.001390
0.001022
0.001213
0.001416
0.001553
0.001768
0.001721
0.001570
0.001183
0.000909
0.000964
0.001257
0.001576
0.001697
0.001468
0.001547
0.001479
0.001430
0.001376
0.001489
0.001619
0.001313
0.000952
0.001064
0.000765
0.000688
0.001045
0.001490
0.001765
0.001413
0.001639
0.001984
0.002004
0.001657
0.001914
0.002195
0.002193
0.001543
0.001368
0.001135
0.000806
0.000421
0.000433
0.000838
0.001145
0.001258
0.001582
0.002050
0.002197
0.001972
0.001709
0.001438
0.001470
0.001278
0.001191
0.001064
0.001313
0.001501
0.001583
0.000943
0.000947
0.001068
0.001101
0.000643
0.000831
0.001026
0.000971
0.001043
0.000974
0.001039
0.000930
0.000581
0.000482
0.000517
0.000342
0.000461
0.000841
0.000877
0.001281
0.001678
0.001958
0.002278
0.002277
0.002255
0.003254
0.003228
0.003302
0.003501
0.003501
0.002918
0.002328
0.001566
0.001839
0.001894
0.001945
0.002037
0.002342
0.001827
0.001723
0.001837
0.002049
0.001976
0.001757
0.001206
0.000996
0.000842
0.000859
0.000921
0.001045
0.001092
0.001146
0.000989
0.000872
0.000963
0.000655
0.000756
0.000890
0.001031
0.000998
0.001097
0.001039
0.001325
0.000735
0.000996
0.001418
0.001790
0.001607
0.001625
0.001695
0.001887
0.001384
0.001150
0.001009
0.001247
0.001228
0.001256
0.001617
0.002060
0.002515
0.002467
0.002159
0.002081
0.002273
0.002087
0.001865
0.001372
0.001054
0.000795
0.000787
0.000886
0.001067
0.001005
0.001550
0.002124
0.002067
0.002388
0.002894
0.003335
0.003423
0.002548
0.002041
0.001859
0.001364
0.000878
0.000830
0.000842
0.000898
0.000798
0.000664
0.000538
0.000585
0.000600
0.000761
0.000909
0.001017
0.000802
0.000692
0.000596
0.000475
0.000316
0.000546
0.000772
0.000863
0.000697
0.000983
0.001176
0.001098
0.000675
0.000793
0.001064
0.001093
0.000933
0.001113
0.001147
0.001048
0.000908
0.000762
0.000831
0.000885
0.000717
0.000616
0.000305
0.000306
0.000385
0.000417
0.000382
0.000458
0.000537
0.000488
0.000499
0.000656
0.000797
0.000924
0.000827
0.000746
0.000588
0.000529
0.000519
0.000542
0.000511
0.000455
0.000129
0.000189
0.000241
0.000347
0.000638
0.000828
0.001212
0.001528
0.001152
0.001176
0.001064
0.000573
0.000757
0.000675
0.000835
0.001019
0.000980
0.001099
0.001086
0.000630
0.000820
0.000869
0.000861
0.001025
0.001090
0.001152
0.001235
0.001113
0.001148
0.001060
0.000988
0.000913
0.000973
0.001484
0.001991
0.002142
0.002202
0.002218
0.002586
0.002589
0.001915
0.001893
0.001527
0.001361
0.001203
0.001179
0.001066
0.001334
0.001370
0.001812
0.001714
0.001771
0.001767
0.001569
0.001121
0.000946
0.000764
0.000793
0.000902
0.000975
0.001187
0.000786
0.000811
0.000835
0.000575
0.000262
0.000588
0.000840
0.001250
0.001595
0.001754
0.001899
0.001651
0.000864
0.000699
0.000457
0.000403
0.000372
0.000370
0.000291
0.000409
0.000423
0.000383
0.000224
0.000444
0.000652
0.000796
0.000650
0.000762
0.000850
0.000605
0.000608
0.000973
0.001337
0.001605
0.001625
0.001789
0.001858
0.001581
0.001548
0.001597
0.001556
0.001367
0.001122
0.001061
0.001052
0.000895
0.000959
0.001075
0.001093
0.000858
0.000535
0.000626
0.000765
0.000808
0.000819
0.000863
0.000935
0.000944
0.000831
0.000810
0.000876
0.001083
0.001351
0.001490
0.001607
0.001741
0.001833
0.001777
0.001633
0.001511
0.001287
0.001256
0.001272
0.001104
0.000713
0.000695
0.000944
0.001173
0.001115
0.001066
0.001103
0.001131
0.000783
0.000589
0.000637
0.000539
0.000609
0.000681
0.000485
0.000706
0.000882
0.000886
0.000997
0.000745
0.000534
0.000431
0.000206
0.000243
0.000361
0.000472
0.000762
0.000981
0.001142
0.001176
0.001224
0.001212
0.001146
0.000856
0.000611
0.000423
0.000371
0.000577
0.000843
0.001108
0.001240
0.001305
0.001044
0.000856
0.000786
0.000871
0.000967
0.000992
0.000824
0.000867
0.000856
0.000717
0.000811
0.000905
0.000963
0.000705
0.000522
0.000443
0.000372
0.000437
0.000568
0.000607
0.000656
0.000583
0.000858
0.000949
0.000962
0.001065
0.001316
0.001294
0.001144
0.001151
0.001274
0.001040
0.000918
0.000738
0.000676
0.000624
0.000672
0.000806
0.000994
0.000657
0.000705
0.000804
0.000951
0.001085
0.001191
0.001296
0.001494
0.001115
0.000943
0.000941
0.001007
0.000979
0.000731
0.000605
0.000569
0.000514
0.000435
0.000436
0.000468
0.000564
0.000424
0.000736
0.001174
0.001572
0.001615
0.001807
0.001828
0.001562
0.001253
0.001170
0.001106
0.001048
0.000697
0.000612
0.000548
0.000275
0.000296
0.000318
0.000195
0.000409
0.000602
0.000718
0.000688
0.000525
0.000619
0.000831
0.000740
0.000865
0.001031
0.001246
0.001358
0.001218
0.001135
0.001061
0.001010
0.000878
0.000753
0.000621
0.000723
0.000787
0.000941
0.000503
0.000565
0.000735
0.001107
0.001228
0.001486
0.001750
0.001954
0.001239
0.001375
0.001401
0.001479
0.001438
0.001393
0.001387
0.001039
0.000540
0.000694
0.000833
0.000931
0.000962
0.001144
0.001135
0.000648
0.000580
0.000555
0.000562
0.000560
0.000356
0.000323
0.000292
0.000183
0.000188
0.000181
0.000229
0.000287
0.000331
0.000301
0.000240
0.000173
0.000120
0.000040
0.000041
0.000179
0.000294
0.000393
0.000457
0.000541
0.000637
0.000635
0.000545
0.000659
0.000739
0.000764
0.000650
0.000559
0.000484
0.000520
0.000357
0.000353
0.000440
0.000529
0.000451
0.000432
0.000445
0.000452
0.000388
0.000397
0.000445
0.000483
0.000393
0.000308
0.000258
0.000218
0.000208
0.000174
0.000222
0.000348
0.000504
0.000662
0.000843
0.000992
0.001076
0.000989
0.000840
0.000638
0.000492
0.000396
0.000254
-0.000020
0.000095
0.000321
0.000551
0.000761
0.000947
0.001036
0.000924
0.000531
0.000338
0.000367
0.000346
0.000288
0.000251
0.000400
0.000644
0.000834
0.000879
0.000850
0.001060
0.001064
0.000837
0.000739
0.000750
0.000769
0.000805
0.000566
0.000761
0.000926
0.000990
0.000967
0.000923
0.000702
0.000470
0.000466
0.000607
0.000663
0.000771
0.000766
0.000971
0.000916
0.000876
0.000801
0.000822
0.000836
0.000858
0.000839
0.000952
0.000868
0.000891
0.000876
0.000698
0.000538
0.000586
0.000695
0.000673
0.000636
0.000708
0.000864
0.001119
0.000817
0.000944
0.001166
0.001090
0.001095
0.001010
0.000957
0.001098
0.000977
0.001060
0.001201
0.001282
0.001241
0.000823
0.000682
0.000562
0.000564
0.000564
0.000593
0.000580
0.000682
0.000441
0.000450
0.000474
0.000419
0.000438
0.000404
0.000278
0.000215
0.000063
0.000072
0.000123
0.000094
0.000216
0.000295
0.000415
0.000547
0.000519
0.000532
0.000579
0.000417
0.000572
0.000514
0.000568
0.000655
0.000790
0.000809
0.000815
0.000615
0.000565
0.000424
0.000356
0.000295
0.000295
0.000223
0.000242
0.000251
0.000281
0.000547
0.000719
0.000871
0.001081
0.001105
0.001018
0.000726
0.000419
0.000485
0.000499
0.000538
0.000629
0.000661
0.000759
0.000763
0.000462
0.000404
0.000294
0.000237
0.000239
0.000226
0.000331
0.000457
0.000550
0.000711
0.000696
0.000574
0.000468
0.000548
0.000636
0.000688
0.000789
0.000960
0.001042
0.001030
0.001000
0.000964
0.000930
0.000670
0.000635
0.000691
0.000530
0.000581
0.000683
0.000802
0.000935
0.000897
0.000866
0.000826
0.000604
0.000630
0.000679
0.000632
0.000457
0.000457
0.000531
0.000571
0.000413
0.000351
0.000475
0.000604
0.000516
0.000516
0.000527
0.000589
0.000550
0.000434
0.000422
0.000456
0.000420
0.000445
0.000343
0.000227
0.000108
0.000128
0.000018
0.000195
0.000455
0.000793
0.001004
0.001225
0.001271
0.001308
0.000982
0.000762
0.000553
0.000478
0.000331
0.000345
0.000376
0.000437
0.000485
0.000471
0.000324
0.000193
0.000150
-0.000034
-0.000012
0.000088
0.000197
0.000289
0.000418
0.000520
0.000398
0.000349
0.000458
0.000604
0.000710
0.000771
0.000896
0.000945
0.000539
0.000578
0.000562
0.000541
0.000427
0.000354
0.000334
0.000279
0.000208
0.000211
0.000153
0.000173
0.000155
0.000133
0.000163
0.000196
0.000166
0.000279
0.000187
0.000301
0.000524
0.000683
0.000799
0.000865
0.000837
0.001045
0.000927
0.000892
0.000870
0.000974
0.001011
0.000927
0.000693
0.000560
0.000532
0.000426
0.000248
0.000168
0.000163
-0.000001
0.000083
0.000235
0.000370
0.000300
0.000419
0.000566
0.000896
0.000804
0.000921
0.001095
0.001129
0.000838
0.000741
0.000600
0.000638
0.000508
0.000586
0.000819
0.000862
0.000816
0.000925
0.001073
0.001074
0.000695
0.000564
0.000617
0.000515
0.000482
0.000495
0.000509
0.000440
0.000242
0.000054
0.000106
0.000231
0.000365
0.000616
0.000905
0.001118
0.001221
0.001019
0.000897
0.000836
0.000568
0.000490
0.000520
0.000520
0.000491
0.000472
0.000427
0.000428
0.000311
0.000343
0.000417
0.000452
0.000496
0.000397
0.000345
0.000317
0.000276
0.000273
0.000295
0.000274
0.000184
0.000084
0.000204
0.000336
0.000443
0.000480
0.000542
0.000602
0.000509
0.000497
0.000488
0.000579
0.000634
0.000589
0.000458
0.000339
0.000331
0.000358
0.000221
0.000194
0.000183
0.000170
0.000161
0.000188
0.000427
0.000722
0.000891
0.001099
0.001196
0.001108
0.000808
0.000537
0.000523
0.000615
0.000571
0.000625
0.000714
0.000743
0.000562
0.000418
0.000331
0.000317
0.000207
0.000355
0.000506
0.000689
0.000646
0.000827
0.000928
0.000864
0.000386
0.000509
0.000597
0.000672
0.000716
0.000739
0.000811
0.000787
0.000434
0.000532
0.000726
0.000902
0.001038
0.000955
0.000880
0.000677
0.000329
0.000389
0.000542
0.000735
0.000946
0.001080
0.001086
0.001056
0.000735
0.000574
0.000564
0.000570
0.000594
0.000618
0.000435
0.000510
0.000469
0.000292
0.000345
0.000457
0.000535
0.000577
0.000497
0.000487
0.000454
0.000329
0.000243
0.000206
0.000229
0.000280
0.000380
0.000461
0.000640
0.000647
0.000859
0.000906
0.000922
0.000835
0.000821
0.000789
0.000815
0.000671
0.000893
0.001015
0.001124
0.001133
0.001024
0.000841
0.000588
0.000441
0.000387
0.000222
0.000244
0.000338
0.000443
0.000380
0.000331
0.000411
0.000516
0.000403
0.000395
0.000503
0.000717
0.000968
0.000977
0.001139
0.001279
0.001290
0.001088
0.000820
0.000627
0.000530
0.000426
0.000408
0.000385
0.000313
0.000289
0.000216
0.000313
0.000402
0.000535
0.000720
0.000844
0.000709
0.000820
0.000738
0.000718
0.000690
0.000628
0.000543
0.000467
0.000306
0.000373
0.000409
0.000486
0.000510
0.000587
0.000579
0.000503
0.000468
0.000446
0.000389
0.000310
0.000243
0.000167
0.000139
0.000127
0.000159
0.000194
0.000292
0.000343
0.000391
0.000374
0.000344
0.000347
0.000394
0.000370
0.000404
0.000448
0.000481
0.000373
0.000280
0.000182
0.000201
0.000200
0.000199
0.000135
0.000192
0.000238
0.000214
0.000182
0.000246
0.000303
0.000274
0.000142
0.000199
0.000302
0.000356
0.000320
0.000402
0.000479
0.000392
0.000294
0.000236
0.000255
0.000252
0.000089
0.000204
0.000198
0.000246
0.000400
0.000561
0.000746
0.000941
0.000932
0.001086
0.001015
0.000927
0.000841
0.000766
0.000551
0.000463
0.000463
0.000372
0.000374
0.000444
0.000492
0.000697
0.000723
0.000759
0.000817
0.000794
0.000624
0.000498
0.000317
0.000253
0.000147
0.000035
0.000017
0.000079
0.000224
0.000384
0.000512
0.000605
0.000651
0.000511
0.000379
0.000249
0.000377
0.000456
0.000556
0.000616
0.000728
0.000658
0.000585
0.000428
0.000399
0.000255
0.000317
0.000403
0.000440
0.000423
0.000486
0.000552
0.000400
0.000189
0.000277
0.000341
0.000297
0.000523
0.000742
0.000909
0.000797
0.000745
0.000751
0.000756
0.000615
0.000675
0.000738
0.000753
0.000676
0.000685
0.000490
0.000417
0.000410
0.000289
0.000265
0.000283
0.000301
0.000341
0.000390
0.000394
0.000406
0.000446
0.000568
0.000575
0.000645
0.000737
0.000834
0.000758
0.000583
0.000614
0.000658
0.000456
0.000350
0.000323
0.000306
0.000205
0.000070
-0.000070
0.000035
0.000198
0.000354
0.000509
0.000472
0.000669
0.000740
0.000567
0.000536
0.000658
0.000743
0.000730
0.000469
0.000528
0.000612
0.000594
0.000458
0.000481
0.000472
0.000241
0.000152
0.000035
0.000175
0.000317
0.000391
0.000519
0.000549
0.000589
0.000558
0.000408
0.000459
0.000527
0.000587
0.000718
0.000586
0.000546
0.000523
0.000516
0.000387
0.000303
0.000296
0.000419
0.000437
0.000532
0.000629
0.000637
0.000494
0.000342
0.000286
0.000221
0.000119
0.000086
0.000149
0.000242
0.000288
0.000127
0.000247
0.000453
0.000578
0.000713
0.000891
0.001060
0.001131
0.000758
0.000501
0.000345
0.000257
0.000428
0.000534
0.000693
0.000774
0.001052
0.001189
0.001055
0.000807
0.000773
0.000659
0.000518
0.000352
0.000244
0.000265
0.000294
0.000275
0.000196
0.000223
0.000249
0.000259
0.000019
0.000082
0.000146
0.000183
0.000233
0.000246
0.000270
0.000305
0.000190
0.000253
0.000295
0.000342
0.000366
0.000448
0.000552
0.000590
0.000670
0.000775
0.000794
0.000739
0.000526
0.000416
0.000378
0.000322
0.000087
0.000046
0.000081
0.000140
0.000196
0.000251
0.000276
0.000347
0.000246
0.000157
0.000173
0.000152
0.000127
0.000201
0.000219
0.000275
0.000354
0.000368
0.000412
0.000344
0.000200
0.000172
0.000293
0.000291
0.000373
0.000474
0.000594
0.000667
0.000670
0.000583
0.000597
0.000527
0.000462
0.000360
0.000294
0.000267
0.000263
0.000202
0.000147
0.000130
0.000119
0.000142
0.000155
0.000170
0.000261
0.000197
0.000187
0.000321
0.000362
0.000396
0.000394
0.000418
0.000546
0.000481
0.000242
0.000458
0.000622
0.000689
0.000640
0.000795
0.000910
0.000893
0.000617
0.000668
0.000711
0.000659
0.000468
0.000434
0.000328
0.000292
0.000245
0.000202
0.000196
0.000146
0.000120
0.000093
0.000113
0.000078
0.000100
0.000164
0.000235
0.000228
0.000307
0.000384
0.000312
0.000264
0.000292
0.000372
0.000366
0.000435
0.000567
0.000732
0.000721
0.000863
0.001016
0.001161
0.001104
0.000935
0.000747
0.000475
0.000356
0.000336
0.000320
0.000329
0.000362
0.000395
0.000433
0.000385
0.000365
0.000366
0.000332
0.000259
0.000146
0.000118
0.000064
0.000058
0.000053
0.000061
0.000043
0.000053
0.000066
0.000123
0.000142
0.000189
0.000213
0.000284
0.000294
0.000299
0.000312
0.000365
0.000411
0.000456
0.000399
0.000350
0.000312
0.000323
0.000362
0.000414
0.000396
0.000429
0.000422
0.000333
0.000308
0.000313
0.000374
0.000442
0.000420
0.000432
0.000446
0.000370
0.000442
0.000453
0.000488
0.000525
0.000382
0.000304
0.000294
0.000248
0.000233
0.000342
0.000464
0.000526
0.000454
0.000500
0.000565
0.000579
0.000505
0.000533
0.000559
0.000492
0.000257
0.000230
0.000215
0.000186
0.000071
0.000088
0.000074
0.000144
0.000250
0.000389
0.000431
0.000539
0.000569
0.000641
0.000541
0.000523
0.000598
0.000668
0.000609
0.000553
0.000660
0.000711
0.000656
0.000563
0.000501
0.000403
0.000409
0.000161
0.000200
0.000272
0.000376
0.000416
0.000439
0.000437
0.000544
0.000393
0.000366
0.000395
0.000458
0.000575
0.000616
0.000517
0.000489
0.000549
0.000452
0.000395
0.000362
0.000389
0.000356
0.000354
0.000359
0.000603
0.000673
0.000863
0.001100
0.001226
0.001186
0.001114
0.000963
0.000865
0.000771
0.000673
0.000565
0.000415
0.000323
0.000288
0.000256
0.000138
0.000087
0.000043
0.000058
0.000102
0.000114
0.000184
0.000255
0.000317
0.000349
0.000283
0.000232
0.000165
0.000071
0.000127
0.000199
0.000250
0.000413
0.000540
0.000619
0.000481
0.000431
0.000370
0.000447
0.000469
0.000604
0.000673
0.000801
0.000731
0.000753
0.000522
0.000456
0.000428
0.000397
0.000260
0.000148
0.000167
0.000234
0.000274
0.000335
0.000370
0.000386
0.000399
0.000205
0.000093
0.000028
0.000173
0.000285
0.000458
0.000662
0.000729
0.000811
0.000807
0.000672
0.000642
0.000424
0.000420
0.000574
0.000552
0.000732
0.000911
0.001024
0.001074
0.000806
0.000612
0.000493
0.000402
0.000357
0.000247
0.000153
0.000183
0.000197
0.000223
0.000247
0.000205
0.000187
0.000019
0.000025
0.000083
0.000101
0.000187
0.000382
0.000585
0.000659
0.000708
0.000780
0.000809
0.000684
0.000647
0.000706
0.000816
0.000769
0.000810
0.000746
0.000650
0.000490
0.000474
0.000459
0.000474
0.000466
0.000591
0.000517
0.000563
0.000597
0.000624
0.000760
0.000809
0.000724
0.000700
0.000600
0.000603
0.000600
0.000438
0.000392
0.000391
0.000396
0.000309
0.000179
0.000102
0.000140
0.000167
0.000134
0.000254
0.000386
0.000479
0.000423
0.000416
0.000453
0.000504
0.000291
0.000181
0.000238
0.000407
0.000441
0.000599
0.000740
0.000845
0.000823
0.000602
0.000443
0.000376
0.000233
0.000250
0.000253
0.000231
0.000240
0.000286
0.000328
0.000360
0.000058
0.000126
0.000117
0.000189
0.000283
0.000319
0.000409
0.000549
0.000410
0.000481
0.000326
0.000391
0.000480
0.000438
0.000383
0.000356
0.000285
0.000413
0.000233
0.000349
0.000578
0.000741
0.000899
0.000930
0.000787
0.000916
0.000648
0.000561
0.000557
0.000408
0.000393
0.000331
0.000188
0.000135
0.000145
0.000241
0.000390
0.000456
0.000614
0.000709
0.000707
0.000545
0.000454
0.000380
0.000297
0.000156
0.000156
0.000183
0.000262
0.000280
0.000385
0.000471
0.000493
0.000369
0.000288
0.000170
0.000188
0.000157
0.000222
0.000291
0.000282
0.000284
0.000295
0.000264
0.000450
0.000743
0.001062
0.001351
0.001380
0.001278
0.001016
0.000815
0.000589
0.000474
0.000381
0.000234
0.000141
0.000145
0.000179
0.000250
0.000281
0.000344
0.000431
0.000263
0.000217
0.000253
0.000305
0.000350
0.000154
0.000233
0.000394
0.000361
0.000428
0.000576
0.000702
0.000793
0.000508
0.000453
0.000470
0.000400
0.000424
0.000498
0.000556
0.000559
0.000561
0.000483
0.000396
0.000243
0.000144
0.000106
0.000068
0.000052
0.000058
0.000130
0.000197
0.000254
0.000226
0.000291
0.000259
0.000257
0.000243
0.000293
0.000260
0.000245
0.000231
0.000324
0.000322
0.000363
0.000406
0.000365
0.000454
0.000515
0.000514
0.000605
0.000685
0.000733
0.000706
0.000453
0.000423
0.000366
0.000263
0.000333
0.000522
0.000650
0.000783
0.000971
0.001017
0.000899
0.000685
0.000528
0.000423
0.000334
0.000218
0.000142
0.000355
0.000504
0.000676
0.000854
0.000846
0.000913
0.000822
0.000523
0.000503
0.000408
0.000332
0.000244
0.000208
0.000178
0.000182
0.000140
0.000140
0.000128
0.000137
0.000094
0.000185
0.000291
0.000415
0.000459
0.000499
0.000440
0.000389
0.000309
0.000218
0.000313
0.000480
0.000610
0.000703
0.000697
0.000757
0.000693
0.000388
0.000257
0.000155
0.000172
0.000290
0.000398
0.000571
0.000739
0.000733
0.000743
0.000548
0.000467
0.000440
0.000406
0.000394
0.000448
0.000385
0.000357
0.000257
0.000344
0.000411
0.000390
0.000218
0.000256
0.000360
0.000390
0.000277
0.000515
0.000745
0.000966
0.000923
0.000978
0.001037
0.001105
0.000841
0.000891
0.000942
0.000936
0.000760
0.000785
0.000757
0.000730
0.000570
0.000515
0.000606
0.000684
0.000472
0.000587
0.000772
0.000877
0.000869
0.000866
0.000807
0.000766
0.000579
0.000509
0.000490
0.000472
0.000425
0.000442
0.000219
0.000205
0.000252
0.000293
0.000265
0.000205
0.000179
0.000254
0.000266
0.000338
0.000519
0.000718
0.000901
0.000940
0.000902
0.000874
0.000887
0.000732
0.000635
0.000507
0.000387
0.000281
0.000215
0.000191
0.000152
0.000055
0.000109
0.000240
0.000323
0.000378
0.000444
0.000497
0.000554
0.000471
0.000513
0.000585
0.000704
0.000757
0.000768
0.000644
0.000592
0.000461
0.000399
0.000299
0.000237
0.000248
0.000400
0.000542
0.000660
0.000628
0.000623
0.000646
0.000574
0.000527
0.000561
0.000629
0.000675
0.000501
0.000430
0.000389
0.000305
0.000264
0.000193
0.000137
0.000124
0.000058
0.000165
0.000275
0.000379
0.000436
0.000365
0.000379
0.000384
0.000341
0.000408
0.000459
0.000517
0.000556
0.000385
0.000426
0.000467
0.000481
0.000490
0.000500
0.000481
0.000376
0.000332
0.000278
0.000172
0.000067
0.000081
0.000277
0.000441
0.000647
0.000836
0.000893
0.000738
0.000506
0.000356
0.000481
0.000497
0.000591
0.000675
0.000737
0.000739
0.000696
0.000601
0.000702
0.000696
0.000755
0.000743
0.000613
0.000494
0.000485
0.000480
0.000456
0.000372
0.000425
0.000500
0.000519
0.000374
0.000291
0.000297
0.000253
0.000166
0.000233
0.000305
0.000368
0.000425
0.000361
0.000306
0.000248
0.000149
0.000123
0.000168
0.000188
0.000261
0.000342
0.000387
0.000320
0.000297
0.000252
0.000256
0.000075
0.000115
0.000225
0.000348
0.000471
0.000560
0.000718
0.000875
0.000727
0.000622
0.000587
0.000491
0.000412
0.000287
0.000166
0.000216
0.000263
0.000219
0.000189
0.000297
0.000370
0.000341
0.000304
0.000339
0.000394
0.000422
0.000273
0.000251
0.000319
0.000329
0.000391
0.000379
0.000377
0.000386
0.000352
0.000202
0.000038
0.000001
0.000078
0.000255
0.000413
0.000586
0.000770
0.000926
0.000713
0.000543
0.000390
0.000308
0.000226
0.000196
0.000181
0.000179
0.000089
0.000135
0.000207
0.000174
0.000235
0.000313
0.000294
0.000390
0.000356
0.000359
0.000368
0.000366
0.000377
0.000449
0.000314
0.000346
0.000359
0.000317
0.000262
0.000317
0.000286
0.000324
0.000379
0.000402
0.000380
0.000287
0.000222
0.000147
0.000157
0.000109
0.000125
0.000148
0.000163
0.000133
0.000105
0.000055
0.000181
0.000223
0.000356
0.000446
0.000549
0.000541
0.000453
0.000406
0.000460
0.000399
0.000406
0.000329
0.000288
0.000185
0.000066
0.000074
0.000143
0.000352
0.000581
0.000727
0.000774
0.000843
0.000876
0.000897
0.000861
0.000933
0.001005
0.000927
0.000599
0.000475
0.000450
0.000479
0.000507
0.000441
0.000578
0.000665
0.000539
0.000497
0.000533
0.000558
0.000507
0.000175
0.000175
0.000185
0.000185
0.000162
0.000141
0.000209
0.000248
0.000187
0.000195
0.000233
0.000253
0.000184
0.000083
0.000104
0.000179
0.000250
0.000163
0.000296
0.000405
0.000371
0.000381
0.000395
0.000469
0.000579
0.000453
0.000519
0.000496
0.000411
0.000422
0.000277
0.000309
0.000349
0.000383
0.000519
0.000507
0.000550
0.000560
0.000303
0.000393
0.000409
0.000294
0.000472
0.000648
0.000775
0.000748
0.000691
0.000751
0.000710
0.000512
0.000504
0.000471
0.000409
0.000267
0.000186
0.000207
0.000222
0.000218
0.000212
0.000268
0.000329
0.000408
0.000375
0.000339
0.000470
0.000523
0.000467
0.000607
0.000625
0.000662
0.000680
0.000468
0.000424
0.000334
0.000191
0.000145
0.000220
0.000315
0.000413
0.000417
0.000449
0.000473
0.000419
0.000229
0.000226
0.000208
0.000229
0.000236
0.000165
0.000215
0.000267
0.000198
0.000196
0.000176
0.000191
0.000212
0.000145
0.000006
0.000011
0.000089
0.000226
0.000359
0.000510
0.000721
0.000890
0.000744
0.000624
0.000519
0.000483
0.000303
0.000244
0.000269
0.000282
0.000258
0.000240
0.000312
0.000397
0.000371
0.000407
0.000510
0.000660
0.000676
0.000590
0.000611
0.000670
0.000727
0.000616
0.000457
0.000290
0.000354
0.000375
0.000443
0.000527
0.000613
0.000657
0.000648
0.000395
0.000345
0.000388
0.000438
0.000404
0.000380
0.000382
0.000551
0.000646
0.000548
0.000596
0.000714
0.000683
0.000480
0.000365
0.000352
0.000350
0.000311
0.000203
0.000212
0.000232
0.000240
0.000138
0.000106
0.000103
0.000063
0.000033
0.000111
0.000101
0.000197
0.000298
0.000440
0.000560
0.000551
0.000479
0.000528
0.000311
0.000220
0.000220
0.000179
0.000112
0.000168
0.000256
0.000389
0.000411
0.000527
0.000662
0.000629
0.000499
0.000443
0.000445
0.000416
0.000341
0.000213
0.000114
0.000165
0.000269
0.000371
0.000547
0.000765
0.000924
0.000798
0.000604
0.000708
0.000698
0.000621
0.000618
0.000651
0.000492
0.000382
0.000369
0.000354
0.000346
0.000395
0.000386
0.000340
0.000271
0.000399
0.000466
0.000487
0.000712
0.000845
0.000937
0.000891
0.001016
0.001113
0.000976
0.000860
0.000873
0.000635
0.000523
0.000513
0.000464
0.000435
0.000284
0.000283
0.000365
0.000306
0.000337
0.000447
0.000585
0.000620
0.000636
0.000701
0.000774
0.000709
0.000653
0.000624
0.000558
0.000396
0.000440
0.000507
0.000448
0.000404
0.000513
0.000638
0.000651
0.000636
0.000530
0.000606
0.000566
0.000444
0.000453
0.000472
0.000491
0.000493
0.000262
0.000159
0.000162
0.000239
0.000421
0.000458
0.000601
0.000799
0.000893
0.000885
0.000869
0.000854
0.000915
0.000700
0.000519
0.000398
0.000214
0.000218
0.000223
0.000237
0.000276
0.000253
0.000237
0.000222
0.000201
0.000208
0.000256
0.000312
0.000363
0.000215
0.000200
0.000244
0.000254
0.000201
0.000195
0.000251
0.000310
0.000184
0.000215
0.000233
0.000193
0.000210
0.000242
0.000315
0.000383
0.000340
0.000326
0.000340
0.000293
0.000306
0.000421
0.000519
0.000626
0.000662
0.000603
0.000575
0.000478
0.000275
0.000201
0.000204
0.000254
0.000312
0.000391
0.000470
0.000504
0.000352
0.000215
0.000165
0.000061
-0.000028
0.000132
0.000373
0.000622
0.000921
0.001245
0.001556
0.001593
0.001428
0.001340
0.001193
0.000966
0.000736
0.000517
0.000457
0.000355
0.000277
0.000175
0.000113
0.000203
0.000305
0.000357
0.000368
0.000452
0.000478
0.000388
0.000334
0.000248
0.000259
0.000329
0.000218
0.000253
0.000311
0.000350
0.000352
0.000264
0.000315
0.000438
0.000505
0.000535
0.000496
0.000461
0.000309
0.000218
0.000363
0.000503
0.000635
0.000748
0.000626
0.000584
0.000499
0.000345
0.000388
0.000471
0.000562
0.000587
0.000551
0.000524
0.000499
0.000473
0.000442
0.000447
0.000458
0.000254
0.000239
0.000107
0.000077
0.000214
0.000358
0.000583
0.000805
0.000850
0.000930
0.000728
0.000605
0.000527
0.000303
0.000309
0.000316
0.000254
0.000265
0.000170
0.000316
0.000467
0.000413
0.000508
0.000579
0.000573
0.000431
0.000218
0.000192
0.000210
0.000211
0.000238
0.000280
0.000428
0.000445
0.000503
0.000537
0.000623
0.000664
0.000635
0.000485
0.000442
0.000440
0.000447
0.000425
0.000475
0.000561
0.000566
0.000505
0.000364
0.000264
0.000314
0.000385
0.000470
0.000566
0.000549
0.000506
0.000445
0.000379
0.000350
0.000363
0.000354
0.000370
0.000284
0.000066
0.000131
0.000166
0.000145
0.000233
0.000263
0.000421
0.000564
0.000643
0.000852
0.000980
0.000918
0.000894
0.000652
0.000444
0.000274
0.000205
0.000194
0.000228
0.000228
0.000190
0.000327
0.000449
0.000516
0.000574
0.000701
0.000886
0.000930
0.000705
0.000665
0.000540
0.000462
0.000387
0.000382
0.000378
0.000451
0.000541
0.000610
0.000636
0.000690
0.000757
0.000785
0.000697
0.000640
0.000549
0.000398
0.000421
0.000437
0.000452
0.000211
0.000131
0.000251
0.000347
0.000383
0.000477
0.000536
0.000619
0.000453
0.000279
0.000291
0.000309
0.000287
0.000286
0.000210
0.000210
0.000234
0.000239
0.000158
0.000248
0.000406
0.000689
0.000850
0.000926
0.001035
0.001302
0.001220
0.001067
0.000994
0.001079
0.001214
0.001058
0.000842
0.000850
0.000911
0.000778
0.000595
0.000360
0.000321
0.000238
0.000222
0.000246
0.000397
0.000532
0.000622
0.000638
0.000610
0.000515
0.000407
0.000251
0.000174
0.000012
0.000014
0.000054
0.000148
0.000272
0.000360
0.000474
0.000564
0.000482
0.000481
0.000447
0.000428
0.000486
0.000438
0.000394
0.000347
0.000356
0.000322
0.000250
0.000137
0.000110
0.000054
0.000024
0.000011
-0.000026
0.000057
0.000148
0.000232
0.000314
0.000271
0.000275
0.000306
0.000267
0.000331
0.000391
0.000438
0.000462
0.000328
0.000219
0.000157
0.000176
0.000186
0.000312
0.000427
0.000492
0.000387
0.000492
0.000560
0.000598
0.000569
0.000614
0.000685
0.000717
0.000342
0.000374
0.000365
0.000312
0.000332
0.000211
0.000319
0.000460
0.000401
0.000481
0.000460
0.000426
0.000452
0.000305
0.000281
0.000354
0.000419
0.000341
0.000338
0.000374
0.000434
0.000534
0.000510
0.000536
0.000563
0.000398
0.000406
0.000513
0.000629
0.000779
0.000829
0.000845
0.000685
0.000671
0.000597
0.000558
0.000599
0.000620
0.000528
0.000592
0.000458
0.000335
0.000417
0.000317
0.000334
0.000457
0.000511
0.000662
0.000712
0.000644
0.000853
0.000749
0.000699
0.000688
0.000693
0.000650
0.000548
0.000336
0.000316
0.000215
0.000196
0.000169
0.000087
-0.000005
0.000055
0.000203
0.000449
0.000668
0.001006
0.001301
0.001407
0.001312
0.001106
0.000903
0.000690
0.000436
0.000358
0.000283
0.000199
0.000251
0.000183
0.000264
0.000367
0.000352
0.000391
0.000413
0.000321
0.000323
0.000171
0.000163
0.000181
0.000164
0.000110
0.000092
0.000132
0.000266
0.000358
0.000516
0.000649
0.000672
0.000727
0.000580
0.000442
0.000443
0.000551
0.000595
0.000641
0.000585
0.000649
0.000558
0.000453
0.000329
0.000304
0.000163
0.000114
0.000098
0.000089
0.000178
0.000267
0.000274
0.000345
0.000355
0.000391
0.000378
0.000295
0.000396
0.000486
0.000448
0.000382
0.000380
0.000404
0.000370
0.000211
0.000116
0.000145
0.000172
0.000142
0.000161
0.000187
0.000219
0.000239
0.000099
0.000086
0.000073
0.000055
0.000037
0.000022
0.000014
0.000017
0.000013
0.000011
0.000011
0.000012
0.000013
0.000013
0.000014
0.000014
0.000014
0.000015
0.000015
0.000015
0.000015
0.000015
0.000015
0.000015
0.000015
0.000015
0.000015
0.000015
0.000015
0.000015
0.000015
0.000015
0.000015
0.000015
0.000015
0.000015
0.000015
0.000015
0.000015
0.000015
0.000015
0.000015
0.000015
0.000015
0.000015
0.000015
0.000015
0.000015
0.000015
0.000015
0.000015
0.000015
0.000015
0.000015
0.000015
0.000015
0.000015
0.000015
0.000015
0.000015
0.000015
0.000015
0.000015
0.000015
0.000015
0.000015
0.000015
0.000015
0.000015
0.000015
0.000015
0.000015
0.000015
0.000015
0.000015
0.000015
0.000015
0.000015
0.000015
0.000015
0.000015
0.000015
0.000015
0.000015
0.000015
0.000015
0.000015
0.000015
0.000015
0.000015
0.000015
0.000015
0.000015
0.000015
0.000015
0.000015
0.000015
0.000015
0.000015
0.000015
0.000015
0.000015
0.000015
0.000015
0.000015
0.000015
0.000015
0.000015
0.000015
0.000015
0.000015
0.000015
0.000015
0.000015
0.000015
0.000015
0.000015
0.000015
0.000015
0.000015
0.000015
0.000015
0.000015
0.000015
0.000015
0.000015
0.000015
0.000015
0.000015
0.000015
0.000015
0.000015
0.000015
0.000015
0.000015
0.000015
0.000015
0.000015
0.000015
0.000015
0.000015
0.000015
0.000015
0.000015
0.000015
