1.228128
1.235970
1.235167
1.234992
1.233633
1.232662
1.232650
1.232865
1.231898
1.231778
1.231733
1.232010
1.232471
1.232873
1.233350
1.233610
1.233514
1.233637
1.233526
1.233234
1.232730
1.232189
1.231793
1.231322
1.230753
1.230366
1.230306
1.230245
1.230185
1.230107
1.230067
1.229906
1.229751
1.229591
1.229610
1.229660
1.229792
1.229954
1.230195
1.229975
1.229688
1.229196
1.228391
1.227467
1.226187
1.224463
1.222700
1.220239
1.216953
3.352444
3.806196
3.655182
3.195372
2.788576
2.756409
2.217414
1.571503
1.158468
1.148875
1.294175
1.310612
1.343429
1.478542
1.713418
1.557258
1.424128
1.343330
1.539125
1.563870
1.491367
1.314028
1.565610
1.521656
1.503713
1.448884
1.456385
1.192689
1.026615
0.901216
1.025421
0.874479
1.024521
1.394469
1.623026
1.787313
1.846711
1.959761
1.941918
1.629054
1.461036
1.301532
1.173242
1.352368
1.507768
1.756657
2.151034
2.167231
2.183639
2.093634
1.887110
1.677872
1.563270
1.530206
1.607205
1.662830
1.687087
1.661746
1.602463
1.618928
1.628020
1.749743
1.940960
2.219615
2.445563
2.277298
2.040020
1.878791
1.795596
1.689865
1.616927
1.619263
1.880300
1.774229
1.701304
1.653599
1.959183
1.994613
1.981097
1.905365
1.916610
1.859759
1.782483
1.701868
1.912950
1.976411
2.012755
2.014363
1.950754
1.802203
1.699923
1.393744
1.122680
1.097136
1.146015
1.336856
1.566038
1.714973
2.161625
2.469569
2.574699
2.574961
2.481443
2.327622
2.148063
1.916164
1.741617
1.652893
1.666731
1.792832
1.911760
1.989982
2.020698
2.155307
2.060995
1.917457
1.735175
1.934484
1.913107
1.867071
1.828581
2.001173
2.072324
2.244183
2.253426
2.371506
2.143439
1.833664
1.592554
1.421022
1.302839
1.478647
1.713630
2.012860
2.029173
2.137219
2.259083
2.402513
2.393880
2.373136
2.294972
2.202502
1.892946
2.070779
2.219787
2.346198
2.308498
2.259445
2.251443
2.159200
1.829366
1.935506
2.214131
2.381997
2.475625
2.179836
2.098667
2.082146
2.048353
2.006867
2.443458
2.617730
2.567689
2.288172
1.970231
1.668934
1.448188
1.340003
1.709975
2.005453
2.166625
2.449962
2.693981
2.811408
2.738574
2.640638
2.802017
2.681189
2.506493
2.233772
2.177568
2.033153
2.013629
1.978321
2.519676
2.683897
2.710300
2.569135
2.845882
2.792802
2.778096
2.765424
2.946926
2.841165
2.685814
2.433157
2.088358
1.949345
1.787695
1.693542
1.867990
1.835940
1.968472
2.203603
1.933746
2.184026
2.437017
2.472661
2.489349
2.051927
1.714458
1.471382
1.142767
1.143841
1.145183
1.146550
1.513364
1.461767
1.459520
1.485326
1.494092
2.050301
2.141942
2.055763
1.825257
1.776514
1.555589
1.157066
1.157500
1.158435
1.158534
1.378964
1.532481
1.918075
2.377363
2.372579
2.301441
2.427420
2.330241
2.294044
2.159915
1.981964
2.538022
2.451907
2.541913
2.820319
2.928073
2.875407
2.656249
2.247245
2.066191
1.768257
1.540843
1.176123
1.176376
1.176198
1.176260
1.544157
1.584473
1.582957
1.499167
1.177461
1.537301
1.177836
1.178617
1.179019
1.178171
1.533786
1.881125
2.381034
3.188149
3.343254
3.092058
2.872627
2.677922
2.258641
1.969970
1.896776
2.104249
1.966207
2.098044
2.225921
2.437134
2.793274
2.658566
2.496745
2.373529
2.334315
2.326134
2.364881
2.130116
2.326908
2.592087
2.614888
2.436799
2.565271
2.476709
2.362040
2.124532
1.686786
1.190988
1.683127
1.781776
1.966223
1.769901
1.192956
1.193872
1.194806
1.195640
1.195633
1.871861
2.209091
2.346014
2.652241
2.983768
3.243042
2.748916
3.097095
3.226199
3.163170
2.685638
1.854613
1.195125
1.195234
0.348161
0.290990
1.196529
1.197005
1.197629
1.197738
1.197414
1.197451
1.197851
1.197908
1.880238
2.361774
2.894979
3.167582
3.270596
2.864767
1.939666
1.198645
1.992383
2.083833
2.104577
2.105908
2.150161
2.216833
1.200773
1.200725
1.200605
1.200334
1.200643
1.200824
0.383490
1.201674
1.202025
2.307920
2.554758
2.489540
2.373173
2.100918
2.165369
2.471424
2.942131
3.563359
3.909552
3.547811
2.836188
1.204467
1.204492
1.204467
1.204453
1.204293
2.166216
2.283148
2.470403
2.270986
2.251901
2.129411
2.227963
1.204370
1.204891
1.205440
1.205730
1.205733
1.205409
1.205498
1.205764
1.206077
1.206472
1.206769
1.206679
1.206698
1.206681
1.206372
1.206647
1.206946
1.207249
1.207273
1.207176
1.207097
1.207075
2.334529
1.206002
1.206018
1.206172
1.205961
2.301106
2.482986
2.625701
2.394797
2.555611
2.419436
2.450775
2.523548
2.594643
2.760965
1.211391
1.211986
2.954862
1.213035
1.213470
1.213716
1.214198
1.214498
1.215238
1.216195
1.216852
1.217800
1.218710
1.219455
1.220170
1.220131
1.220572
1.221346
1.221835
1.222137
1.222599
1.223116
1.223558
1.223518
1.223590
1.223799
1.224155
1.224266
1.224516
1.224609
1.224578
1.224560
1.224415
1.224315
1.224291
1.224472
1.224831
1.225227
1.225593
1.226022
1.226012
1.225994
1.225921
1.225911
1.225790
1.225931
1.226298
1.226797
1.227052
1.227324
1.227694
1.227830
1.227854
1.227828
1.227736
1.227674
1.227456
1.227102
1.226944
1.226933
1.227151
1.227271
1.227412
1.227516
1.227680
1.227501
1.227451
1.227581
1.227644
1.227396
1.227158
1.227126
1.227445
1.227517
1.227442
1.227498
1.227671
1.228033
1.228084
1.228163
1.228311
1.228547
1.228515
1.228326
1.228038
1.228077
1.228085
1.228058
1.228012
1.228059
1.228124
1.228136
1.228048
1.228110
1.228237
1.228412
1.228595
1.228731
1.228690
1.228416
1.228236
1.228317
1.228227
1.228252
1.228303
1.228434
1.228949
1.228842
1.228833
1.228925
1.228790
1.228658
1.228437
1.228145
1.228397
1.228451
1.228659
1.229012
1.229206
1.229328
1.229325
1.229167
1.228772
1.228636
1.228477
1.228440
1.228440
1.228567
1.228778
1.228934
1.228724
1.228879
1.228866
1.228743
1.228570
1.228574
1.228694
1.228763
1.228730
1.228897
1.228985
1.228893
1.228599
1.228382
1.228295
1.228180
1.228040
1.228114
1.227975
1.227903
1.227843
1.227790
1.227585
1.227476
1.227332
1.227124
1.226668
1.226204
1.225722
1.225561
1.225033
1.224796
1.224650
1.224259
1.224083
1.223868
1.223646
1.223431
1.223385
1.223382
1.223241
1.222909
1.222865
1.222464
1.221858
1.220988
1.220150
1.219136
1.217701
1.215726
1.214098
2.952283
3.063353
3.204195
3.379293
4.071745
4.181784
4.138855
4.225885
4.116349
4.030356
3.777233
3.552498
3.912026
4.165544
4.296750
4.360174
4.228270
4.253847
4.090842
3.673227
3.508824
3.752152
3.976906
4.119036
4.212900
3.124130
1.222025
1.226307
1.229227
1.231337
1.233041
1.234369
1.234879
1.235276
1.235544
1.235764
1.235993
1.236165
1.236393
1.236539
1.236539
1.236537
1.236552
1.236541
1.236521
1.236462
1.236521
1.236460
1.236351
1.236289
1.236321
1.236328
1.236332
1.236278
1.236341
1.236349
1.236337
1.236357
1.236477
1.236572
1.236613
1.236562
1.236467
1.236385
1.236330
1.236291
1.236335
1.236441
1.236540
1.236546
1.236508
1.236422
1.236317
1.236211
1.236204
1.236277
1.236356
1.236426
1.236546
1.236544
1.236516
1.236458
1.236379
1.236358
1.236330
1.236335
1.236420
1.236440
1.236470
1.236536
1.236593
1.236626
1.236649
1.236600
1.236546
1.236501
1.236464
1.236479
1.236551
1.236539
1.236627
1.236634
1.236619
1.236584
1.236543
1.236504
1.236513
1.236468
1.236529
1.236541
1.236536
1.236514
1.236454
1.236407
1.236437
1.236387
1.236492
1.236531
1.236546
1.236536
1.236491
1.236488
1.236473
1.236422
1.236502
1.236511
1.236524
1.236553
1.236544
1.236559
1.236550
1.236529
1.236648
1.236621
1.236606
1.236634
1.236626
1.236601
1.236587
1.236597
1.236674
1.236573
1.236497
1.236461
1.236418
1.236353
1.236342
1.236433
1.236579
1.236548
1.236520
1.236510
1.236575
1.236515
1.236525
1.236514
1.236543
1.236468
1.236416
1.236388
1.236431
1.236386
1.236421
1.236450
1.236481
1.236470
1.236511
1.236552
1.236605
1.236645
1.236633
1.236624
1.236650
1.236622
1.236618
1.236653
1.236682
1.236692
1.236651
1.236600
1.236533
1.236407
1.236296
1.236258
1.236263
1.236315
1.236385
1.236528
1.236579
1.236608
1.236696
1.236676
1.236648
1.236613
1.236601
1.236604
1.236563
1.236528
1.236646
1.236638
1.236629
1.236593
1.236671
1.236615
1.236599
1.236553
1.236556
1.236486
1.236419
1.236327
1.236366
1.236321
1.236416
1.236484
1.236561
1.236577
1.236566
1.236549
1.236555
1.236528
1.236610
1.236643
1.236680
1.236628
1.236533
1.236428
1.236371
1.236304
1.236312
1.236362
1.236493
1.236547
1.236539
1.236530
1.236516
1.236526
1.236500
1.236514
1.236539
1.236555
1.236469
1.236449
1.236384
1.236352
1.236306
1.236295
1.236298
1.236339
1.236294
1.236374
1.236389
1.236355
1.236414
1.236442
1.236438
1.236436
1.236400
1.236406
1.236407
1.236395
1.236470
1.236531
1.236604
1.236643
1.236680
1.236671
1.236678
1.236675
1.236673
1.236624
1.236604
1.236527
1.236437
1.236364
1.236286
1.236243
1.236275
1.236331
1.236408
1.236447
1.236461
1.236518
1.236559
1.236563
1.236536
1.236490
1.236419
1.236363
1.236319
1.236248
1.236324
1.236388
1.236485
1.236542
1.236535
1.236541
1.236550
1.236553
1.236609
1.236575
1.236540
1.236514
1.236477
1.236483
1.236503
1.236555
1.236610
1.236609
1.236569
1.236522
1.236502
1.236538
1.236517
1.236512
1.236515
1.236525
1.236507
1.236486
1.236523
1.236597
1.236585
1.236623
1.236633
1.236585
1.236526
1.236490
1.236539
1.236518
1.236474
1.236471
1.236514
1.236474
1.236431
1.236426
1.236515
1.236535
1.236571
1.236620
1.236677
1.236681
1.236627
1.236586
1.236571
1.236526
1.236463
1.236442
1.236472
1.236512
1.236555
1.236542
1.236560
1.236564
1.236586
1.236541
1.236507
1.236491
1.236585
1.236578
1.236556
1.236553
1.236632
1.236606
1.236578
1.236594
1.236585
1.236593
1.236584
1.236607
1.236658
1.236669
1.236664
1.236696
1.236674
1.236614
1.236607
1.236547
1.236493
1.236446
1.236394
1.236403
1.236396
1.236235
1.236228
1.236210
1.236178
1.236180
1.236261
1.236356
1.236486
1.236456
1.236463
1.236465
1.236458
1.236424
1.236498
1.236509
1.236492
1.236461
1.236473
1.236502
1.236579
1.236598
1.236617
1.236611
1.236597
1.236573
1.236557
1.236549
1.236580
1.236592
1.236576
1.236620
1.236613
1.236603
1.236586
1.236603
1.236596
1.236602
1.236560
1.236633
1.236585
1.236516
1.236455
1.236482
1.236484
1.236479
1.236461
1.236544
1.236583
1.236607
1.236577
1.236566
1.236551
1.236487
1.236412
1.236347
1.236354
1.236402
1.236433
1.236408
1.236441
1.236474
1.236542
1.236594
1.236625
1.236624
1.236614
1.236588
1.236607
1.236529
1.236438
1.236444
1.236397
1.236315
1.236243
1.236220
1.236359
1.236435
1.236459
1.236523
1.236604
1.236613
1.236613
1.236605
1.236623
1.236650
1.236671
1.236663
1.236655
1.236627
1.236601
1.236582
1.236611
1.236626
1.236640
1.236658
1.236676
1.236644
1.236613
1.236601
1.236644
1.236604
1.236577
1.236586
1.236648
1.236626
1.236584
1.236573
1.236605
1.236575
1.236572
1.236579
1.236603
1.236617
1.236602
1.236590
1.236618
1.236632
1.236689
1.236690
1.236678
1.236672
1.236677
1.236667
1.236655
1.236661
1.236660
1.236632
1.236607
1.236584
1.236596
1.236612
1.236643
1.236655
1.236659
1.236657
1.236661
1.236669
1.236719
1.236711
1.236702
1.236682
1.236638
1.236609
1.236551
1.236504
1.236565
1.236567
1.236584
1.236656
1.236629
1.236641
1.236616
1.236587
1.236593
1.236570
1.236570
1.236641
1.236613
1.236605
1.236610
1.236592
1.236589
1.236575
1.236559
1.236570
1.236571
1.236579
1.236587
1.236599
1.236581
1.236505
1.236425
1.236395
1.236398
1.236399
1.236347
1.236346
1.236438
1.236449
1.236508
1.236534
1.236565
1.236569
1.236589
1.236554
1.236547
1.236480
1.236496
1.236482
1.236478
1.236506
1.236567
1.236595
1.236627
1.236618
1.236601
1.236588
1.236556
1.236618
1.236616
1.236612
1.236655
1.236701
1.236654
1.236612
1.236549
1.236496
1.236475
1.236451
1.236488
1.236609
1.236635
1.236672
1.236680
1.236684
1.236684
1.236696
1.236677
1.236676
1.236678
1.236706
1.236671
1.236639
1.236617
1.236639
1.236625
1.236614
1.236643
1.236648
1.236588
1.236526
1.236479
1.236471
1.236444
1.236429
1.236468
1.236480
1.236476
1.236486
1.236519
1.236564
1.236584
1.236589
1.236611
1.236603
1.236586
1.236583
1.236618
1.236667
1.236652
1.236632
1.236624
1.236619
1.236613
1.236598
1.236587
1.236604
1.236599
1.236582
1.236546
1.236503
1.236490
1.236485
1.236474
1.236466
1.236480
1.236502
1.236517
1.236549
1.236548
1.236542
1.236565
1.236620
1.236621
1.236579
1.236542
1.236557
1.236568
1.236564
1.236564
1.236623
1.236653
1.236647
1.236665
1.236653
1.236635
1.236663
1.236622
1.236589
1.236587
1.236565
1.236610
1.236644
1.236659
1.236701
1.236700
1.236688
1.236680
1.236640
1.236610
1.236587
1.236578
1.236568
1.236566
1.236573
1.236618
1.236652
1.236678
1.236692
1.236663
1.236624
1.236584
1.236566
1.236551
1.236581
1.236607
1.236620
1.236604
1.236587
1.236579
1.236613
1.236604
1.236598
1.236625
1.236609
1.236593
1.236584
1.236622
1.236656
1.236670
1.236678
1.236670
1.236651
1.236646
1.236638
1.236653
1.236615
1.236601
1.236597
1.236585
1.236551
1.236558
1.236582
1.236582
1.236567
1.236600
1.236618
1.236646
1.236651
1.236656
1.236646
1.236625
1.236597
1.236650
1.236642
1.236628
1.236597
1.236569
1.236546
1.236523
1.236485
1.236549
1.236577
1.236577
1.236564
1.236569
1.236607
1.236632
1.236643
1.236659
1.236676
1.236678
1.236675
1.236668
1.236685
1.236639
1.236576
1.236518
1.236511
1.236480
1.236473
1.236520
1.236561
1.236571
1.236580
1.236587
1.236636
1.236647
1.236654
1.236699
1.236699
1.236696
1.236713
1.236684
1.236658
1.236643
1.236646
1.236667
1.236661
1.236630
1.236640
1.236622
1.236594
1.236561
1.236541
1.236555
1.236570
1.236586
1.236596
1.236616
1.236627
1.236642
1.236622
1.236604
1.236576
1.236646
1.236642
1.236618
1.236558
1.236544
1.236504
1.236455
1.236417
1.236522
1.236506
1.236509
1.236501
1.236516
1.236531
1.236536
1.236585
1.236661
1.236644
1.236628
1.236617
1.236618
1.236592
1.236591
1.236654
1.236659
1.236658
1.236653
1.236650
1.236683
1.236687
1.236694
1.236714
1.236714
1.236713
1.236705
1.236695
1.236688
1.236690
1.236700
1.236711
1.236721
1.236732
1.236733
1.236715
1.236702
1.236691
1.236681
1.236668
1.236653
1.236652
1.236662
1.236646
1.236636
1.236637
1.236655
1.236667
1.236676
1.236668
1.236691
1.236687
1.236669
1.236652
1.236664
1.236668
1.236666
1.236664
1.236677
1.236676
1.236668
1.236661
1.236673
1.236689
1.236699
1.236706
1.236707
1.236710
1.236703
1.236685
1.236660
1.236642
1.236619
1.236599
1.236589
1.236601
1.236623
1.236653
1.236674
1.236687
1.236707
1.236745
1.236729
1.236699
1.236668
1.236640
1.236615
1.236603
1.236617
1.236671
1.236700
1.236693
1.236695
1.236703
1.236707
1.236679
1.236639
1.236608
1.236603
1.236606
1.236575
1.236577
1.236617
1.236629
1.236627
1.236624
1.236619
1.236656
1.236628
1.236606
1.236600
1.236603
1.236610
1.236645
1.236680
1.236679
1.236652
1.236638
1.236618
1.236613
1.236577
1.236588
1.236597
1.236609
1.236604
1.236600
1.236597
1.236603
1.236584
1.236596
1.236596
1.236601
1.236631
1.236661
1.236658
1.236644
1.236644
1.236646
1.236631
1.236605
1.236567
1.236614
1.236602
1.236574
1.236588
1.236594
1.236609
1.236612
1.236588
1.236598
1.236582
1.236557
1.236543
1.236552
1.236616
1.236639
1.236657
1.236658
1.236663
1.236661
1.236666
1.236650
1.236681
1.236677
1.236672
1.236676
1.236671
1.236676
1.236698
1.236707
1.236732
1.236730
1.236723
1.236729
1.236710
1.236698
1.236678
1.236656
1.236658
1.236650
1.236639
1.236668
1.236644
1.236655
1.236651
1.236642
1.236624
1.236622
1.236619
1.236651
1.236657
1.236676
1.236686
1.236696
1.236698
1.236710
1.236707
1.236707
1.236704
1.236668
1.236646
1.236624
1.236595
1.236588
1.236599
1.236638
1.236681
1.236666
1.236663
1.236655
1.236640
1.236635
1.236620
1.236622
1.236669
1.236677
1.236692
1.236700
1.236701
1.236708
1.236697
1.236681
1.236671
1.236648
1.236645
1.236660
1.236671
1.236653
1.236638
1.236626
1.236611
1.236584
1.236571
1.236572
1.236581
1.236585
1.236594
1.236635
1.236641
1.236635
1.236665
1.236655
1.236636
1.236616
1.236595
1.236600
1.236605
1.236613
1.236652
1.236649
1.236640
1.236645
1.236668
1.236668
1.236656
1.236649
1.236680
1.236694
1.236674
1.236654
1.236664
1.236659
1.236656
1.236643
1.236649
1.236669
1.236668
1.236662
1.236667
1.236663
1.236681
1.236702
1.236723
1.236717
1.236733
1.236707
1.236668
1.236616
1.236584
1.236552
1.236549
1.236541
1.236587
1.236621
1.236653
1.236668
1.236692
1.236690
1.236686
1.236677
1.236670
1.236671
1.236690
1.236713
1.236719
1.236744
1.236742
1.236729
1.236715
1.236703
1.236686
1.236673
1.236694
1.236696
1.236677
1.236653
1.236635
1.236624
1.236604
1.236597
1.236658
1.236651
1.236651
1.236653
1.236672
1.236684
1.236688
1.236699
1.236710
1.236710
1.236717
1.236713
1.236716
1.236717
1.236713
1.236708
1.236714
1.236696
1.236707
1.236690
1.236661
1.236637
1.236625
1.236620
1.236626
1.236594
1.236605
1.236606
1.236608
1.236591
1.236587
1.236602
1.236640
1.236660
1.236666
1.236682
1.236707
1.236719
1.236720
1.236746
1.236733
1.236709
1.236689
1.236701
1.236679
1.236651
1.236598
1.236612
1.236592
1.236564
1.236558
1.236614
1.236632
1.236648
1.236641
1.236661
1.236650
1.236614
1.236602
1.236614
1.236601
1.236579
1.236578
1.236639
1.236659
1.236650
1.236660
1.236665
1.236662
1.236659
1.236668
1.236701
1.236731
1.236725
1.236706
1.236683
1.236646
1.236602
1.236571
1.236554
1.236584
1.236604
1.236615
1.236649
1.236663
1.236658
1.236657
1.236664
1.236669
1.236679
1.236680
1.236693
1.236686
1.236672
1.236665
1.236656
1.236670
1.236681
1.236689
1.236697
1.236698
1.236697
1.236702
1.236720
1.236731
1.236710
1.236688
1.236669
1.236661
1.236648
1.236638
1.236659
1.236661
1.236665
1.236652
1.236644
1.236655
1.236673
1.236691
1.236692
1.236686
1.236706
1.236708
1.236709
1.236712
1.236711
1.236711
1.236677
1.236634
1.236609
1.236578
1.236564
1.236581
1.236625
1.236667
1.236666
1.236648
1.236648
1.236636
1.236618
1.236611
1.236641
1.236667
1.236682
1.236684
1.236700
1.236682
1.236664
1.236639
1.236651
1.236624
1.236609
1.236616
1.236681
1.236660
1.236647
1.236636
1.236631
1.236629
1.236621
1.236626
1.236676
1.236658
1.236625
1.236595
1.236572
1.236585
1.236598
1.236631
1.236686
1.236679
1.236655
1.236624
1.236590
1.236569
1.236564
1.236568
1.236621
1.236650
1.236653
1.236652
1.236647
1.236643
1.236667
1.236655
1.236663
1.236695
1.236689
1.236676
1.236666
1.236662
1.236675
1.236677
1.236681
1.236697
1.236708
1.236712
1.236707
1.236700
1.236689
1.236679
1.236651
1.236647
1.236617
1.236610
1.236606
1.236617
1.236619
1.236630
1.236623
1.236638
1.236602
1.236584
1.236568
1.236567
1.236581
1.236615
1.236653
1.236675
1.236682
1.236703
1.236700
1.236685
1.236668
1.236681
1.236690
1.236679
1.236665
1.236683
1.236683
1.236666
1.236635
1.236599
1.236601
1.236578
1.236559
1.236565
1.236593
1.236632
1.236658
1.236670
1.236682
1.236684
1.236686
1.236697
1.236698
1.236709
1.236693
1.236677
1.236658
1.236629
1.236611
1.236636
1.236620
1.236630
1.236631
1.236634
1.236645
1.236657
1.236664
1.236690
1.236681
1.236675
1.236664
1.236663
1.236652
1.236658
1.236669
1.236674
1.236678
1.236686
1.236699
1.236708
1.236718
1.236723
1.236725
1.236722
1.236717
1.236702
1.236691
1.236682
1.236681
1.236684
1.236685
1.236678
1.236685
1.236681
1.236676
1.236671
1.236685
1.236697
1.236714
1.236712
1.236712
1.236713
1.236724
1.236716
1.236709
1.236712
1.236716
1.236705
1.236695
1.236698
1.236720
1.236709
1.236691
1.236682
1.236688
1.236674
1.236661
1.236674
1.236691
1.236701
1.236699
1.236700
1.236724
1.236708
1.236709
1.236706
1.236685
1.236661
1.236634
1.236607
1.236603
1.236581
1.236587
1.236598
1.236613
1.236621
1.236651
1.236663
1.236663
1.236679
1.236679
1.236671
1.236669
1.236637
1.236633
1.236626
1.236615
1.236616
1.236640
1.236660
1.236690
1.236700
1.236718
1.236735
1.236737
1.236726
1.236704
1.236680
1.236660
1.236648
1.236643
1.236665
1.236684
1.236701
1.236683
1.236671
1.236657
1.236651
1.236635
1.236646
1.236657
1.236681
1.236687
1.236707
1.236698
1.236684
1.236679
1.236679
1.236667
1.236656
1.236680
1.236710
1.236697
1.236688
1.236697
1.236660
1.236625
1.236597
1.236612
1.236621
1.236619
1.236621
1.236649
1.236643
1.236637
1.236635
1.236645
1.236644
1.236670
1.236678
1.236677
1.236696
1.236698
1.236694
1.236691
1.236682
1.236676
1.236678
1.236678
1.236672
1.236650
1.236643
1.236633
1.236616
1.236603
1.236620
1.236654
1.236651
1.236646
1.236673
1.236688
1.236691
1.236692
1.236709
1.236731
1.236753
1.236735
1.236708
1.236682
1.236657
1.236660
1.236631
1.236622
1.236652
1.236660
1.236641
1.236628
1.236629
1.236668
1.236659
1.236646
1.236648
1.236672
1.236670
1.236671
1.236705
1.236718
1.236737
1.236718
1.236699
1.236689
1.236671
1.236666
1.236661
1.236665
1.236687
1.236679
1.236669
1.236662
1.236643
1.236660
1.236665
1.236669
1.236670
1.236686
1.236697
1.236699
1.236682
1.236681
1.236668
1.236654
1.236652
1.236671
1.236692
1.236700
1.236708
1.236725
1.236731
1.236722
1.236707
1.236699
1.236722
1.236704
1.236671
1.236651
1.236633
1.236607
1.236581
1.236571
1.236626
1.236664
1.236687
1.236701
1.236678
1.236663
1.236641
1.236632
1.236594
1.236576
1.236595
1.236632
1.236638
1.236653
1.236671
1.236693
1.236708
1.236704
1.236698
1.236700
1.236712
1.236707
1.236703
1.236702
1.236737
1.236729
1.236721
1.236716
1.236710
1.236709
1.236706
1.236702
1.236717
1.236709
1.236705
1.236698
1.236693
1.236680
1.236661
1.236651
1.236638
1.236620
1.236618
1.236626
1.236655
1.236674
1.236679
1.236687
1.236725
1.236734
1.236729
1.236721
1.236713
1.236705
1.236703
1.236691
1.236703
1.236719
1.236715
1.236717
1.236720
1.236707
1.236706
1.236698
1.236685
1.236684
1.236678
1.236688
1.236709
1.236712
1.236694
1.236697
1.236684
1.236667
1.236651
1.236640
1.236639
1.236651
1.236650
1.236662
1.236671
1.236684
1.236695
1.236699
1.236700
1.236709
1.236719
1.236721
1.236723
1.236719
1.236718
1.236717
1.236704
1.236715
1.236718
1.236696
1.236687
1.236678
1.236676
1.236673
1.236652
1.236664
1.236706
1.236673
1.236648
1.236636
1.236641
1.236618
1.236598
1.236602
1.236647
1.236640
1.236635
1.236644
1.236674
1.236679
1.236694
1.236699
1.236708
1.236714
1.236715
1.236722
1.236726
1.236730
1.236727
1.236733
1.236730
1.236720
1.236709
1.236708
1.236696
1.236684
1.236692
1.236701
1.236698
1.236688
1.236689
1.236682
1.236664
1.236641
1.236643
1.236625
1.236604
1.236585
1.236592
1.236617
1.236642
1.236678
1.236695
1.236697
1.236698
1.236696
1.236691
1.236685
1.236677
1.236681
1.236685
1.236684
1.236689
1.236700
1.236718
1.236723
1.236731
1.236732
1.236733
1.236732
1.236734
1.236732
1.236732
1.236723
1.236721
1.236715
1.236712
1.236702
1.236699
1.236697
1.236696
1.236687
1.236681
1.236674
1.236681
1.236690
1.236695
1.236692
1.236686
1.236677
1.236682
1.236678
1.236677
1.236688
1.236692
1.236692
1.236683
1.236670
1.236672
1.236673
1.236673
1.236682
1.236671
1.236672
1.236667
1.236661
1.236679
1.236694
1.236698
1.236705
1.236706
1.236689
1.236670
1.236659
1.236666
1.236662
1.236656
1.236658
1.236670
1.236668
1.236665
1.236675
1.236707
1.236709
1.236710
1.236713
1.236730
1.236726
1.236727
1.236717
1.236703
1.236683
1.236681
1.236666
1.236660
1.236649
1.236660
1.236658
1.236642
1.236628
1.236640
1.236649
1.236633
1.236627
1.236639
1.236656
1.236665
1.236682
1.236681
1.236715
1.236708
1.236698
1.236681
1.236676
1.236673
1.236674
1.236660
1.236685
1.236689
1.236686
1.236679
1.236661
1.236653
1.236666
1.236667
1.236658
1.236670
1.236678
1.236687
1.236685
1.236692
1.236694
1.236692
1.236657
1.236641
1.236610
1.236572
1.236554
1.236562
1.236575
1.236599
1.236617
1.236633
1.236648
1.236664
1.236686
1.236699
1.236704
1.236709
1.236724
1.236730
1.236736
1.236732
1.236725
1.236724
1.236713
1.236702
1.236693
1.236689
1.236699
1.236705
1.236714
1.236730
1.236723
1.236713
1.236704
1.236680
1.236663
1.236652
1.236672
1.236678
1.236686
1.236676
1.236672
1.236653
1.236646
1.236628
1.236641
1.236636
1.236666
1.236672
1.236674
1.236678
1.236700
1.236718
1.236714
1.236704
1.236698
1.236689
1.236683
1.236682
1.236680
1.236710
1.236727
1.236739
1.236717
1.236702
1.236676
1.236644
1.236632
1.236616
1.236616
1.236637
1.236643
1.236677
1.236678
1.236655
1.236656
1.236630
1.236604
1.236589
1.236585
1.236624
1.236651
1.236667
1.236678
1.236684
1.236700
1.236717
1.236714
1.236713
1.236711
1.236708
1.236714
1.236717
1.236741
1.236740
1.236731
1.236727
1.236717
1.236688
1.236656
1.236645
1.236636
1.236623
1.236617
1.236630
1.236640
1.236634
1.236619
1.236630
1.236626
1.236636
1.236652
1.236673
1.236675
1.236678
1.236678
1.236682
1.236662
1.236668
1.236656
1.236647
1.236639
1.236616
1.236609
1.236627
1.236633
1.236645
1.236644
1.236647
1.236672
1.236681
1.236681
1.236681
1.236696
1.236715
1.236726
1.236721
1.236717
1.236722
1.236702
1.236681
1.236667
1.236674
1.236675
1.236671
1.236663
1.236698
1.236714
1.236705
1.236680
1.236674
1.236649
1.236628
1.236612
1.236618
1.236649
1.236672
1.236682
1.236704
1.236700
1.236700
1.236703
1.236703
1.236697
1.236691
1.236687
1.236733
1.236723
1.236725
1.236714
1.236701
1.236696
1.236683
1.236662
1.236681
1.236671
1.236693
1.236683
1.236670
1.236676
1.236686
1.236690
1.236702
1.236682
1.236709
1.236691
1.236656
1.236632
1.236606
1.236601
1.236623
1.236603
1.236641
1.236653
1.236653
1.236679
1.236681
1.236690
1.236712
1.236721
1.236718
1.236702
1.236679
1.236672
1.236649
1.236634
1.236635
1.236661
1.236675
1.236685
1.236697
1.236719
1.236718
1.236713
1.236701
1.236699
1.236683
1.236671
1.236668
1.236687
1.236699
1.236717
1.236715
1.236719
1.236708
1.236696
1.236696
1.236695
1.236696
1.236702
1.236674
1.236630
1.236581
1.236538
1.236531
1.236545
1.236586
1.236618
1.236651
1.236667
1.236681
1.236702
1.236717
1.236718
1.236714
1.236705
1.236701
1.236692
1.236680
1.236706
1.236712
1.236706
1.236697
1.236689
1.236713
1.236703
1.236680
1.236689
1.236681
1.236661
1.236643
1.236631
1.236668
1.236677
1.236671
1.236677
1.236675
1.236664
1.236656
1.236657
1.236658
1.236672
1.236685
1.236706
1.236723
1.236728
1.236733
1.236735
1.236731
1.236719
1.236707
1.236697
1.236703
1.236694
1.236702
1.236704
1.236706
1.236699
1.236703
1.236705
1.236706
1.236693
1.236696
1.236691
1.236685
1.236695
1.236680
1.236669
1.236666
1.236651
1.236639
1.236631
1.236633
1.236675
1.236680
1.236690
1.236705
1.236697
1.236670
1.236653
1.236634
1.236605
1.236596
1.236610
1.236639
1.236660
1.236675
1.236690
1.236706
1.236717
1.236689
1.236668
1.236645
1.236621
1.236627
1.236619
1.236631
1.236671
1.236674
1.236687
1.236696
1.236708
1.236712
1.236716
1.236715
1.236720
1.236720
1.236723
1.236721
1.236728
1.236714
1.236698
1.236680
1.236672
1.236666
1.236676
1.236684
1.236697
1.236712
1.236700
1.236676
1.236657
1.236643
1.236642
1.236633
1.236641
1.236685
1.236707
1.236721
1.236718
1.236701
1.236683
1.236656
1.236630
1.236627
1.236630
1.236657
1.236670
1.236677
1.236683
1.236687
1.236679
1.236687
1.236692
1.236705
1.236692
1.236681
1.236683
1.236708
1.236702
1.236688
1.236686
1.236702
1.236670
1.236639
1.236609
1.236610
1.236598
1.236587
1.236578
1.236610
1.236603
1.236598
1.236605
1.236629
1.236627
1.236633
1.236639
1.236663
1.236674
1.236662
1.236651
1.236678
1.236659
1.236628
1.236608
1.236605
1.236605
1.236614
1.236621
1.236647
1.236658
1.236661
1.236664
1.236672
1.236668
1.236702
1.236706
1.236699
1.236694
1.236700
1.236711
1.236717
1.236707
1.236702
1.236692
1.236662
1.236630
1.236601
1.236596
1.236603
1.236611
1.236608
1.236632
1.236646
1.236663
1.236680
1.236697
1.236708
1.236713
1.236721
1.236734
1.236726
1.236708
1.236695
1.236687
1.236677
1.236670
1.236668
1.236680
1.236671
1.236659
1.236640
1.236630
1.236625
1.236641
1.236650
1.236672
1.236684
1.236698
1.236706
1.236702
1.236677
1.236655
1.236636
1.236638
1.236643
1.236643
1.236654
1.236659
1.236653
1.236643
1.236636
1.236662
1.236675
1.236683
1.236695
1.236701
1.236711
1.236720
1.236722
1.236734
1.236716
1.236697
1.236680
1.236669
1.236678
1.236678
1.236679
1.236688
1.236680
1.236672
1.236666
1.236663
1.236685
1.236678
1.236670
1.236667
1.236664
1.236659
1.236662
1.236681
1.236687
1.236694
1.236710
1.236728
1.236732
1.236704
1.236681
1.236652
1.236625
1.236616
1.236634
1.236662
1.236688
1.236672
1.236672
1.236661
1.236649
1.236643
1.236641
1.236644
1.236653
1.236634
1.236633
1.236623
1.236622
1.236641
1.236661
1.236664
1.236668
1.236673
1.236686
1.236677
1.236665
1.236661
1.236683
1.236693
1.236692
1.236701
1.236716
1.236707
1.236698
1.236689
1.236682
1.236691
1.236698
1.236707
1.236721
1.236724
1.236718
1.236717
1.236706
1.236694
1.236686
1.236695
1.236699
1.236702
1.236701
1.236730
1.236724
1.236704
1.236684
1.236666
1.236652
1.236626
1.236601
1.236625
1.236645
1.236649
1.236663
1.236676
1.236697
1.236714
1.236707
1.236701
1.236710
1.236715
1.236700
1.236690
1.236696
1.236699
1.236693
1.236684
1.236678
1.236699
1.236701
1.236693
1.236695
1.236687
1.236690
1.236691
1.236690
1.236695
1.236714
1.236739
1.236744
1.236731
1.236702
1.236677
1.236649
1.236620
1.236595
1.236629
1.236655
1.236679
1.236692
1.236706
1.236709
1.236711
1.236711
1.236725
1.236718
1.236706
1.236711
1.236702
1.236690
1.236693
1.236678
1.236684
1.236683
1.236682
1.236682
1.236680
1.236671
1.236695
1.236692
1.236691
1.236698
1.236706
1.236698
1.236700
1.236693
1.236684
1.236680
1.236681
1.236696
1.236707
1.236719
1.236718
1.236725
1.236723
1.236721
1.236719
1.236723
1.236726
1.236732
1.236714
1.236711
1.236692
1.236680
1.236666
1.236666
1.236676
1.236681
1.236673
1.236682
1.236681
1.236694
1.236701
1.236717
1.236735
1.236733
1.236721
1.236688
1.236653
1.236631
1.236624
1.236610
1.236606
1.236602
1.236605
1.236591
1.236579
1.236593
1.236648
1.236663
1.236668
1.236665
1.236660
1.236671
1.236651
1.236639
1.236659
1.236666
1.236661
1.236657
1.236664
1.236717
1.236716
1.236713
1.236711
1.236714
1.236716
1.236705
1.236699
1.236712
1.236711
1.236706
1.236703
1.236715
1.236730
1.236727
1.236715
1.236703
1.236714
1.236693
1.236677
1.236684
1.236684
1.236682
1.236673
1.236657
1.236673
1.236662
1.236666
1.236679
1.236675
1.236696
1.236690
1.236682
1.236676
1.236651
1.236654
1.236646
1.236644
1.236686
1.236672
1.236671
1.236692
1.236665
1.236639
1.236620
1.236625
1.236634
1.236626
1.236633
1.236662
1.236665
1.236669
1.236680
1.236703
1.236715
1.236714
1.236712
1.236713
1.236716
1.236705
1.236695
1.236680
1.236679
1.236682
1.236660
1.236652
1.236664
1.236641
1.236640
1.236635
1.236632
1.236662
1.236670
1.236686
1.236712
1.236721
1.236709
1.236694
1.236678
1.236675
1.236669
1.236664
1.236672
1.236703
1.236704
1.236707
1.236705
1.236705
1.236718
1.236711
1.236705
1.236715
1.236716
1.236718
1.236717
1.236714
1.236723
1.236746
1.236744
1.236729
1.236706
1.236684
1.236660
1.236627
1.236600
1.236628
1.236648
1.236663
1.236669
1.236698
1.236707
1.236704
1.236701
1.236705
1.236707
1.236696
1.236682
1.236687
1.236679
1.236663
1.236641
1.236639
1.236653
1.236653
1.236648
1.236642
1.236658
1.236683
1.236710
1.236695
1.236686
1.236670
1.236652
1.236635
1.236625
1.236628
1.236674
1.236682
1.236678
1.236673
1.236678
1.236682
1.236685
1.236663
1.236653
1.236668
1.236662
1.236646
1.236649
1.236675
1.236689
1.236690
1.236690
1.236697
1.236712
1.236711
1.236708
1.236707
1.236720
1.236726
1.236727
1.236733
1.236739
1.236728
1.236728
1.236713
1.236699
1.236678
1.236661
1.236661
1.236675
1.236669
1.236701
1.236712
1.236711
1.236716
1.236726
1.236716
1.236699
1.236677
1.236675
1.236657
1.236637
1.236641
1.236664
1.236675
1.236676
1.236682
1.236694
1.236715
1.236731
1.236721
1.236704
1.236686
1.236657
1.236622
1.236597
1.236614
1.236644
1.236629
1.236635
1.236647
1.236648
1.236644
1.236672
1.236685
1.236685
1.236685
1.236689
1.236681
1.236685
1.236693
1.236702
1.236681
1.236669
1.236659
1.236623
1.236599
1.236588
1.236603
1.236587
1.236578
1.236603
1.236620
1.236619
1.236651
1.236663
1.236662
1.236670
1.236674
1.236699
1.236698
1.236681
1.236689
1.236683
1.236664
1.236641
1.236636
1.236639
1.236632
1.236623
1.236630
1.236642
1.236648
1.236659
1.236681
1.236673
1.236663
1.236675
1.236675
1.236657
1.236638
1.236638
1.236640
1.236655
1.236645
1.236657
1.236674
1.236675
1.236674
1.236672
1.236674
1.236706
1.236720
1.236720
1.236710
1.236686
1.236682
1.236662
1.236636
1.236624
1.236624
1.236625
1.236626
1.236618
1.236647
1.236671
1.236689
1.236713
1.236710
1.236707
1.236703
1.236695
1.236698
1.236700
1.236705
1.236709
1.236710
1.236703
1.236695
1.236687
1.236709
1.236710
1.236703
1.236701
1.236710
1.236711
1.236703
1.236695
1.236715
1.236710
1.236708
1.236715
1.236709
1.236702
1.236689
1.236677
1.236684
1.236685
1.236685
1.236696
1.236695
1.236681
1.236669
1.236655
1.236652
1.236661
1.236665
1.236678
1.236705
1.236718
1.236716
1.236707
1.236698
1.236685
1.236673
1.236666
1.236685
1.236710
1.236716
1.236730
1.236744
1.236724
1.236686
1.236650
1.236605
1.236557
1.236508
1.236499
1.236521
1.236540
1.236560
1.236595
1.236630
1.236662
1.236670
1.236685
1.236695
1.236710
1.236724
1.236711
1.236697
1.236689
1.236690
1.236677
1.236671
1.236680
1.236688
1.236703
1.236699
1.236686
1.236704
1.236696
1.236687
1.236681
1.236680
1.236696
1.236690
1.236671
1.236660
1.236655
1.236660
1.236669
1.236697
1.236709
1.236687
1.236665
1.236644
1.236626
1.236642
1.236649
1.236665
1.236688
1.236678
1.236663
1.236648
1.236645
1.236650
1.236654
1.236658
1.236665
1.236669
1.236669
1.236668
1.236704
1.236708
1.236727
1.236730
1.236709
1.236688
1.236652
1.236617
1.236608
1.236597
1.236627
1.236646
1.236658
1.236695
1.236696
1.236696
1.236706
1.236705
1.236719
1.236698
1.236674
1.236681
1.236666
1.236655
1.236655
1.236674
1.236709
1.236714
1.236712
1.236711
1.236708
1.236699
1.236676
1.236671
1.236661
1.236657
1.236645
1.236640
1.236649
1.236671
1.236678
1.236679
1.236679
1.236681
1.236673
1.236660
1.236661
1.236669
1.236689
1.236702
1.236697
1.236687
1.236675
1.236661
1.236665
1.236669
1.236677
1.236685
1.236691
1.236689
1.236690
1.236688
1.236702
1.236731
1.236723
1.236719
1.236724
1.236711
1.236709
1.236685
1.236660
1.236641
1.236606
1.236585
1.236593
1.236595
1.236634
1.236668
1.236695
1.236708
1.236713
1.236709
1.236711
1.236716
1.236697
1.236678
1.236665
1.236655
1.236636
1.236609
1.236602
1.236635
1.236643
1.236664
1.236676
1.236687
1.236688
1.236689
1.236680
1.236669
1.236658
1.236654
1.236647
1.236636
1.236632
1.236644
1.236651
1.236666
1.236685
1.236682
1.236679
1.236677
1.236710
1.236727
1.236708
1.236692
1.236685
1.236670
1.236659
1.236646
1.236668
1.236699
1.236698
1.236697
1.236701
1.236703
1.236714
1.236714
1.236709
1.236709
1.236721
1.236707
1.236683
1.236643
1.236621
1.236610
1.236592
1.236554
1.236565
1.236586
1.236595
1.236582
1.236560
1.236580
1.236607
1.236605
1.236594
1.236613
1.236643
1.236683
1.236692
1.236705
1.236709
1.236708
1.236685
1.236665
1.236649
1.236644
1.236650
1.236661
1.236676
1.236703
1.236714
1.236740
1.236741
1.236735
1.236718
1.236698
1.236682
1.236663
1.236648
1.236663
1.236666
1.236675
1.236678
1.236673
1.236681
1.236688
1.236695
1.236694
1.236699
1.236708
1.236723
1.236727
1.236735
1.236739
1.236740
1.236745
1.236735
1.236722
1.236711
1.236700
1.236707
1.236706
1.236700
1.236704
1.236694
1.236685
1.236677
1.236674
1.236694
1.236710
1.236718
1.236715
1.236713
1.236696
1.236681
1.236674
1.236693
1.236675
1.236663
1.236655
1.236654
1.236644
1.236631
1.236625
1.236683
1.236679
1.236683
1.236694
1.236693
1.236711
1.236695
1.236673
1.236679
1.236666
1.236671
1.236678
1.236674
1.236693
1.236695
1.236682
1.236671
1.236680
1.236684
1.236680
1.236672
1.236658
1.236665
1.236662
1.236658
1.236681
1.236681
1.236665
1.236649
1.236628
1.236626
1.236625
1.236646
1.236650
1.236657
1.236660
1.236652
1.236647
1.236664
1.236653
1.236670
1.236692
1.236677
1.236688
1.236683
1.236664
1.236657
1.236632
1.236625
1.236638
1.236609
1.236626
1.236636
1.236642
1.236643
1.236650
1.236665
1.236695
1.236698
1.236713
1.236715
1.236720
1.236731
1.236740
1.236729
1.236707
1.236672
1.236644
1.236598
1.236558
1.236547
1.236560
1.236587
1.236615
1.236644
1.236681
1.236692
1.236702
1.236714
1.236707
1.236718
1.236707
1.236692
1.236693
1.236687
1.236683
1.236695
1.236694
1.236717
1.236719
1.236716
1.236718
1.236726
1.236730
1.236724
1.236703
1.236687
1.236662
1.236639
1.236631
1.236623
1.236648
1.236673
1.236676
1.236659
1.236653
1.236645
1.236649
1.236637
1.236650
1.236666
1.236688
1.236691
1.236715
1.236724
1.236727
1.236728
1.236713
1.236697
1.236695
1.236682
1.236681
1.236676
1.236679
1.236693
1.236679
1.236667
1.236675
1.236685
1.236688
1.236686
1.236691
1.236713
1.236729
1.236724
1.236718
1.236720
1.236715
1.236710
1.236704
1.236700
1.236725
1.236727
1.236729
1.236732
1.236736
1.236739
1.236740
1.236740
1.236740
1.236740
1.236741
1.236740
1.236740
1.236740
1.236740
1.236740
1.236740
1.236740
1.236740
1.236740
1.236740
1.236740
1.236740
1.236740
1.236740
1.236740
1.236740
1.236740
1.236740
1.236740
1.236740
1.236740
1.236740
1.236740
1.236740
1.236740
1.236740
1.236740
1.236740
1.236740
1.236740
1.236740
1.236740
1.236740
1.236740
1.236740
1.236740
1.236740
1.236740
1.236740
1.236740
1.236740
1.236740
1.236740
1.236740
1.236740
1.236740
1.236740
1.236740
1.236740
1.236740
1.236740
1.236740
1.236740
1.236740
1.236740
1.236740
1.236740
1.236740
1.236740
1.236740
1.236740
1.236740
1.236740
1.236740
1.236740
1.236740
1.236740
1.236740
1.236740
1.236740
1.236740
1.236740
1.236740
1.236740
1.236740
1.236740
1.236740
1.236740
1.236740
1.236740
1.236740
1.236740
1.236740
1.236740
1.236740
1.236740
1.236740
1.236740
1.236740
1.236740
1.236740
1.236740
1.236740
1.236740
1.236740
1.236740
1.236740
1.236740
1.236740
1.236740
1.236740
1.236740
1.236740
1.236740
1.236740
1.236740
1.236740
1.236740
1.236740
1.236740
1.236740
1.236740
1.236740
1.236740
1.236740
1.236740
1.236740
1.236740
1.236740
1.236740
1.236740
1.236740
1.236740
1.236740
1.236740
1.236740
1.236740
1.236740
1.236740
1.236740
1.236740
1.236740
1.236740
1.236740
