кэВ    имп*м^2/с
0.2291
0.0048
0.0453
0.0151
0.0198
0.0193
0.0271
0.0388
0.0473
0.0492
0.0490
0.0577
0.0694
0.0768
0.0760
0.0768
0.0782
0.0809
0.0794
0.0846
0.0870
0.0893
0.0865
0.0881
0.0926
0.0961
0.0983
0.1027
0.1038
0.1053
0.1045
0.1095
0.1149
0.1201
0.1214
0.1191
0.1157
0.1151
0.1201
0.1400
0.1520
0.1654
0.1819
0.2077
0.2423
0.2885
0.3401
0.4173
0.5123
0.6314
0.7546
0.9062
1.0811
1.2677
1.4499
1.6518
1.8987
2.1442
2.3817
2.5917
2.8510
3.0928
3.3358
3.5387
3.7914
4.0450
4.2992
3.0174
3.0873
3.2933
3.6950
5.0618
3.4198
3.3050
3.1225
3.1217
3.2148
3.2089
3.2501
3.0567
2.9550
2.9720
3.1436
3.5375
3.7595
3.5089
3.2781
3.3645
3.2704
3.2898
3.3474
3.4035
3.3850
3.1398
3.2405
3.4073
5.3319
3.9292
4.0733
4.1397
5.6236
5.7583
4.3731
3.9919
3.8583
3.9501
3.8458
3.7771
3.7160
3.9250
4.1424
4.4748
4.3905
4.3198
4.1560
4.1362
4.1422
4.1958
4.1814
4.3148
4.4186
4.2179
4.0974
4.1208
4.2894
4.4365
4.3014
4.2910
4.2838
4.4511
4.4375
4.3698
4.2378
4.1602
4.0845
4.0557
3.9682
3.9224
4.1293
4.2885
4.5326
4.4612
4.4655
4.2790
4.0154
3.9149
4.0379
4.0756
4.1387
4.0549
3.9772
3.8987
3.9838
4.1908
3.9788
3.9195
3.9086
4.1761
3.8681
3.7451
3.6945
3.7568
3.8607
3.7479
3.7607
3.7228
3.9714
3.8637
3.7758
3.6184
3.5907
3.4644
3.4691
3.5747
3.7006
3.6397
3.4746
3.5202
3.6836
4.0060
3.7535
3.7396
3.7377
4.0015
3.8560
3.7420
3.5507
3.5657
3.4138
3.3044
3.1646
3.0662
3.0425
3.0666
3.1722
3.3009
3.2643
3.2089
3.1368
3.2527
3.1925
3.1438
2.9690
2.9183
2.8297
2.8398
2.7681
2.7345
2.6763
2.7174
2.8088
2.6445
2.5786
2.6137
2.5719
2.5268
2.3701
2.3372
2.2401
2.2102
2.2342
2.4766
2.2116
2.1996
2.1477
2.1269
2.2684
2.1657
2.1946
2.1568
2.1346
2.1097
2.3354
2.0661
2.2580
2.0242
1.9030
1.8388
2.0032
1.8948
3.1236
3.0815
3.0562
3.0469
3.0443
3.0245
3.0026
2.9505
2.9001
1.6374
1.5799
1.6163
1.5876
1.5397
1.4699
1.8234
1.5124
2.6712
2.6671
2.6363
2.6274
2.5834
2.5706
2.5507
2.5301
2.5113
2.4826
2.4512
2.4148
2.3754
2.3429
2.3262
2.3090
2.3056
2.3018
2.2990
2.3055
2.2947
2.2802
2.2313
2.1836
2.1505
2.1341
2.1268
2.1104
2.0851
2.0543
2.0237
2.0055
2.0096
2.0133
2.0071
1.9784
1.9538
1.9319
1.9108
1.8959
1.8835
1.8738
1.8563
1.8311
1.8101
1.7883
1.7740
1.7611
1.7411
1.7309
1.7248
1.7455
1.7557
1.7510
1.7169
1.6931
1.6673
1.6689
1.6613
1.6617
1.6502
1.6388
1.6249
1.6044
1.5863
1.5642
1.5463
1.5276
1.5208
1.5211
1.5216
1.5166
1.5231
1.5177
1.5055
1.4620
1.4592
1.4543
1.4656
1.4460
1.4352
1.4176
1.3995
1.3844
1.3706
1.3502
1.3424
1.3391
1.3497
1.3427
1.3370
1.3217
1.3043
1.2915
1.2813
1.2810
1.2759
1.2761
1.2716
1.2656
1.2585
1.2531
1.2388
1.2310
1.2317
1.2391
1.2414
1.2331
1.2239
1.2232
1.2192
1.2206
1.2164
1.2106
1.2035
1.1827
1.1683
1.1512
1.1440
1.1408
1.1300
1.1077
1.0976
1.0986
1.1193
1.1322
1.1401
1.1377
1.1247
1.1115
1.1058
1.1027
1.1008
1.0897
1.0989
1.0854
1.0826
1.0650
1.0665
1.0624
1.0566
1.0655
1.0639
1.0525
1.0325
1.0213
1.0207
1.0175
1.0013
0.9868
0.9819
1.0001
1.0123
1.0204
1.0175
1.0179
1.0018
0.9910
0.9845
0.9832
0.9817
0.9798
0.9957
0.9979
0.9922
0.9810
0.9835
0.9764
0.9648
0.9469
0.9423
0.9431
0.9450
0.9503
0.9519
0.9538
0.9508
0.9447
0.9388
0.9337
0.9296
0.9245
0.9198
0.9187
0.9104
0.9030
0.8906
0.8831
0.8792
0.8788
0.8807
0.8757
0.8688
0.8666
0.8630
0.8577
0.8514
0.8483
0.8504
0.8497
0.8464
0.8377
0.8256
0.8156
0.8094
0.8089
0.8093
0.8038
0.7891
0.7761
0.7637
0.7584
0.7502
0.7428
0.7179
0.6895
0.6611
0.6534
0.6455
0.6388
0.6248
0.6107
0.5904
0.5667
0.5422
0.5271
0.5162
0.5057
0.4932
0.4794
0.4721
0.4593
0.4490
0.4345
0.4246
0.4255
0.4245
0.4214
0.4076
0.4026
0.3991
0.3940
0.3886
0.3877
0.3956
0.4054
0.3960
0.3892
0.3768
0.3856
0.3861
0.3842
0.3765
0.3676
0.3557
0.3515
0.3473
0.3496
0.3488
0.3444
0.3373
0.3283
0.3271
0.3313
0.3332
0.3360
0.3395
0.3390
0.3435
0.3402
0.3381
0.3293
0.3209
0.3193
0.3193
0.3261
0.3296
0.3279
0.3202
0.3145
0.3083
0.3078
0.3081
0.3108
0.2961
0.2914
0.2872
0.3012
0.3058
0.3084
0.3094
0.3091
0.3024
0.2949
0.2904
0.3010
0.3068
0.3050
0.2962
0.2920
0.2985
0.2976
0.2981
0.2923
0.2837
0.2726
0.2595
0.2575
0.2597
0.2730
0.2840
0.2896
0.2845
0.2823
0.2784
0.2782
0.2801
0.2785
0.2753
0.2641
0.2555
0.2582
0.2589
0.2645
0.2552
0.2443
0.2404
0.2399
0.2511
0.2507
0.2524
0.2459
0.2388
0.2357
0.2374
0.2448
0.2444
0.2494
0.2491
0.2514
0.2465
0.2502
0.2484
0.2577
0.2626
0.2700
0.2589
0.2594
0.2593
0.2700
0.2682
0.2700
0.2693
0.2685
0.2682
0.2688
0.2727
0.2750
0.2792
0.2751
0.2704
0.2652
0.2726
0.2845
0.2971
0.3044
0.3132
0.3224
0.3356
0.3445
0.3483
0.3514
0.3531
0.3560
0.3512
0.3510
0.3576
0.3679
0.3714
0.3813
0.3805
0.3873
0.3890
0.4086
0.4273
0.4438
0.4560
0.4791
0.5049
0.5436
0.5821
0.6400
0.7099
0.7915
0.8765
0.9756
1.1105
1.2605
1.4160
1.5685
1.7440
1.9305
1.1244
1.1982
1.2186
1.2333
1.2187
1.2120
2.0362
1.8465
1.6468
1.4466
1.2475
1.0382
0.8311
0.6700
0.5266
0.4028
0.3004
0.2280
0.1724
0.1279
0.0921
0.0657
0.0458
0.0457
0.0363
0.0319
0.0269
0.0236
0.0218
0.0202
0.0186
0.0153
0.0176
0.0192
0.0212
0.0193
0.0176
0.0160
0.0145
0.0142
0.0138
0.0147
0.0177
0.0184
0.0210
0.0192
0.0204
0.0189
0.0181
0.0164
0.0138
0.0167
0.0180
0.0215
0.0210
0.0217
0.0211
0.0183
0.0165
0.0159
0.0181
0.0203
0.0198
0.0176
0.0152
0.0179
0.0203
0.0217
0.0190
0.0174
0.0177
0.0187
0.0179
0.0188
0.0182
0.0192
0.0169
0.0162
0.0159
0.0167
0.0153
0.0135
0.0119
0.0116
0.0142
0.0153
0.0160
0.0137
0.0125
0.0117
0.0129
0.0144
0.0164
0.0173
0.0162
0.0145
0.0127
0.0123
0.0122
0.0129
0.0154
0.0181
0.0207
0.0229
0.0260
0.0260
0.0268
0.0244
0.0252
0.0209
0.0184
0.0141
0.0138
0.0166
0.0219
0.0258
0.0265
0.0250
0.0225
0.0212
0.0218
0.0258
0.0250
0.0225
0.0175
0.0186
0.0171
0.0167
0.0131
0.0132
0.0147
0.0151
0.0155
0.0158
0.0160
0.0158
0.0149
0.0176
0.0200
0.0186
0.0172
0.0138
0.0127
0.0113
0.0109
0.0108
0.0112
0.0138
0.0146
0.0147
0.0147
0.0170
0.0203
0.0215
0.0211
0.0198
0.0193
0.0200
0.0198
0.0177
0.0188
0.0173
0.0169
0.0153
0.0177
0.0206
0.0198
0.0165
0.0147
0.0147
0.0149
0.0131
0.0117
0.0130
0.0132
0.0125
0.0109
0.0119
0.0126
0.0121
0.0104
0.0104
0.0106
0.0113
0.0129
0.0129
0.0130
0.0115
0.0110
0.0116
0.0123
0.0148
0.0143
0.0128
0.0100
0.0102
0.0101
0.0146
0.0140
0.0144
0.0101
0.0095
0.0087
0.0087
0.0105
0.0151
0.0159
0.0153
0.0119
0.0117
0.0106
0.0104
0.0145
0.0160
0.0171
0.0124
0.0108
0.0091
0.0110
0.0127
0.0142
0.0137
0.0124
0.0108
0.0090
0.0118
0.0129
0.0152
0.0126
0.0116
0.0098
0.0105
0.0106
0.0116
0.0125
0.0148
0.0151
0.0136
0.0111
0.0135
0.0157
0.0171
0.0153
0.0129
0.0128
0.0140
0.0149
0.0159
0.0158
0.0201
0.0205
0.0187
0.0138
0.0115
0.0112
0.0113
0.0110
0.0095
0.0084
0.0083
0.0080
0.0079
0.0084
0.0090
0.0130
0.0134
0.0136
0.0100
0.0093
0.0089
0.0089
0.0099
0.0098
0.0096
0.0078
0.0087
0.0094
0.0110
0.0128
0.0137
0.0130
0.0105
0.0089
0.0086
0.0084
0.0090
0.0086
0.0089
0.0082
0.0082
0.0082
0.0098
0.0118
0.0129
0.0128
0.0132
0.0131
0.0131
0.0133
0.0158
0.0178
0.0168
0.0138
0.0116
0.0133
0.0137
0.0135
0.0109
0.0101
0.0100
0.0102
0.0114
0.0110
0.0113
0.0117
0.0138
0.0164
0.0181
0.0196
0.0184
0.0163
0.0128
0.0113
0.0102
0.0109
0.0139
0.0163
0.0176
0.0157
0.0143
0.0123
0.0110
0.0114
0.0136
0.0142
0.0130
0.0104
0.0132
0.0141
0.0149
0.0112
0.0112
0.0108
0.0119
0.0108
0.0106
0.0105
0.0118
0.0132
0.0135
0.0119
0.0114
0.0101
0.0099
0.0085
0.0110
0.0123
0.0133
0.0107
0.0150
0.0180
0.0199
0.0165
0.0131
0.0114
0.0090
0.0101
0.0117
0.0154
0.0159
0.0169
0.0175
0.0177
0.0166
0.0133
0.0115
0.0097
0.0099
0.0117
0.0150
0.0157
0.0141
0.0111
0.0128
0.0136
0.0148
0.0126
0.0126
0.0117
0.0119
0.0123
0.0121
0.0115
0.0103
0.0108
0.0128
0.0123
0.0124
0.0100
0.0096
0.0104
0.0102
0.0104
0.0095
0.0093
0.0103
0.0097
0.0096
0.0104
0.0102
0.0103
0.0080
0.0076
0.0072
0.0071
0.0087
0.0100
0.0113
0.0111
0.0124
0.0120
0.0112
0.0087
0.0084
0.0077
0.0091
0.0093
0.0105
0.0104
0.0104
0.0094
0.0080
0.0073
0.0071
0.0069
0.0064
0.0062
0.0073
0.0074
0.0074
0.0060
0.0055
0.0075
0.0082
0.0086
0.0063
0.0070
0.0081
0.0095
0.0083
0.0068
0.0050
0.0045
0.0057
0.0061
0.0087
0.0088
0.0097
0.0086
0.0102
0.0130
0.0163
0.0155
0.0155
0.0136
0.0137
0.0151
0.0145
0.0155
0.0143
0.0140
0.0151
0.0139
0.0141
0.0119
0.0148
0.0166
0.0169
0.0137
0.0123
0.0112
0.0098
0.0080
0.0073
0.0085
0.0091
0.0095
0.0094
0.0091
0.0092
0.0086
0.0088
0.0087
0.0080
0.0076
0.0074
0.0076
0.0075
0.0074
0.0074
0.0073
0.0072
0.0073
0.0099
0.0112
0.0121
0.0118
0.0118
0.0122
0.0112
0.0113
0.0107
0.0103
0.0095
0.0094
0.0105
0.0109
0.0109
0.0093
0.0089
0.0078
0.0072
0.0068
0.0071
0.0072
0.0071
0.0068
0.0067
0.0066
0.0075
0.0081
0.0087
0.0100
0.0099
0.0099
0.0081
0.0078
0.0072
0.0067
0.0068
0.0066
0.0067
0.0059
0.0057
0.0059
0.0062
0.0062
0.0063
0.0083
0.0101
0.0111
0.0111
0.0130
0.0141
0.0136
0.0110
0.0090
0.0105
0.0101
0.0102
0.0078
0.0081
0.0085
0.0089
0.0095
0.0107
0.0106
0.0097
0.0080
0.0100
0.0109
0.0125
0.0114
0.0134
0.0127
0.0139
0.0136
0.0157
0.0167
0.0162
0.0141
0.0104
0.0080
0.0083
0.0092
0.0108
0.0122
0.0114
0.0111
0.0112
0.0112
0.0105
0.0075
0.0066
0.0056
0.0052
0.0048
0.0045
0.0044
0.0042
0.0051
0.0053
0.0059
0.0050
0.0067
0.0082
0.0103
0.0091
0.0076
0.0056
0.0049
0.0044
0.0042
0.0039
0.0037
0.0039
0.0039
0.0045
0.0054
0.0063
0.0069
0.0066
0.0071
0.0064
0.0076
0.0081
0.0091
0.0080
0.0070
0.0064
0.0058
0.0051
0.0043
0.0049
0.0052
0.0054
0.0048
0.0048
0.0053
0.0061
0.0061
0.0055
0.0041
0.0040
0.0045
0.0058
0.0060
0.0056
0.0051
0.0053
0.0052
0.0049
0.0051
0.0050
0.0054
0.0052
0.0065
0.0062
0.0064
0.0053
0.0051
0.0052
0.0058
0.0062
0.0052
0.0044
0.0044
0.0043
0.0042
0.0045
0.0064
0.0071
0.0066
0.0048
0.0047
0.0047
0.0054
0.0083
0.0090
0.0089
0.0057
0.0047
0.0057
0.0065
0.0074
0.0061
0.0059
0.0069
0.0077
0.0081
0.0071
0.0073
0.0071
0.0069
0.0054
0.0045
0.0041
0.0044
0.0048
0.0046
0.0041
0.0041
0.0040
0.0046
0.0040
0.0040
0.0033
0.0035
0.0034
0.0034
0.0045
0.0054
0.0058
0.0050
0.0050
0.0057
0.0062
0.0068
0.0079
0.0078
0.0072
0.0055
0.0048
0.0069
0.0076
0.0085
0.0066
0.0073
0.0068
0.0065
0.0060
0.0058
0.0054
0.0042
0.0036
0.0040
0.0040
0.0044
0.0050
0.0053
0.0052
0.0048
0.0053
0.0059
0.0052
0.0063
0.0068
0.0079
0.0078
0.0070
0.0066
0.0070
0.0072
0.0080
0.0064
0.0059
0.0041
0.0044
0.0051
0.0066
0.0075
0.0074
0.0063
0.0054
0.0057
0.0065
0.0061
0.0050
0.0048
0.0058
0.0061
0.0057
0.0053
0.0067
0.0068
0.0068
0.0062
0.0064
0.0062
0.0054
0.0054
0.0053
0.0050
0.0045
0.0048
0.0048
0.0060
0.0060
0.0065
0.0066
0.0080
0.0088
0.0094
0.0085
0.0098
0.0113
0.0142
0.0162
0.0164
0.0174
0.0178
0.0191
0.0165
0.0136
0.0107
0.0104
0.0096
0.0088
0.0074
0.0067
0.0060
0.0055
0.0050
0.0045
0.0047
0.0043
0.0040
0.0032
0.0029
0.0026
0.0027
0.0035
0.0036
0.0041
0.0044
0.0058
0.0055
0.0056
0.0049
0.0050
0.0039
0.0034
0.0045
0.0056
0.0063
0.0064
0.0063
0.0062
0.0053
0.0043
0.0039
0.0038
0.0055
0.0054
0.0055
0.0038
0.0034
0.0027
0.0034
0.0035
0.0036
0.0027
0.0025
0.0023
0.0029
0.0053
0.0066
0.0067
0.0045
0.0033
0.0027
0.0039
0.0046
0.0051
0.0040
0.0042
0.0047
0.0062
0.0059
0.0052
0.0037
0.0042
0.0039
0.0045
0.0037
0.0038
0.0039
0.0062
0.0078
0.0074
0.0056
0.0040
0.0034
0.0032
0.0041
0.0043
0.0041
0.0031
0.0024
0.0029
0.0042
0.0051
0.0046
0.0036
0.0030
0.0035
0.0052
0.0055
0.0056
0.0045
0.0052
0.0049
0.0055
0.0046
0.0042
0.0039
0.0037
0.0040
0.0035
0.0034
0.0028
0.0030
0.0034
0.0035
0.0036
0.0042
0.0055
0.0063
0.0062
0.0059
0.0045
0.0039
0.0030
0.0029
0.0028
0.0028
0.0031
0.0033
0.0037
0.0044
0.0082
0.0096
0.0107
0.0086
0.0079
0.0067
0.0054
0.0049
0.0047
0.0045
0.0045
0.0045
0.0056
0.0055
0.0064
0.0057
0.0056
0.0042
0.0034
0.0029
0.0024
0.0022
0.0031
0.0049
0.0080
0.0079
0.0073
0.0049
0.0048
0.0036
0.0033
0.0024
0.0026
0.0028
0.0043
0.0047
0.0055
0.0042
0.0041
0.0030
0.0027
0.0021
0.0019
0.0029
0.0034
0.0037
0.0029
0.0031
0.0038
0.0044
0.0049
0.0067
0.0078
0.0078
0.0059
0.0052
0.0043
0.0037
0.0026
0.0032
0.0031
0.0032
0.0020
0.0024
0.0026
0.0034
0.0038
0.0044
0.0043
0.0038
0.0034
0.0032
0.0028
0.0022
0.0017
0.0018
0.0017
0.0017
0.0014
0.0028
0.0034
0.0037
0.0024
0.0030
0.0032
0.0035
0.0025
0.0023
0.0020
0.0026
0.0037
0.0055
0.0070
0.0070
0.0065
0.0047
0.0048
0.0050
0.0051
0.0040
0.0026
0.0020
0.0016
0.0014
0.0019
0.0020
0.0021
0.0015
0.0013
0.0019
0.0031
0.0051
0.0051
0.0058
0.0051
0.0051
0.0041
0.0042
0.0040
0.0033
0.0024
0.0019
0.0021
0.0028
0.0034
0.0037
0.0029
0.0026
0.0019
0.0020
0.0019
0.0018
0.0014
0.0014
0.0013
0.0013
0.0016
0.0026
0.0030
0.0031
0.0024
0.0034
0.0039
0.0043
0.0033
0.0041
0.0039
0.0039
0.0028
0.0035
0.0037
0.0034
0.0025
0.0021
0.0027
0.0031
0.0033
0.0036
0.0037
0.0058
0.0060
0.0061
0.0047
0.0038
0.0033
0.0023
0.0023
0.0021
0.0023
0.0028
0.0030
0.0033
0.0024
0.0023
0.0020
0.0020
0.0018
0.0016
0.0014
0.0016
0.0018
0.0022
0.0024
0.0026
0.0028
0.0032
0.0045
0.0053
0.0050
0.0035
0.0024
0.0027
0.0030
0.0036
0.0036
0.0033
0.0031
0.0026
0.0027
0.0036
0.0036
0.0035
0.0021
0.0030
0.0030
0.0032
0.0021
0.0023
0.0026
0.0035
0.0035
0.0032
0.0023
0.0019
0.0019
0.0024
0.0026
0.0028
0.0024
0.0021
0.0017
0.0014
0.0012
0.0012
0.0011
0.0023
0.0027
0.0034
0.0037
0.0041
0.0042
0.0035
0.0032
0.0037
0.0040
0.0043
0.0036
0.0032
0.0036
0.0038
0.0036
0.0029
0.0023
0.0025
0.0036
0.0039
0.0051
0.0048
0.0058
0.0046
0.0039
0.0029
0.0023
0.0017
0.0014
0.0014
0.0016
0.0026
0.0034
0.0035
0.0029
0.0026
0.0028
0.0030
0.0028
0.0023
0.0022
0.0026
0.0028
0.0026
0.0020
0.0017
0.0015
0.0014
0.0017
0.0028
0.0033
0.0033
0.0023
0.0029
0.0031
0.0033
0.0023
0.0018
0.0015
0.0012
0.0015
0.0015
0.0016
0.0013
0.0015
0.0015
0.0016
0.0013
0.0026
0.0028
0.0041
0.0037
0.0042
0.0031
0.0023
0.0016
0.0017
0.0020
0.0021
0.0021
0.0027
0.0029
0.0027
0.0018
0.0017
0.0016
0.0026
0.0029
0.0031
0.0033
0.0032
0.0032
0.0021
0.0018
0.0017
0.0016
0.0015
0.0014
0.0017
0.0026
0.0032
0.0035
0.0034
0.0034
0.0032
0.0029
0.0022
0.0017
0.0014
0.0013
0.0011
0.0015
0.0022
0.0035
0.0042
0.0053
0.0047
0.0042
0.0032
0.0028
0.0028
0.0029
0.0029
0.0028
0.0018
0.0015
0.0017
0.0017
0.0025
0.0027
0.0033
0.0035
0.0031
0.0027
0.0020
0.0023
0.0030
0.0031
0.0027
0.0028
0.0027
0.0029
0.0023
0.0024
0.0025
0.0024
0.0022
0.0017
0.0013
0.0011
0.0011
0.0016
0.0024
0.0035
0.0036
0.0031
0.0024
0.0030
0.0039
0.0048
0.0045
0.0046
0.0046
0.0051
0.0055
0.0049
0.0039
0.0032
0.0031
0.0030
0.0023
0.0024
0.0030
0.0029
0.0027
0.0026
0.0038
0.0041
0.0045
0.0043
0.0042
0.0034
0.0023
0.0021
0.0017
0.0022
0.0020
0.0022
0.0018
0.0017
0.0018
0.0020
0.0025
0.0025
0.0022
0.0017
0.0018
0.0021
0.0030
0.0032
0.0032
0.0029
0.0028
0.0028
0.0023
0.0019
0.0016
0.0019
0.0027
0.0029
0.0028
0.0020
0.0022
0.0029
0.0036
0.0036
0.0027
0.0023
0.0020
0.0021
0.0022
0.0033
0.0033
0.0029
0.0017
0.0016
0.0013
0.0016
0.0013
0.0015
0.0011
0.0012
0.0011
0.0013
0.0016
0.0017
0.0020
0.0022
0.0024
0.0028
0.0037
0.0047
0.0050
0.0038
0.0031
0.0026
0.0028
0.0024
0.0022
0.0017
0.0015
0.0012
0.0012
0.0012
0.0011
0.0009
0.0015
0.0015
0.0018
0.0013
0.0015
0.0014
0.0016
0.0016
0.0016
0.0015
0.0012
0.0014
0.0020
0.0023
0.0023
0.0021
0.0035
0.0039
0.0045
0.0046
0.0045
0.0048
0.0041
0.0048
0.0044
0.0045
0.0039
0.0036
0.0043
0.0041
0.0040
0.0024
0.0020
0.0016
0.0014
0.0014
0.0023
0.0037
0.0042
0.0039
0.0029
0.0030
0.0031
0.0036
0.0036
0.0035
0.0031
0.0025
0.0021
0.0020
0.0025
0.0033
0.0039
0.0039
0.0037
0.0033
0.0029
0.0030
0.0025
0.0022
0.0016
0.0014
0.0017
0.0018
0.0020
0.0015
0.0021
0.0025
0.0032
0.0029
0.0036
0.0038
0.0038
0.0034
0.0027
0.0024
0.0020
0.0019
0.0015
0.0013
0.0012
0.0011
0.0010
0.0010
0.0008
0.0008
0.0020
0.0032
0.0041
0.0034
0.0029
0.0023
0.0018
0.0013
0.0014
0.0019
0.0023
0.0021
0.0016
0.0017
0.0017
0.0017
0.0012
0.0016
0.0016
0.0017
0.0015
0.0016
0.0016
0.0013
0.0011
0.0011
0.0013
0.0018
0.0026
0.0036
0.0041
0.0039
0.0030
0.0028
0.0029
0.0031
0.0026
0.0021
0.0024
0.0024
0.0028
0.0023
0.0022
0.0019
0.0020
0.0020
0.0023
0.0024
0.0028
0.0026
0.0024
0.0026
0.0022
0.0021
0.0017
0.0016
0.0015
0.0017
0.0017
0.0018
0.0013
0.0012
0.0011
0.0012
0.0015
0.0018
0.0029
0.0043
0.0046
0.0038
0.0035
0.0030
0.0029
0.0020
0.0024
0.0023
0.0028
0.0030
0.0035
0.0033
0.0028
0.0021
0.0016
0.0013
0.0016
0.0016
0.0023
0.0023
0.0024
0.0019
0.0022
0.0025
0.0026
0.0026
0.0031
0.0032
0.0035
0.0032
0.0031
0.0024
0.0017
0.0012
0.0015
0.0027
0.0030
0.0030
0.0018
0.0016
0.0019
0.0024
0.0027
0.0021
0.0016
0.0011
0.0009
0.0009
0.0011
0.0013
0.0014
0.0017
0.0016
0.0021
0.0020
0.0019
0.0026
0.0033
0.0036
0.0026
0.0017
0.0014
0.0020
0.0025
0.0026
0.0020
0.0016
0.0014
0.0016
0.0019
0.0022
0.0021
0.0019
0.0027
0.0028
0.0032
0.0026
0.0025
0.0020
0.0014
0.0019
0.0022
0.0022
0.0015
0.0012
0.0016
0.0018
0.0019
0.0013
0.0011
0.0008
0.0008
0.0011
0.0020
0.0022
0.0029
0.0031
0.0042
0.0036
0.0029
0.0018
0.0018
0.0016
0.0016
0.0011
0.0012
0.0014
0.0020
0.0026
0.0034
0.0035
0.0036
0.0028
0.0023
0.0017
0.0016
0.0022
0.0024
0.0021
0.0014
0.0011
0.0010
0.0012
0.0014
0.0016
0.0014
0.0012
0.0009
0.0011
0.0011
0.0011
0.0008
0.0013
0.0014
0.0017
0.0012
0.0012
0.0010
0.0010
0.0010
0.0010
0.0010
0.0009
0.0013
0.0013
0.0012
0.0010
0.0018
0.0032
0.0041
0.0042
0.0037
0.0034
0.0026
0.0018
0.0012
0.0009
0.0011
0.0017
0.0026
0.0025
0.0023
0.0021
0.0028
0.0027
0.0029
0.0022
0.0023
0.0017
0.0014
0.0014
0.0016
0.0017
0.0022
0.0019
0.0019
0.0010
0.0008
0.0009
0.0009
0.0009
0.0009
0.0014
0.0017
0.0017
0.0020
0.0019
0.0023
0.0022
0.0021
0.0020
0.0014
0.0013
0.0011
0.0012
0.0012
0.0009
0.0006
0.0006
0.0008
0.0015
0.0022
0.0027
0.0023
0.0018
0.0012
0.0012
0.0017
0.0022
0.0023
0.0019
0.0015
0.0010
0.0010
0.0016
0.0020
0.0027
0.0030
0.0029
0.0023
0.0012
0.0012
0.0015
0.0018
0.0015
0.0011
0.0014
0.0014
0.0014
0.0008
0.0010
0.0009
0.0011
0.0009
0.0011
0.0010
0.0008
0.0007
0.0007
0.0014
0.0016
0.0019
0.0019
0.0026
0.0025
0.0022
0.0021
0.0020
0.0028
0.0027
0.0028
0.0017
0.0015
0.0013
0.0012
0.0008
0.0007
0.0009
0.0017
0.0023
0.0022
0.0015
0.0010
0.0011
0.0010
0.0011
0.0007
0.0007
0.0007
0.0007
0.0007
0.0007
0.0011
0.0011
0.0010
0.0007
0.0007
0.0006
0.0006
0.0005
0.0005
0.0008
0.0012
0.0018
0.0018
0.0016
0.0012
0.0011
0.0012
0.0017
0.0017
0.0019
0.0018
0.0018
0.0015
0.0016
0.0029
0.0038
0.0039
0.0031
0.0029
0.0026
0.0021
0.0015
0.0016
0.0016
0.0019
0.0016
0.0014
0.0012
0.0014
0.0017
0.0018
0.0022
0.0023
0.0026
0.0021
0.0018
0.0014
0.0014
0.0013
0.0011
0.0007
0.0007
0.0006
0.0007
0.0014
0.0017
0.0021
0.0016
0.0014
0.0011
0.0007
0.0006
0.0016
0.0020
0.0025
0.0019
0.0023
0.0021
0.0020
0.0013
0.0016
0.0015
0.0014
0.0011
0.0017
0.0021
0.0026
0.0024
0.0027
0.0025
0.0022
0.0016
0.0011
0.0011
0.0011
0.0011
0.0012
0.0010
0.0022
0.0032
0.0044
0.0036
0.0029
0.0018
0.0016
0.0012
0.0012
0.0013
0.0017
0.0020
0.0019
0.0017
0.0013
0.0011
0.0009
0.0012
0.0013
0.0015
0.0012
0.0011
0.0009
0.0011
0.0013
0.0014
0.0014
0.0013
0.0011
0.0009
0.0011
0.0018
0.0029
0.0030
0.0032
0.0031
0.0030
0.0027
0.0021
0.0021
0.0016
0.0016
0.0023
0.0033
0.0042
0.0038
0.0032
0.0023
0.0020
0.0016
0.0015
0.0013
0.0017
0.0021
0.0023
0.0020
0.0014
0.0011
0.0009
0.0008
0.0006
0.0008
0.0008
0.0010
0.0011
0.0012
0.0011
0.0008
0.0009
0.0008
0.0008
0.0016
0.0024
0.0031
0.0029
0.0022
0.0016
0.0010
0.0007
0.0007
0.0006
0.0007
0.0009
0.0014
0.0017
0.0017
0.0019
0.0017
0.0016
0.0012
0.0011
0.0011
0.0008
0.0012
0.0014
0.0015
0.0014
0.0018
0.0022
0.0019
0.0015
0.0011
0.0009
0.0017
0.0020
0.0026
0.0020
0.0020
0.0025
0.0024
0.0024
0.0016
0.0020
0.0024
0.0025
0.0017
0.0019
0.0024
0.0031
0.0026
0.0023
0.0019
0.0020
0.0017
0.0014
0.0012
0.0017
0.0017
0.0017
0.0022
0.0030
0.0037
0.0029
0.0022
0.0015
0.0022
0.0027
0.0028
0.0022
0.0031
0.0037
0.0039
0.0026
0.0020
0.0016
0.0026
0.0034
0.0039
0.0030
0.0027
0.0020
0.0020
0.0023
0.0025
0.0026
0.0028
0.0028
0.0029
0.0023
0.0022
0.0019
0.0020
0.0018
0.0017
0.0013
0.0013
0.0017
0.0021
0.0026
0.0027
0.0028
0.0030
0.0034
0.0029
0.0033
0.0026
0.0025
0.0014
0.0013
0.0015
0.0018
0.0016
0.0012
0.0012
0.0011
0.0012
0.0015
0.0016
0.0016
0.0011
0.0009
0.0007
0.0007
0.0010
0.0012
0.0022
0.0030
0.0040
0.0035
0.0028
0.0017
0.0011
0.0010
0.0009
0.0008
0.0009
0.0016
0.0025
0.0027
0.0023
0.0017
0.0015
0.0020
0.0023
0.0027
0.0023
0.0020
0.0014
0.0011
0.0010
0.0010
0.0008
0.0006
0.0008
0.0007
0.0008
0.0005
0.0010
0.0025
0.0031
0.0031
0.0020
0.0022
0.0022
0.0021
0.0013
0.0012
0.0009
0.0008
0.0010
0.0016
0.0021
0.0019
0.0017
0.0013
0.0013
0.0011
0.0014
0.0012
0.0017
0.0017
0.0020
0.0020
0.0022
0.0025
0.0027
0.0026
0.0022
0.0020
0.0029
0.0029
0.0026
0.0016
0.0020
0.0022
0.0022
0.0020
0.0019
0.0028
0.0036
0.0041
0.0034
0.0023
0.0020
0.0017
0.0018
0.0017
0.0021
0.0022
0.0019
0.0018
0.0023
0.0029
0.0033
0.0032
0.0028
0.0022
0.0019
0.0021
0.0021
0.0021
0.0014
0.0012
0.0008
0.0007
0.0009
0.0020
0.0023
0.0023
0.0014
0.0012
0.0008
0.0015
0.0020
0.0028
0.0030
0.0031
0.0034
0.0028
0.0024
0.0015
0.0013
0.0012
0.0013
0.0023
0.0027
0.0029
0.0019
0.0019
0.0027
0.0038
0.0043
0.0040
0.0033
0.0027
0.0025
0.0021
0.0017
0.0014
0.0014
0.0014
0.0011
0.0012
0.0014
0.0017
0.0018
0.0019
0.0023
0.0033
0.0033
0.0034
0.0025
0.0027
0.0020
0.0024
0.0025
0.0033
0.0035
0.0035
0.0029
0.0019
0.0015
0.0016
0.0018
0.0015
0.0011
0.0007
0.0014
0.0020
0.0027
0.0030
0.0030
0.0028
0.0019
0.0016
0.0013
0.0012
0.0009
0.0008
0.0011
0.0017
0.0025
0.0023
0.0019
0.0011
0.0011
0.0014
0.0014
0.0013
0.0008
0.0007
0.0010
0.0016
0.0024
0.0024
0.0023
0.0017
0.0017
0.0019
0.0025
0.0024
0.0018
0.0012
0.0015
0.0014
0.0013
0.0012
0.0020
0.0024
0.0024
0.0017
0.0016
0.0023
0.0028
0.0030
0.0030
0.0028
0.0032
0.0032
0.0036
0.0031
0.0026
0.0018
0.0016
0.0019
0.0020
0.0026
0.0031
0.0042
0.0051
0.0045
0.0036
0.0027
0.0030
0.0030
0.0026
0.0021
0.0018
0.0016
0.0014
0.0017
0.0018
0.0022
0.0021
0.0022
0.0019
0.0015
0.0014
0.0014
0.0014
0.0013
0.0013
0.0020
0.0033
0.0038
0.0035
0.0025
0.0022
0.0021
0.0022
0.0024
0.0030
0.0029
0.0027
0.0020
0.0027
0.0028
0.0033
0.0032
0.0032
0.0028
0.0020
0.0018
0.0020
0.0021
0.0025
0.0026
0.0028
0.0029
0.0037
0.0041
0.0043
0.0037
0.0029
0.0025
0.0019
0.0021
0.0021
0.0021
0.0019
0.0017
0.0023
0.0023
0.0024
0.0018
0.0015
0.0015
0.0019
0.0020
0.0030
0.0030
0.0034
0.0034
0.0031
0.0029
0.0021
0.0029
0.0032
0.0036
0.0029
0.0024
0.0019
0.0016
0.0014
0.0018
0.0022
0.0026
0.0024
0.0021
0.0017
0.0017
0.0016
0.0015
0.0013
0.0014
0.0014
0.0014
0.0013
0.0018
0.0022
0.0026
0.0022
0.0020
0.0018
0.0023
0.0025
0.0029
0.0031
0.0031
0.0027
0.0023
0.0019
0.0023
0.0032
0.0034
0.0035
0.0027
0.0028
0.0024
0.0022
0.0018
0.0017
0.0026
0.0027
0.0028
0.0027
0.0027
0.0030
0.0027
0.0037
0.0039
0.0040
0.0032
0.0026
0.0019
0.0017
0.0017
0.0017
0.0017
0.0015
0.0014
0.0014
0.0015
0.0021
0.0026
0.0029
0.0026
0.0023
0.0029
0.0034
0.0039
0.0036
0.0030
0.0025
0.0018
0.0020
0.0019
0.0019
0.0020
0.0022
0.0023
0.0018
0.0016
0.0013
0.0015
0.0017
0.0021
0.0023
0.0023
0.0021
0.0016
0.0019
0.0021
0.0022
0.0019
0.0021
0.0028
0.0041
0.0047
0.0045
0.0036
0.0028
0.0023
0.0018
0.0016
0.0019
0.0020
0.0023
0.0020
0.0023
0.0021
0.0021
0.0020
0.0019
0.0021
0.0016
0.0016
0.0018
0.0021
0.0025
0.0025
0.0025
0.0023
0.0021
0.0021
0.0026
0.0039
0.0044
0.0044
0.0033
0.0029
0.0027
0.0025
0.0020
0.0025
0.0026
0.0029
0.0024
0.0021
0.0018
0.0015
0.0014
0.0018
0.0019
0.0020
0.0017
0.0021
0.0029
0.0030
0.0026
0.0019
0.0017
0.0015
0.0014
0.0016
0.0021
0.0024
0.0027
0.0031
0.0030
0.0028
0.0022
0.0021
0.0021
0.0019
0.0023
0.0022
0.0022
0.0019
0.0016
0.0014
0.0019
0.0023
0.0027
0.0023
0.0022
0.0026
0.0028
0.0026
0.0026
0.0026
0.0034
0.0040
0.0042
0.0037
0.0023
0.0020
0.0025
0.0028
0.0032
0.0027
0.0028
0.0029
0.0028
0.0024
0.0018
0.0021
0.0021
0.0026
0.0028
0.0029
0.0032
0.0030
0.0037
0.0039
0.0035
0.0028
0.0024
0.0028
0.0029
0.0027
0.0021
0.0018
0.0015
0.0014
0.0017
0.0018
0.0018
0.0014
0.0017
0.0017
0.0017
0.0015
0.0015
0.0014
0.0020
0.0020
0.0021
0.0019
0.0019
0.0023
0.0019
0.0020
0.0017
0.0025
0.0028
0.0029
0.0028
0.0030
0.0035
0.0036
0.0033
0.0037
0.0035
0.0035
0.0033
0.0046
0.0053
0.0051
0.0034
0.0028
0.0027
0.0035
0.0036
0.0044
0.0036
0.0035
0.0024
0.0026
0.0026
0.0030
0.0029
0.0028
0.0028
0.0023
0.0022
0.0018
0.0017
0.0016
0.0015
0.0014
0.0014
0.0014
0.0014
0.0014
0.0014
0.0013
0.0013
0.0013
0.0022
0.0032
0.0043
0.0037
0.0038
0.0036
0.0036
0.0028
0.0021
0.0020
0.0021
0.0025
0.0027
0.0026
0.0022
0.0017
0.0017
0.0018
0.0020
0.0020
0.0025
0.0024
0.0025
0.0023
0.0028
0.0031
0.0028
0.0024
0.0019
0.0020
0.0020
0.0024
0.0025
0.0026
0.0022
0.0020
0.0016
0.0016
0.0016
0.0016
0.0015
0.0019
0.0027
0.0034
0.0035
0.0034
0.0029
0.0026
0.0021
0.0020
0.0019
0.0020
0.0028
0.0037
0.0041
0.0036
0.0028
0.0022
0.0019
0.0020
0.0019
0.0021
0.0021
0.0023
0.0020
0.0018
0.0020
0.0020
0.0024
0.0026
0.0031
0.0044
0.0047
0.0050
0.0037
0.0034
0.0032
0.0036
0.0040
0.0036
0.0032
0.0028
0.0031
0.0030
0.0025
0.0019
0.0016
0.0022
0.0025
0.0031
0.0027
0.0028
0.0024
0.0023
0.0023
0.0023
0.0021
0.0016
0.0015
0.0015
0.0015
0.0015
0.0015
0.0027
0.0033
0.0035
0.0025
0.0019
0.0016
0.0015
0.0017
0.0018
0.0019
0.0018
0.0018
0.0025
0.0025
0.0026
0.0021
0.0024
0.0027
0.0030
0.0030
0.0030
0.0027
0.0023
0.0020
0.0026
0.0029
0.0038
0.0035
0.0034
0.0026
0.0022
0.0019
0.0019
0.0021
0.0024
0.0028
0.0029
0.0026
0.0021
0.0017
0.0017
0.0017
0.0020
0.0028
0.0031
0.0030
0.0023
0.0021
0.0019
0.0019
0.0015
0.0014
0.0013
0.0013
0.0016
0.0017
0.0017
0.0014
0.0016
0.0022
0.0028
0.0032
0.0032
0.0028
0.0024
0.0019
0.0021
0.0024
0.0035
0.0040
0.0039
0.0033
0.0032
0.0037
0.0046
0.0045
0.0040
0.0030
0.0025
0.0025
0.0030
0.0037
0.0043
0.0039
0.0032
0.0022
0.0025
0.0025
0.0028
0.0024
0.0031
0.0030
0.0033
0.0029
0.0033
0.0032
0.0030
0.0024
0.0021
0.0018
0.0016
0.0014
0.0014
0.0015
0.0015
0.0017
0.0022
0.0034
0.0041
0.0039
0.0030
0.0026
0.0022
0.0026
0.0027
0.0031
0.0030
0.0027
0.0024
0.0019
0.0017
0.0024
0.0024
0.0025
0.0018
0.0019
0.0024
0.0035
0.0043
0.0043
0.0035
0.0026
0.0022
0.0030
0.0035
0.0036
0.0027
0.0020
0.0016
0.0015
0.0020
0.0024
0.0032
0.0033
0.0033
0.0041
0.0038
0.0040
0.0032
0.0035
0.0033
0.0025
0.0023
0.0033
0.0035
0.0034
0.0025
0.0031
0.0032
0.0041
0.0043
0.0054
0.0053
0.0048
0.0037
0.0029
0.0030
0.0027
0.0025
0.0020
0.0021
0.0024
0.0023
0.0021
0.0017
0.0022
0.0026
0.0030
0.0026
0.0021
0.0018
0.0025
0.0031
0.0033
0.0026
0.0020
0.0016
0.0014
0.0018
0.0019
0.0020
0.0019
0.0018
0.0018
0.0015
0.0015
0.0018
0.0021
0.0022
0.0020
0.0018
0.0019
0.0021
0.0022
0.0021
0.0017
0.0025
0.0027
0.0029
0.0021
0.0020
0.0021
0.0022
0.0020
0.0018
0.0019
0.0019
0.0020
0.0019
0.0021
0.0024
0.0025
0.0024
0.0021
0.0024
0.0023
0.0023
0.0017
0.0016
0.0014
0.0013
0.0014
0.0014
0.0028
0.0038
0.0046
0.0040
0.0033
0.0026
0.0019
0.0017
0.0017
0.0016
0.0018
0.0019
0.0020
0.0019
0.0018
0.0020
0.0020
0.0019
0.0017
0.0018
0.0019
0.0019
0.0017
0.0015
0.0013
0.0012
0.0011
0.0010
0.0021
0.0024
0.0028
0.0022
0.0021
0.0022
0.0024
0.0033
0.0032
0.0029
0.0021
0.0023
0.0028
0.0027
0.0039
0.0042
0.0045
0.0031
0.0021
0.0016
0.0014
0.0019
0.0020
0.0023
0.0021
0.0029
0.0030
0.0029
0.0023
0.0027
0.0025
0.0025
0.0021
0.0024
0.0031
0.0036
0.0042
0.0036
0.0031
0.0024
0.0024
0.0023
0.0022
0.0020
0.0016
0.0016
0.0015
0.0014
0.0014
0.0015
0.0018
0.0018
0.0021
0.0031
0.0037
0.0038
0.0026
0.0021
0.0018
0.0017
0.0017
0.0015
0.0014
0.0014
0.0015
0.0017
0.0019
0.0018
0.0020
0.0022
0.0027
0.0027
0.0028
0.0024
0.0021
0.0019
0.0020
0.0021
0.0020
0.0025
0.0028
0.0027
0.0021
0.0018
0.0017
0.0016
0.0017
0.0019
0.0031
0.0038
0.0045
0.0039
0.0032
0.0023
0.0018
0.0023
0.0026
0.0027
0.0020
0.0018
0.0021
0.0021
0.0020
0.0015
0.0015
0.0020
0.0027
0.0034
0.0037
0.0033
0.0027
0.0023
0.0027
0.0027
0.0029
0.0029
0.0039
0.0038
0.0035
0.0028
0.0027
0.0022
0.0018
0.0016
0.0014
0.0021
0.0026
0.0028
0.0022
0.0028
0.0028
0.0028
0.0019
0.0023
0.0027
0.0030
0.0029
0.0026
0.0024
0.0027
0.0038
0.0038
0.0036
0.0026
0.0026
0.0023
0.0023
0.0019
0.0019
0.0018
0.0019
0.0018
0.0015
0.0021
0.0023
0.0027
0.0023
0.0025
0.0023
0.0028
0.0035
0.0049
0.0045
0.0037
0.0023
0.0019
0.0021
0.0021
0.0022
0.0022
0.0023
0.0029
0.0029
0.0034
0.0028
0.0024
0.0018
0.0016
0.0014
0.0018
0.0020
0.0023
0.0020
0.0021
0.0021
0.0022
0.0020
0.0015
0.0014
0.0013
0.0012
0.0011
0.0015
0.0019
0.0022
0.0019
0.0018
0.0016
0.0015
0.0021
0.0023
0.0024
0.0019
0.0023
0.0031
0.0038
0.0037
0.0030
0.0032
0.0032
0.0037
0.0030
0.0026
0.0018
0.0017
0.0020
0.0024
0.0029
0.0028
0.0027
0.0023
0.0018
0.0013
0.0009
0.0006
0.0005
0.0003
0.0002
0.0002
0.0001
0.0001
0.0001
0.0001
0.0001
0.0001
0.0001
0.0001
0.0001
0.0001
0.0000
0.0000
0.0000
0.0000
0.0000
0.0000
0.0000
0.0000
0.0000
0.0000
0.0000
0.0000
0.0000
0.0000
0.0000
0.0000
0.0000
0.0000
0.0000
0.0000
0.0000
0.0000
0.0000
0.0000
0.0000
0.0000
0.0000
0.0000
0.0000
0.0000
0.0000
0.0000
0.0000
0.0000
0.0000
0.0000
0.0000
0.0000
0.0000
0.0000
0.0000
0.0000
0.0000
0.0000
0.0000
0.0000
0.0000
0.0000
0.0000
0.0000
0.0000
0.0000
0.0000
0.0000
0.0000
0.0000
0.0000
0.0000
0.0000
0.0000
0.0000
0.0000
0.0000
0.0000
0.0000
0.0000
0.0000
0.0000
0.0000
0.0000
0.0000
0.0000
0.0000
0.0000
0.0000
0.0000
0.0000
0.0000
0.0000
0.0000
0.0000
0.0000
0.0000
0.0000
0.0000
0.0000
0.0000
0.0000
0.0000
0.0000
0.0000
0.0000
0.0000
0.0000
0.0000
0.0000
0.0000
0.0000
0.0000
0.0000
0.0000
0.0000
0.0000
0.0000
0.0000
0.0000
0.0000
0.0000
0.0000
0.0000
0.0000
0.0000
0.0000
0.0000
0.0000
0.0000
0.0000
0.0000
0.0000
0.0000
0.0000
0.0000
0.0000
0.0000
0.0000
0.0000
0.0000
0.0000
0.0000
