0.001479
0.000007
0.000285
0.000081
0.000187
0.000795
0.001060
0.001043
0.000313
0.000499
0.000411
0.000042
0.000947
0.000769
0.000008
0.000618
0.001206
0.001178
0.000986
0.000230
0.000532
0.000879
0.000570
0.000591
0.000707
0.001086
0.001162
0.001087
0.001399
0.001568
0.001753
0.001340
0.001151
0.000871
0.000524
0.000276
0.000259
0.000942
0.001957
0.002348
0.002490
0.001888
0.001754
0.001079
0.000517
0.000145
0.000711
0.001366
0.000741
0.000078
0.001092
0.000825
0.000517
0.001187
0.003283
0.006085
0.005325
0.007543
0.007506
0.008622
0.007263
0.005448
0.005189
0.003063
0.002704
0.003032
0.004907
0.000007
0.000358
0.000161
0.000610
0.005801
0.000023
0.000500
0.000127
0.000675
0.000989
0.000032
0.000053
0.000552
0.000716
0.000077
0.000004
0.000007
0.003417
0.000018
0.000172
0.000104
0.000428
0.000041
0.000030
0.000086
0.000045
0.000057
0.000038
0.000021
0.005062
0.000011
0.000007
0.000004
0.001927
0.002533
0.000023
0.000066
0.000081
0.000224
0.000038
0.000732
0.001600
0.001108
0.000044
0.000033
0.000020
0.000234
0.000067
0.000075
0.000455
0.000025
0.000110
0.000096
0.002019
0.000023
0.000224
0.000039
0.000042
0.000858
0.000004
0.000253
0.000285
0.000260
0.000444
0.000038
0.000148
0.000045
0.000070
0.001876
0.000707
0.000084
0.000041
0.000052
0.000014
0.000017
0.000054
0.000081
0.000025
0.000231
0.001899
0.000439
0.000073
0.000355
0.000055
0.000450
0.000936
0.004158
0.000697
0.000794
0.000017
0.003814
0.000070
0.000317
0.000064
0.000679
0.000104
0.000188
0.000338
0.000140
0.000012
0.000229
0.000345
0.000548
0.000418
0.000130
0.000075
0.000623
0.000062
0.000126
0.000143
0.000068
0.000648
0.001395
0.000032
0.000050
0.000076
0.000008
0.000097
0.000111
0.000053
0.000111
0.000080
0.000645
0.001260
0.000784
0.000890
0.000378
0.000076
0.000143
0.000169
0.000048
0.000147
0.000038
0.000144
0.000016
0.000002
0.000017
0.000128
0.000826
0.000048
0.000202
0.000431
0.001135
0.003984
0.000054
0.000125
0.000068
0.001190
0.001643
0.000153
0.003198
0.000098
0.000692
0.000113
0.008279
0.000396
0.000148
0.000294
0.002114
0.006399
0.001321
0.000248
0.000315
0.000167
0.000090
0.004561
0.000316
0.005479
0.002322
0.000334
0.000700
0.007042
0.000408
0.007302
0.003442
0.007618
0.008893
0.010229
0.007996
0.008381
0.008772
0.010494
0.001354
0.001220
0.002465
0.000652
0.000374
0.000876
0.010983
0.000541
0.008025
0.008597
0.010596
0.010778
0.008263
0.005669
0.006973
0.007393
0.007154
0.005593
0.004028
0.004965
0.006850
0.009868
0.010938
0.010977
0.009308
0.006021
0.005752
0.007068
0.009061
0.007330
0.004826
0.003288
0.003805
0.005652
0.006061
0.006783
0.004810
0.005038
0.005245
0.007078
0.009115
0.009795
0.010116
0.008447
0.007255
0.006475
0.006628
0.007026
0.007136
0.007836
0.008986
0.009108
0.007751
0.005246
0.003927
0.005044
0.005748
0.006949
0.006546
0.007086
0.006079
0.005794
0.006276
0.006994
0.006805
0.006537
0.007191
0.007922
0.007813
0.007007
0.005648
0.003557
0.002150
0.001155
0.001880
0.003889
0.006308
0.005908
0.004995
0.004655
0.006175
0.004879
0.004330
0.005583
0.007907
0.005777
0.002512
0.001353
0.003067
0.004500
0.005625
0.007654
0.007863
0.007732
0.006074
0.005544
0.004202
0.003722
0.003265
0.002855
0.001779
0.000640
0.001664
0.002432
0.002701
0.002945
0.003405
0.004193
0.002271
0.001511
0.002235
0.004509
0.006742
0.006470
0.004921
0.003239
0.003931
0.005351
0.006074
0.006649
0.007979
0.007715
0.007033
0.006044
0.005871
0.004130
0.003127
0.002349
0.003309
0.003334
0.003540
0.004640
0.004592
0.004263
0.003652
0.003363
0.003762
0.002631
0.002478
0.003839
0.004987
0.004785
0.005128
0.005354
0.006585
0.005722
0.004840
0.003280
0.002693
0.003925
0.006608
0.006821
0.007594
0.006563
0.006511
0.004433
0.005086
0.005549
0.005421
0.004130
0.003204
0.003308
0.002614
0.003703
0.004026
0.003814
0.001338
0.001230
0.002300
0.003875
0.002876
0.002953
0.002833
0.004779
0.006141
0.006802
0.006791
0.005355
0.005138
0.004513
0.003660
0.003415
0.003472
0.004694
0.004931
0.005247
0.005078
0.005658
0.004944
0.005839
0.006759
0.008968
0.008885
0.007662
0.006477
0.006595
0.008230
0.008514
0.007598
0.005350
0.002665
0.000289
0.001083
0.000547
0.000439
0.002118
0.003609
0.005303
0.005072
0.004188
0.002211
0.000991
0.000173
0.001185
0.002711
0.003608
0.001267
0.001137
0.001766
0.003803
0.003288
0.002452
0.003440
0.004571
0.005879
0.006047
0.004078
0.003071
0.002093
0.002957
0.002322
0.001807
0.002960
0.002639
0.002501
0.001059
0.002043
0.001505
0.000969
0.000314
0.000117
0.000118
0.000100
0.000783
0.000903
0.000149
0.000955
0.001666
0.001607
0.002374
0.002754
0.002410
0.002043
0.002001
0.001292
0.001497
0.001482
0.003078
0.002315
0.002364
0.002185
0.003595
0.003316
0.002581
0.001511
0.001456
0.001691
0.000659
0.000554
0.000379
0.001516
0.001589
0.001658
0.001633
0.001519
0.000399
0.000647
0.000466
0.001113
0.001575
0.001659
0.002127
0.001270
0.001347
0.001831
0.001974
0.001405
0.000108
0.000324
0.000553
0.002573
0.003327
0.002879
0.002061
0.001565
0.001765
0.001398
0.001777
0.002034
0.002426
0.001702
0.000850
0.000094
0.000086
0.000061
0.000452
0.000688
0.000761
0.001269
0.001544
0.002299
0.002278
0.002870
0.002312
0.001698
0.000950
0.000781
0.000616
0.000567
0.001083
0.001011
0.001172
0.001175
0.001555
0.001290
0.001594
0.001970
0.002136
0.000961
0.000233
0.000073
0.000606
0.000701
0.000779
0.000077
0.000643
0.001571
0.000117
0.001581
0.003111
0.002366
0.001819
0.002002
0.003090
0.004035
0.004063
0.003008
0.001743
0.001092
0.000429
0.000184
0.000534
0.000037
0.000621
0.000270
0.000509
0.000244
0.001419
0.000900
0.001196
0.000911
0.000940
0.000104
0.000693
0.000712
0.000086
0.000289
0.000361
0.000179
0.000074
0.000216
0.000329
0.001212
0.002686
0.002467
0.002273
0.001842
0.003002
0.002916
0.002175
0.001288
0.001217
0.001615
0.001141
0.002153
0.002566
0.002930
0.002153
0.001705
0.002149
0.002614
0.003324
0.003094
0.002764
0.002692
0.003506
0.003387
0.004019
0.005555
0.006579
0.007707
0.006876
0.006561
0.004928
0.003636
0.003882
0.005338
0.008600
0.011674
0.015368
0.002823
0.005154
0.002652
0.002173
0.002068
0.006369
0.016952
0.015017
0.011552
0.009919
0.007070
0.006025
0.005484
0.005711
0.005267
0.004650
0.004213
0.003758
0.003051
0.002653
0.001820
0.001352
0.000596
0.000405
0.000547
0.000748
0.000617
0.000557
0.000553
0.000590
0.000527
0.000277
0.000227
0.000710
0.001063
0.001040
0.000774
0.000561
0.000267
0.000129
0.000044
0.000158
0.000382
0.000467
0.000656
0.000410
0.000230
0.000477
0.000593
0.000589
0.000273
0.000072
0.000354
0.000265
0.000382
0.000521
0.000220
0.000254
0.000294
0.000236
0.000287
0.000023
0.000257
0.000447
0.000286
0.000133
0.000083
0.000160
0.000336
0.000393
0.000361
0.000168
0.000123
0.000074
0.000025
0.000118
0.000339
0.000174
0.000029
0.000070
0.000219
0.000268
0.000151
0.000184
0.000204
0.000075
0.000010
0.000070
0.000015
0.000013
0.000216
0.000526
0.000912
0.000601
0.000351
0.000046
0.000033
0.000071
0.000021
0.000329
0.000823
0.001350
0.001669
0.001589
0.001259
0.001114
0.001243
0.001419
0.001214
0.000783
0.000439
0.000244
0.000130
0.000186
0.000024
0.000253
0.000780
0.001085
0.000776
0.000192
0.000358
0.000257
0.000185
0.000201
0.000389
0.000203
0.000078
0.000179
0.000130
0.000032
0.000134
0.000135
0.000166
0.000272
0.000337
0.000387
0.000447
0.000850
0.000662
0.000467
0.000172
0.000137
0.000258
0.000106
0.000155
0.000237
0.000321
0.000688
0.000741
0.000750
0.000849
0.000581
0.000450
0.000110
0.000590
0.000576
0.000514
0.000361
0.000504
0.000459
0.000461
0.000165
0.000143
0.000218
0.000013
0.000047
0.000090
0.000100
0.000339
0.000371
0.000520
0.000346
0.000410
0.000242
0.000126
0.000051
0.000066
0.000318
0.000480
0.000440
0.000274
0.000050
0.000254
0.000316
0.000055
0.000222
0.000320
0.000258
0.000265
0.000383
0.000509
0.000831
0.000810
0.000652
0.000344
0.000400
0.000396
0.000142
0.000110
0.000261
0.000115
0.000116
0.000083
0.000024
0.000293
0.000346
0.000348
0.000055
0.000124
0.000127
0.000101
0.000091
0.000282
0.000217
0.000250
0.000141
0.000226
0.000141
0.000160
0.000298
0.000472
0.000718
0.000650
0.000480
0.000226
0.000257
0.000507
0.000551
0.000204
0.000041
0.000039
0.000083
0.000021
0.000109
0.000652
0.001106
0.001230
0.000996
0.000582
0.000232
0.000015
0.000170
0.000348
0.000346
0.000461
0.000697
0.000815
0.000930
0.000681
0.000486
0.000327
0.000166
0.000221
0.000084
0.000036
0.000210
0.000276
0.000221
0.000100
0.000008
0.000042
0.000070
0.000154
0.000112
0.000053
0.000295
0.000295
0.000115
0.000126
0.000154
0.000232
0.000393
0.000342
0.000324
0.000097
0.000085
0.000278
0.000486
0.000418
0.000211
0.000026
0.000046
0.000027
0.000010
0.000019
0.000066
0.000046
0.000028
0.000063
0.000089
0.000147
0.000356
0.000204
0.000260
0.000105
0.000106
0.000011
0.000007
0.000218
0.000220
0.000425
0.000407
0.000394
0.000273
0.000597
0.000596
0.000547
0.000187
0.000171
0.000016
0.000070
0.000077
0.000170
0.000355
0.000037
0.000158
0.000233
0.000377
0.000180
0.000385
0.000126
0.000276
0.000085
0.000040
0.000128
0.000345
0.000605
0.000727
0.000756
0.000619
0.000434
0.000311
0.000272
0.000343
0.000369
0.000298
0.000186
0.000204
0.000314
0.000362
0.000287
0.000129
0.000184
0.000463
0.000322
0.000390
0.000060
0.000012
0.000028
0.000214
0.000180
0.000069
0.000017
0.000010
0.000043
0.000170
0.000367
0.000537
0.000451
0.000214
0.000021
0.000104
0.000279
0.000288
0.000288
0.000115
0.000222
0.000632
0.000614
0.000622
0.000650
0.000568
0.000526
0.000285
0.000530
0.000393
0.000292
0.000399
0.000744
0.000827
0.000844
0.000457
0.000390
0.000404
0.000248
0.000121
0.000153
0.000265
0.000281
0.000269
0.000053
0.000158
0.000293
0.000370
0.000564
0.000482
0.000329
0.000263
0.000329
0.000352
0.000476
0.000427
0.000413
0.000020
0.000085
0.000062
0.000293
0.000391
0.000636
0.000625
0.000672
0.000259
0.000186
0.000089
0.000056
0.000181
0.000218
0.000165
0.000017
0.000217
0.000335
0.000373
0.000142
0.000032
0.000038
0.000028
0.000073
0.000254
0.000584
0.000519
0.000398
0.000148
0.000199
0.000193
0.000176
0.000108
0.000057
0.000112
0.000156
0.000198
0.000071
0.000058
0.000345
0.000471
0.000549
0.000275
0.000072
0.000116
0.000285
0.000263
0.000200
0.000093
0.000059
0.000134
0.000180
0.000499
0.000487
0.000528
0.000356
0.000453
0.000644
0.000774
0.000636
0.000692
0.000656
0.000711
0.000916
0.000780
0.000735
0.000290
0.000233
0.000315
0.000301
0.000253
0.000035
0.000129
0.000324
0.000515
0.000381
0.000022
0.000097
0.000228
0.000065
0.000059
0.000095
0.000184
0.000233
0.000054
0.000159
0.000237
0.000042
0.000021
0.000070
0.000055
0.000025
0.000017
0.000050
0.000064
0.000080
0.000117
0.000127
0.000137
0.000179
0.000294
0.000250
0.000105
0.000082
0.000197
0.000465
0.000481
0.000383
0.000297
0.000280
0.000322
0.000048
0.000320
0.000473
0.000413
0.000142
0.000012
0.000038
0.000028
0.000039
0.000103
0.000118
0.000109
0.000046
0.000032
0.000017
0.000074
0.000160
0.000223
0.000027
0.000066
0.000152
0.000013
0.000027
0.000007
0.000033
0.000073
0.000089
0.000113
0.000041
0.000031
0.000069
0.000149
0.000184
0.000031
0.000362
0.000226
0.000308
0.000139
0.000492
0.000108
0.000198
0.000522
0.000329
0.000223
0.000102
0.000080
0.000055
0.000153
0.000241
0.000296
0.000393
0.000202
0.000007
0.000216
0.000089
0.000261
0.000449
0.000671
0.000635
0.000620
0.000424
0.000502
0.000693
0.001001
0.001169
0.001021
0.000814
0.000380
0.000239
0.000303
0.000460
0.000671
0.000351
0.000156
0.000007
0.000483
0.000549
0.000565
0.000240
0.000179
0.000084
0.000059
0.000035
0.000025
0.000035
0.000035
0.000143
0.000231
0.000249
0.000091
0.000070
0.000008
0.000198
0.000289
0.000274
0.000113
0.000078
0.000039
0.000010
0.000011
0.000019
0.000025
0.000031
0.000068
0.000335
0.000499
0.000571
0.000504
0.000581
0.000490
0.000628
0.000307
0.000166
0.000218
0.000212
0.000080
0.000008
0.000099
0.000032
0.000107
0.000186
0.000209
0.000153
0.000034
0.000117
0.000422
0.000438
0.000359
0.000152
0.000155
0.000257
0.000154
0.000068
0.000079
0.000096
0.000236
0.000311
0.000299
0.000298
0.000255
0.000294
0.000172
0.000007
0.000149
0.000285
0.000219
0.000232
0.000213
0.000035
0.000050
0.000192
0.000079
0.000039
0.000084
0.000103
0.000127
0.000300
0.000438
0.000336
0.000213
0.000226
0.000281
0.000269
0.000214
0.000078
0.000065
0.000020
0.000012
0.000058
0.000164
0.000260
0.000280
0.000253
0.000316
0.000274
0.000151
0.000077
0.000130
0.000177
0.000278
0.000139
0.000053
0.000008
0.000149
0.000208
0.000199
0.000101
0.000182
0.000178
0.000118
0.000018
0.000056
0.000016
0.000047
0.000045
0.000051
0.000132
0.000227
0.000263
0.000115
0.000112
0.000080
0.000049
0.000286
0.000267
0.000214
0.000070
0.000008
0.000058
0.000127
0.000073
0.000057
0.000015
0.000292
0.000388
0.000376
0.000039
0.000084
0.000149
0.000064
0.000038
0.000047
0.000069
0.000156
0.000319
0.000363
0.000321
0.000266
0.000374
0.000467
0.000355
0.000286
0.000126
0.000022
0.000291
0.000316
0.000161
0.000240
0.000407
0.000340
0.000155
0.000050
0.000058
0.000166
0.000295
0.000394
0.000346
0.000313
0.000250
0.000109
0.000135
0.000329
0.000344
0.000247
0.000234
0.000017
0.000031
0.000230
0.000190
0.000183
0.000157
0.000010
0.000130
0.000119
0.000121
0.000062
0.000128
0.000260
0.000241
0.000137
0.000038
0.000008
0.000170
0.000233
0.000257
0.000246
0.000387
0.000483
0.000252
0.000057
0.000323
0.000495
0.000790
0.000478
0.000443
0.000088
0.000163
0.000415
0.000188
0.000071
0.000026
0.000232
0.000292
0.000268
0.000112
0.000076
0.000038
0.000024
0.000014
0.000010
0.000081
0.000100
0.000121
0.000045
0.000034
0.000017
0.000044
0.000052
0.000059
0.000037
0.000115
0.000196
0.000164
0.000007
0.000149
0.000248
0.000187
0.000144
0.000153
0.000197
0.000251
0.000322
0.000368
0.000358
0.000189
0.000072
0.000079
0.000090
0.000015
0.000104
0.000192
0.000093
0.000091
0.000042
0.000107
0.000110
0.000119
0.000046
0.000034
0.000017
0.000095
0.000416
0.000406
0.000364
0.000059
0.000085
0.000040
0.000126
0.000179
0.000194
0.000079
0.000146
0.000293
0.000347
0.000271
0.000154
0.000126
0.000190
0.000191
0.000107
0.000011
0.000049
0.000108
0.000279
0.000428
0.000436
0.000257
0.000120
0.000070
0.000167
0.000347
0.000332
0.000273
0.000087
0.000080
0.000169
0.000114
0.000110
0.000023
0.000052
0.000032
0.000056
0.000128
0.000167
0.000096
0.000091
0.000218
0.000266
0.000130
0.000027
0.000070
0.000056
0.000072
0.000157
0.000174
0.000194
0.000144
0.000073
0.000196
0.000264
0.000315
0.000422
0.000643
0.000779
0.000709
0.000549
0.000276
0.000178
0.000101
0.000069
0.000047
0.000024
0.000021
0.000014
0.000019
0.000054
0.000073
0.000175
0.000231
0.000390
0.000337
0.000255
0.000112
0.000074
0.000088
0.000083
0.000101
0.000032
0.000239
0.000323
0.000324
0.000203
0.000179
0.000111
0.000046
0.000020
0.000015
0.000010
0.000115
0.000275
0.000480
0.000450
0.000240
0.000036
0.000017
0.000080
0.000080
0.000027
0.000072
0.000144
0.000346
0.000380
0.000228
0.000017
0.000024
0.000068
0.000067
0.000027
0.000045
0.000088
0.000225
0.000282
0.000197
0.000172
0.000190
0.000201
0.000275
0.000262
0.000327
0.000292
0.000244
0.000008
0.000180
0.000218
0.000124
0.000103
0.000176
0.000236
0.000094
0.000025
0.000041
0.000077
0.000008
0.000036
0.000100
0.000028
0.000072
0.000110
0.000095
0.000014
0.000019
0.000017
0.000017
0.000017
0.000009
0.000085
0.000062
0.000087
0.000010
0.000128
0.000184
0.000234
0.000112
0.000125
0.000080
0.000024
0.000233
0.000403
0.000314
0.000171
0.000045
0.000060
0.000097
0.000095
0.000134
0.000015
0.000033
0.000008
0.000010
0.000008
0.000106
0.000128
0.000155
0.000057
0.000043
0.000105
0.000111
0.000033
0.000068
0.000216
0.000257
0.000305
0.000292
0.000220
0.000208
0.000105
0.000106
0.000072
0.000121
0.000219
0.000187
0.000202
0.000062
0.000088
0.000008
0.000066
0.000085
0.000090
0.000036
0.000026
0.000014
0.000010
0.000059
0.000053
0.000041
0.000092
0.000043
0.000080
0.000081
0.000099
0.000084
0.000142
0.000119
0.000094
0.000019
0.000112
0.000188
0.000298
0.000179
0.000154
0.000128
0.000168
0.000133
0.000014
0.000132
0.000090
0.000110
0.000193
0.000209
0.000116
0.000100
0.000017
0.000037
0.000064
0.000093
0.000050
0.000043
0.000012
0.000027
0.000037
0.000040
0.000042
0.000043
0.000018
0.000014
0.000058
0.000045
0.000020
0.000085
0.000045
0.000044
0.000196
0.000247
0.000260
0.000188
0.000129
0.000064
0.000066
0.000035
0.000033
0.000255
0.000245
0.000152
0.000007
0.000046
0.000129
0.000187
0.000226
0.000085
0.000013
0.000042
0.000069
0.000009
0.000054
0.000116
0.000012
0.000069
0.000164
0.000071
0.000045
0.000059
0.000114
0.000101
0.000151
0.000123
0.000150
0.000089
0.000060
0.000042
0.000008
0.000010
0.000166
0.000219
0.000197
0.000163
0.000332
0.000358
0.000121
0.000050
0.000074
0.000031
0.000015
0.000105
0.000060
0.000041
0.000112
0.000084
0.000056
0.000032
0.000115
0.000289
0.000341
0.000352
0.000121
0.000047
0.000156
0.000213
0.000125
0.000135
0.000077
0.000065
0.000077
0.000113
0.000043
0.000007
0.000052
0.000022
0.000047
0.000027
0.000085
0.000093
0.000043
0.000031
0.000058
0.000067
0.000040
0.000049
0.000040
0.000040
0.000039
0.000023
0.000103
0.000150
0.000244
0.000136
0.000012
0.000034
0.000068
0.000032
0.000035
0.000028
0.000014
0.000043
0.000057
0.000071
0.000027
0.000058
0.000056
0.000061
0.000037
0.000060
0.000060
0.000195
0.000283
0.000343
0.000224
0.000125
0.000057
0.000034
0.000021
0.000020
0.000014
0.000209
0.000291
0.000291
0.000154
0.000142
0.000136
0.000266
0.000315
0.000335
0.000374
0.000281
0.000261
0.000081
0.000075
0.000067
0.000058
0.000045
0.000039
0.000052
0.000117
0.000126
0.000117
0.000113
0.000180
0.000259
0.000245
0.000165
0.000092
0.000048
0.000029
0.000019
0.000046
0.000014
0.000157
0.000119
0.000060
0.000088
0.000020
0.000118
0.000135
0.000115
0.000109
0.000166
0.000154
0.000048
0.000017
0.000025
0.000026
0.000099
0.000181
0.000191
0.000027
0.000051
0.000071
0.000069
0.000038
0.000031
0.000045
0.000026
0.000062
0.000055
0.000103
0.000158
0.000225
0.000282
0.000289
0.000256
0.000178
0.000108
0.000059
0.000034
0.000077
0.000094
0.000085
0.000027
0.000071
0.000051
0.000020
0.000119
0.000252
0.000381
0.000421
0.000466
0.000551
0.000487
0.000352
0.000136
0.000040
0.000056
0.000109
0.000121
0.000155
0.000012
0.000072
0.000182
0.000170
0.000257
0.000240
0.000090
0.000065
0.000100
0.000067
0.000011
0.000013
0.000012
0.000107
0.000124
0.000143
0.000035
0.000014
0.000062
0.000079
0.000041
0.000025
0.000060
0.000039
0.000111
0.000153
0.000311
0.000356
0.000371
0.000316
0.000324
0.000334
0.000251
0.000146
0.000084
0.000072
0.000115
0.000121
0.000095
0.000010
0.000023
0.000192
0.000173
0.000150
0.000030
0.000045
0.000085
0.000052
0.000074
0.000169
0.000170
0.000132
0.000061
0.000013
0.000015
0.000073
0.000062
0.000060
0.000014
0.000007
0.000012
0.000030
0.000036
0.000041
0.000039
0.000073
0.000056
0.000069
0.000084
0.000021
0.000159
0.000158
0.000094
0.000008
0.000044
0.000040
0.000012
0.000031
0.000045
0.000034
0.000016
0.000010
0.000038
0.000029
0.000136
0.000151
0.000163
0.000055
0.000007
0.000027
0.000019
0.000034
0.000029
0.000060
0.000032
0.000073
0.000111
0.000134
0.000082
0.000031
0.000121
0.000174
0.000308
0.000143
0.000115
0.000165
0.000226
0.000188
0.000138
0.000074
0.000126
0.000084
0.000215
0.000247
0.000262
0.000131
0.000062
0.000023
0.000009
0.000049
0.000108
0.000084
0.000221
0.000317
0.000144
0.000187
0.000126
0.000110
0.000025
0.000036
0.000058
0.000092
0.000071
0.000073
0.000019
0.000008
0.000007
0.000106
0.000181
0.000229
0.000221
0.000117
0.000049
0.000035
0.000032
0.000047
0.000122
0.000166
0.000204
0.000140
0.000008
0.000100
0.000208
0.000232
0.000331
0.000198
0.000086
0.000047
0.000008
0.000039
0.000102
0.000116
0.000076
0.000046
0.000038
0.000010
0.000008
0.000013
0.000008
0.000012
0.000173
0.000224
0.000229
0.000049
0.000040
0.000042
0.000028
0.000015
0.000032
0.000140
0.000223
0.000229
0.000148
0.000013
0.000046
0.000085
0.000040
0.000084
0.000084
0.000092
0.000078
0.000060
0.000054
0.000009
0.000014
0.000028
0.000026
0.000009
0.000097
0.000200
0.000316
0.000349
0.000294
0.000213
0.000064
0.000009
0.000051
0.000019
0.000061
0.000025
0.000026
0.000107
0.000107
0.000112
0.000133
0.000139
0.000071
0.000070
0.000060
0.000037
0.000007
0.000124
0.000124
0.000149
0.000100
0.000095
0.000084
0.000039
0.000042
0.000070
0.000066
0.000057
0.000032
0.000008
0.000017
0.000077
0.000020
0.000034
0.000040
0.000036
0.000014
0.000016
0.000031
0.000071
0.000148
0.000126
0.000104
0.000066
0.000139
0.000197
0.000187
0.000138
0.000036
0.000009
0.000095
0.000096
0.000033
0.000093
0.000135
0.000068
0.000014
0.000009
0.000036
0.000152
0.000243
0.000226
0.000061
0.000174
0.000252
0.000208
0.000124
0.000067
0.000013
0.000161
0.000206
0.000190
0.000073
0.000047
0.000095
0.000216
0.000307
0.000231
0.000146
0.000076
0.000045
0.000013
0.000008
0.000030
0.000052
0.000008
0.000020
0.000100
0.000104
0.000141
0.000139
0.000035
0.000059
0.000149
0.000032
0.000074
0.000026
0.000011
0.000038
0.000018
0.000009
0.000037
0.000090
0.000042
0.000088
0.000045
0.000077
0.000116
0.000130
0.000121
0.000076
0.000117
0.000123
0.000043
0.000019
0.000062
0.000077
0.000085
0.000061
0.000015
0.000007
0.000052
0.000015
0.000018
0.000007
0.000015
0.000058
0.000126
0.000139
0.000041
0.000143
0.000089
0.000052
0.000108
0.000027
0.000042
0.000093
0.000107
0.000057
0.000075
0.000127
0.000077
0.000045
0.000191
0.000198
0.000064
0.000049
0.000118
0.000081
0.000012
0.000008
0.000018
0.000025
0.000019
0.000008
0.000021
0.000058
0.000041
0.000008
0.000048
0.000041
0.000033
0.000008
0.000009
0.000027
0.000009
0.000074
0.000092
0.000092
0.000028
0.000017
0.000021
0.000030
0.000017
0.000017
0.000007
0.000028
0.000009
0.000010
0.000032
0.000027
0.000114
0.000148
0.000077
0.000086
0.000216
0.000133
0.000071
0.000026
0.000012
0.000008
0.000031
0.000061
0.000084
0.000064
0.000011
0.000068
0.000151
0.000150
0.000083
0.000018
0.000079
0.000082
0.000066
0.000053
0.000074
0.000075
0.000027
0.000017
0.000034
0.000012
0.000011
0.000050
0.000067
0.000082
0.000009
0.000079
0.000146
0.000149
0.000185
0.000126
0.000077
0.000069
0.000075
0.000046
0.000011
0.000009
0.000034
0.000069
0.000081
0.000055
0.000028
0.000029
0.000031
0.000028
0.000142
0.000251
0.000231
0.000159
0.000072
0.000014
0.000084
0.000118
0.000136
0.000046
0.000007
0.000012
0.000015
0.000051
0.000019
0.000019
0.000057
0.000028
0.000010
0.000010
0.000059
0.000012
0.000045
0.000015
0.000042
0.000031
0.000035
0.000050
0.000018
0.000031
0.000027
0.000007
0.000045
0.000076
0.000064
0.000045
0.000026
0.000025
0.000082
0.000106
0.000157
0.000084
0.000070
0.000035
0.000046
0.000124
0.000142
0.000265
0.000267
0.000292
0.000159
0.000106
0.000075
0.000058
0.000042
0.000029
0.000042
0.000202
0.000202
0.000171
0.000029
0.000040
0.000074
0.000083
0.000092
0.000036
0.000026
0.000038
0.000038
0.000047
0.000053
0.000013
0.000008
0.000043
0.000012
0.000007
0.000014
0.000018
0.000011
0.000009
0.000066
0.000135
0.000169
0.000112
0.000050
0.000007
0.000026
0.000058
0.000022
0.000015
0.000019
0.000101
0.000089
0.000084
0.000091
0.000134
0.000222
0.000205
0.000198
0.000095
0.000016
0.000028
0.000036
0.000015
0.000009
0.000063
0.000098
0.000100
0.000009
0.000017
0.000038
0.000116
0.000131
0.000072
0.000051
0.000011
0.000036
0.000019
0.000038
0.000053
0.000025
0.000017
0.000028
0.000029
0.000032
0.000164
0.000172
0.000177
0.000007
0.000017
0.000032
0.000011
0.000008
0.000097
0.000085
0.000059
0.000053
0.000013
0.000044
0.000088
0.000033
0.000111
0.000110
0.000140
0.000018
0.000063
0.000066
0.000061
0.000052
0.000142
0.000083
0.000040
0.000037
0.000011
0.000019
0.000009
0.000008
0.000011
0.000031
0.000053
0.000038
0.000028
0.000008
0.000033
0.000050
0.000042
0.000010
0.000011
0.000066
0.000141
0.000221
0.000204
0.000138
0.000054
0.000024
0.000024
0.000030
0.000052
0.000047
0.000008
0.000020
0.000009
0.000030
0.000014
0.000026
0.000078
0.000080
0.000063
0.000039
0.000025
0.000127
0.000166
0.000135
0.000019
0.000123
0.000157
0.000065
0.000036
0.000099
0.000082
0.000116
0.000214
0.000274
0.000191
0.000097
0.000054
0.000116
0.000122
0.000111
0.000076
0.000068
0.000118
0.000076
0.000076
0.000011
0.000051
0.000017
0.000022
0.000035
0.000013
0.000055
0.000068
0.000109
0.000132
0.000131
0.000105
0.000038
0.000052
0.000042
0.000069
0.000102
0.000138
0.000117
0.000015
0.000036
0.000051
0.000019
0.000015
0.000008
0.000007
0.000007
0.000039
0.000094
0.000143
0.000120
0.000021
0.000034
0.000060
0.000007
0.000009
0.000020
0.000007
0.000011
0.000041
0.000046
0.000008
0.000113
0.000116
0.000092
0.000017
0.000014
0.000034
0.000202
0.000244
0.000291
0.000124
0.000120
0.000227
0.000294
0.000304
0.000169
0.000026
0.000143
0.000202
0.000121
0.000009
0.000079
0.000152
0.000125
0.000094
0.000079
0.000112
0.000109
0.000076
0.000060
0.000147
0.000171
0.000136
0.000097
0.000198
0.000136
0.000013
0.000075
0.000030
0.000075
0.000038
0.000024
0.000063
0.000095
0.000021
0.000008
0.000065
0.000017
0.000096
0.000026
0.000029
0.000069
0.000013
0.000007
0.000014
0.000022
0.000017
0.000040
0.000081
0.000070
0.000086
0.000152
0.000023
0.000011
0.000071
0.000112
0.000117
0.000124
0.000079
0.000086
0.000058
0.000066
0.000098
0.000155
0.000161
0.000187
0.000249
0.000252
0.000180
0.000067
0.000031
0.000016
0.000028
0.000042
0.000064
0.000054
0.000042
0.000035
0.000046
0.000051
0.000037
0.000065
0.000082
0.000054
0.000033
0.000019
0.000007
0.000068
0.000089
0.000086
0.000017
0.000120
0.000171
0.000157
0.000084
0.000050
0.000014
0.000032
0.000049
0.000024
0.000007
0.000127
0.000224
0.000219
0.000085
0.000052
0.000071
0.000112
0.000104
0.000007
0.000052
0.000018
0.000039
0.000021
0.000021
0.000011
0.000008
0.000039
0.000049
0.000058
0.000022
0.000025
0.000091
0.000144
0.000129
0.000062
0.000045
0.000103
0.000111
0.000067
0.000066
0.000057
0.000055
0.000098
0.000192
0.000180
0.000135
0.000068
0.000095
0.000104
0.000068
0.000009
0.000046
0.000091
0.000102
0.000129
0.000018
0.000046
0.000141
0.000169
0.000149
0.000129
0.000008
0.000136
0.000211
0.000215
0.000115
0.000155
0.000183
0.000162
0.000073
0.000035
0.000107
0.000080
0.000013
0.000084
0.000085
0.000082
0.000072
0.000048
0.000053
0.000030
0.000044
0.000030
0.000030
0.000099
0.000015
0.000147
0.000297
0.000215
0.000141
0.000008
0.000099
0.000147
0.000130
0.000050
0.000031
0.000014
0.000008
0.000041
0.000180
0.000208
0.000196
0.000059
0.000036
0.000010
0.000110
0.000190
0.000218
0.000012
0.000158
0.000212
0.000113
0.000038
0.000016
0.000018
0.000053
0.000084
0.000065
0.000070
0.000114
0.000007
0.000034
0.000112
0.000141
0.000045
0.000104
0.000156
0.000186
0.000205
0.000209
0.000170
0.000063
0.000039
0.000033
0.000044
0.000008
0.000066
0.000123
0.000157
0.000172
0.000228
0.000294
0.000286
0.000252
0.000188
0.000198
0.000150
0.000038
0.000195
0.000227
0.000017
0.000140
0.000183
0.000110
0.000018
0.000093
0.000176
0.000167
0.000111
0.000056
0.000007
0.000074
0.000146
0.000174
0.000083
0.000007
0.000066
0.000080
0.000075
0.000078
0.000037
0.000032
0.000052
0.000048
0.000015
0.000027
0.000039
0.000015
0.000028
0.000011
0.000011
0.000053
0.000014
0.000015
0.000056
0.000133
0.000235
0.000233
0.000131
0.000033
0.000008
0.000091
0.000165
0.000173
0.000129
0.000079
0.000121
0.000119
0.000108
0.000100
0.000044
0.000045
0.000109
0.000028
0.000043
0.000085
0.000113
0.000113
0.000122
0.000053
0.000067
0.000245
0.000221
0.000162
0.000084
0.000094
0.000081
0.000070
0.000082
0.000057
0.000060
0.000114
0.000178
0.000134
0.000129
0.000012
0.000038
0.000075
0.000039
0.000008
0.000013
0.000022
0.000008
0.000072
0.000096
0.000144
0.000136
0.000110
0.000074
0.000018
0.000032
0.000028
0.000029
0.000017
0.000015
0.000007
0.000045
0.000095
0.000110
0.000084
0.000032
0.000013
0.000059
0.000099
0.000040
0.000014
0.000033
0.000031
0.000079
0.000103
0.000190
0.000187
0.000201
0.000160
0.000073
0.000050
0.000098
0.000084
0.000072
0.000028
0.000008
0.000051
0.000066
0.000101
0.000033
0.000063
0.000069
0.000114
0.000066
0.000026
0.000022
0.000054
0.000009
0.000031
0.000100
0.000108
0.000124
0.000071
0.000040
0.000039
0.000064
0.000069
0.000074
0.000095
0.000127
0.000089
0.000037
0.000012
0.000009
0.000007
0.000014
0.000009
0.000037
0.000054
0.000032
0.000018
0.000008
0.000035
0.000007
0.000041
0.000035
0.000089
0.000054
0.000007
0.000026
0.000041
0.000017
0.000031
0.000029
0.000031
0.000014
0.000007
0.000048
0.000094
0.000104
0.000078
0.000029
0.000025
0.000088
0.000018
0.000126
0.000248
0.000220
0.000183
0.000138
0.000207
0.000299
0.000322
0.000266
0.000098
0.000023
0.000053
0.000054
0.000027
0.000022
0.000023
0.000034
0.000077
0.000113
0.000129
0.000099
0.000020
0.000029
0.000013
0.000021
0.000008
0.000062
0.000030
0.000030
0.000016
0.000023
0.000043
0.000015
0.000013
0.000009
0.000015
0.000085
0.000147
0.000188
0.000157
0.000115
0.000126
0.000129
0.000125
0.000007
0.000057
0.000087
0.000034
0.000033
0.000023
0.000021
0.000061
0.000058
0.000070
0.000008
0.000013
0.000008
0.000045
0.000039
0.000066
0.000077
0.000102
0.000100
0.000045
0.000017
0.000009
0.000008
0.000057
0.000046
0.000173
0.000095
0.000049
0.000063
0.000053
0.000078
0.000074
0.000053
0.000048
0.000073
0.000092
0.000144
0.000127
0.000059
0.000013
0.000040
0.000061
0.000085
0.000137
0.000072
0.000066
0.000098
0.000064
0.000035
0.000077
0.000097
0.000091
0.000052
0.000052
0.000168
0.000119
0.000011
0.000117
0.000103
0.000112
0.000129
0.000120
0.000073
0.000138
0.000168
0.000160
0.000079
0.000035
0.000045
0.000025
0.000021
0.000087
0.000113
0.000133
0.000021
0.000083
0.000009
0.000021
0.000079
0.000023
0.000031
0.000021
0.000010
0.000041
0.000052
0.000115
0.000168
0.000020
0.000101
0.000149
0.000098
0.000098
0.000028
0.000043
0.000020
0.000016
0.000011
0.000059
0.000031
0.000038
0.000120
0.000188
0.000244
0.000165
0.000093
0.000049
0.000042
0.000049
0.000026
0.000010
0.000048
0.000148
0.000183
0.000164
0.000070
0.000047
0.000033
0.000056
0.000088
0.000121
0.000147
0.000120
0.000095
0.000041
0.000033
0.000076
0.000071
0.000107
0.000133
0.000158
0.000202
0.000203
0.000271
0.000188
0.000117
0.000025
0.000010
0.000028
0.000013
0.000030
0.000040
0.000023
0.000018
0.000016
0.000084
0.000093
0.000097
0.000035
0.000012
0.000011
0.000019
0.000009
0.000008
0.000007
0.000090
0.000108
0.000130
0.000079
0.000073
0.000134
0.000114
0.000123
0.000072
0.000047
0.000098
0.000156
0.000056
0.000050
0.000028
0.000161
0.000149
0.000227
0.000234
0.000251
0.000040
0.000039
0.000055
0.000168
0.000107
0.000030
0.000043
0.000114
0.000143
0.000065
0.000037
0.000007
0.000059
0.000101
0.000070
0.000015
0.000115
0.000109
0.000130
0.000076
0.000071
0.000021
0.000013
0.000009
0.000008
0.000007
0.000007
0.000007
0.000007
0.000007
0.000008
0.000009
0.000009
0.000008
0.000122
0.000190
0.000169
0.000056
0.000100
0.000025
0.000036
0.000062
0.000009
0.000032
0.000080
0.000112
0.000150
0.000146
0.000121
0.000066
0.000013
0.000034
0.000078
0.000096
0.000030
0.000008
0.000031
0.000067
0.000021
0.000007
0.000065
0.000009
0.000047
0.000022
0.000047
0.000112
0.000140
0.000067
0.000013
0.000040
0.000019
0.000014
0.000010
0.000030
0.000026
0.000054
0.000066
0.000100
0.000103
0.000160
0.000146
0.000113
0.000016
0.000014
0.000027
0.000013
0.000048
0.000026
0.000031
0.000012
0.000075
0.000026
0.000032
0.000030
0.000043
0.000016
0.000044
0.000016
0.000012
0.000035
0.000029
0.000030
0.000009
0.000093
0.000107
0.000274
0.000326
0.000329
0.000157
0.000061
0.000013
0.000112
0.000196
0.000193
0.000106
0.000062
0.000017
0.000051
0.000082
0.000046
0.000026
0.000105
0.000152
0.000224
0.000184
0.000187
0.000133
0.000103
0.000048
0.000031
0.000011
0.000011
0.000011
0.000015
0.000019
0.000029
0.000010
0.000156
0.000128
0.000135
0.000015
0.000025
0.000008
0.000017
0.000032
0.000038
0.000050
0.000046
0.000047
0.000132
0.000139
0.000158
0.000014
0.000043
0.000047
0.000029
0.000018
0.000136
0.000097
0.000066
0.000030
0.000026
0.000027
0.000054
0.000111
0.000166
0.000070
0.000033
0.000034
0.000054
0.000044
0.000024
0.000110
0.000185
0.000163
0.000120
0.000069
0.000068
0.000070
0.000089
0.000087
0.000095
0.000065
0.000049
0.000008
0.000019
0.000032
0.000012
0.000011
0.000008
0.000008
0.000067
0.000081
0.000098
0.000051
0.000073
0.000173
0.000239
0.000249
0.000101
0.000019
0.000036
0.000010
0.000052
0.000007
0.000015
0.000051
0.000116
0.000161
0.000042
0.000105
0.000182
0.000262
0.000209
0.000069
0.000018
0.000069
0.000204
0.000351
0.000479
0.000412
0.000302
0.000138
0.000047
0.000022
0.000017
0.000018
0.000112
0.000169
0.000224
0.000194
0.000261
0.000171
0.000125
0.000030
0.000034
0.000008
0.000012
0.000008
0.000008
0.000010
0.000010
0.000009
0.000088
0.000245
0.000224
0.000182
0.000040
0.000053
0.000022
0.000091
0.000160
0.000217
0.000207
0.000171
0.000133
0.000071
0.000045
0.000038
0.000032
0.000025
0.000007
0.000030
0.000153
0.000339
0.000295
0.000252
0.000070
0.000110
0.000077
0.000140
0.000082
0.000042
0.000041
0.000008
0.000011
0.000014
0.000073
0.000144
0.000144
0.000085
0.000008
0.000017
0.000022
0.000018
0.000007
0.000037
0.000034
0.000063
0.000070
0.000037
0.000022
0.000037
0.000020
0.000029
0.000008
0.000090
0.000183
0.000270
0.000130
0.000016
0.000108
0.000118
0.000084
0.000049
0.000016
0.000058
0.000097
0.000098
0.000061
0.000017
0.000021
0.000069
0.000087
0.000065
0.000010
0.000018
0.000023
0.000125
0.000114
0.000103
0.000007
0.000013
0.000008
0.000008
0.000070
0.000095
0.000114
0.000095
0.000085
0.000079
0.000033
0.000010
0.000063
0.000113
0.000167
0.000096
0.000056
0.000053
0.000131
0.000138
0.000119
0.000052
0.000119
0.000131
0.000147
0.000060
0.000010
0.000055
0.000048
0.000033
0.000007
0.000049
0.000052
0.000080
0.000071
0.000097
0.000009
0.000061
0.000135
0.000102
0.000044
0.000008
0.000030
0.000020
0.000017
0.000014
0.000015
0.000037
0.000047
0.000132
0.000292
0.000376
0.000198
0.000077
0.000007
0.000014
0.000007
0.000021
0.000026
0.000008
0.000073
0.000093
0.000069
0.000007
0.000057
0.000072
0.000044
0.000020
0.000062
0.000035
0.000017
0.000020
0.000007
0.000008
0.000007
0.000007
0.000007
0.000039
0.000069
0.000098
0.000054
0.000029
0.000030
0.000120
0.000277
0.000297
0.000254
0.000145
0.000169
0.000209
0.000187
0.000181
0.000141
0.000132
0.000078
0.000042
0.000025
0.000019
0.000070
0.000088
0.000133
0.000114
0.000224
0.000230
0.000217
0.000129
0.000138
0.000109
0.000098
0.000093
0.000128
0.000179
0.000238
0.000303
0.000270
0.000228
0.000105
0.000054
0.000008
0.000015
0.000025
0.000012
0.000016
0.000014
0.000015
0.000011
0.000043
0.000104
0.000110
0.000040
0.000074
0.000129
0.000077
0.000028
0.000014
0.000035
0.000056
0.000065
0.000035
0.000021
0.000013
0.000023
0.000066
0.000101
0.000101
0.000049
0.000027
0.000106
0.000158
0.000115
0.000062
0.000009
0.000046
0.000017
0.000019
0.000007
0.000037
0.000069
0.000064
0.000057
0.000018
0.000009
0.000009
0.000030
0.000008
0.000183
0.000306
0.000512
0.000369
0.000260
0.000104
0.000073
0.000048
0.000066
0.000065
0.000056
0.000062
0.000024
0.000021
0.000027
0.000008
0.000024
0.000037
0.000024
0.000053
0.000048
0.000041
0.000025
0.000020
0.000021
0.000020
0.000042
0.000114
0.000139
0.000118
0.000043
0.000035
0.000056
0.000052
0.000010
0.000010
0.000008
0.000093
0.000146
0.000173
0.000080
0.000052
0.000093
0.000113
0.000025
0.000094
0.000165
0.000266
0.000252
0.000198
0.000167
0.000212
0.000344
0.000342
0.000258
0.000082
0.000010
0.000046
0.000019
0.000017
0.000016
0.000033
0.000038
0.000056
0.000022
0.000051
0.000079
0.000131
0.000148
0.000139
0.000101
0.000068
0.000086
0.000148
0.000152
0.000126
0.000056
0.000037
0.000059
0.000082
0.000090
0.000073
0.000098
0.000246
0.000221
0.000196
0.000067
0.000009
0.000023
0.000009
0.000007
0.000008
0.000008
0.000016
0.000027
0.000008
0.000057
0.000083
0.000069
0.000040
0.000023
0.000014
0.000010
0.000008
0.000051
0.000093
0.000123
0.000085
0.000067
0.000045
0.000037
0.000020
0.000016
0.000026
0.000013
0.000038
0.000042
0.000135
0.000212
0.000164
0.000070
0.000049
0.000086
0.000126
0.000103
0.000046
0.000021
0.000076
0.000050
0.000108
0.000078
0.000169
0.000138
0.000106
0.000059
0.000034
0.000020
0.000013
0.000009
0.000008
0.000007
0.000007
0.000007
0.000007
0.000007
0.000007
0.000007
0.000007
0.000007
0.000007
0.000007
0.000007
0.000007
0.000007
0.000007
0.000007
0.000007
0.000007
0.000007
0.000007
0.000007
0.000007
0.000007
0.000007
0.000007
0.000007
0.000007
0.000007
0.000007
0.000007
0.000007
0.000007
0.000007
0.000007
0.000007
0.000007
0.000007
0.000007
0.000007
0.000007
0.000007
0.000007
0.000007
0.000007
0.000007
0.000007
0.000007
0.000007
0.000007
0.000007
0.000007
0.000007
0.000007
0.000007
0.000007
0.000007
0.000007
0.000007
0.000007
0.000007
0.000007
0.000007
0.000007
0.000007
0.000007
0.000007
0.000007
0.000007
0.000007
0.000007
0.000007
0.000007
0.000007
0.000007
0.000007
0.000007
0.000007
0.000007
0.000007
0.000007
0.000007
0.000007
0.000007
0.000007
0.000007
0.000007
0.000007
0.000007
0.000007
0.000007
0.000007
0.000007
0.000007
0.000007
0.000007
0.000007
0.000007
0.000007
0.000007
0.000007
0.000007
0.000007
0.000007
0.000007
0.000007
0.000007
0.000007
0.000007
0.000007
0.000007
0.000007
0.000007
0.000007
0.000007
0.000007
0.000007
0.000007
0.000007
0.000007
0.000007
0.000007
0.000007
0.000007
0.000007
0.000007
0.000007
0.000007
0.000007
0.000007
0.000007
0.000007
0.000007
0.000007
0.000007
0.000007
0.000007
0.000007
0.000007
0.000007
0.000007
