0.039505
0.009850
0.019418
0.011928
0.011545
0.009408
0.007940
0.007226
0.006846
0.006557
0.005618
0.005995
0.006765
0.008130
0.008679
0.009539
0.009787
0.009852
0.009346
0.008904
0.008501
0.008109
0.007679
0.007233
0.006946
0.007033
0.006831
0.006902
0.006296
0.006415
0.006711
0.008012
0.009400
0.010839
0.012501
0.014679
0.017628
0.021663
0.026082
0.025874
0.030903
0.036199
0.041360
0.047163
0.053798
0.060769
0.067009
0.072444
0.079205
0.085974
0.092702
0.096853
0.100548
0.103458
0.107033
0.110891
0.114009
0.119088
0.123485
0.128900
0.132552
0.139249
0.147629
0.156887
0.165104
0.173530
0.182114
0.191021
0.202118
0.213893
0.225585
0.232025
0.234174
0.233059
0.230491
0.227644
0.224933
0.222970
0.222690
0.225332
0.228171
0.232226
0.235243
0.238022
0.238943
0.239440
0.240697
0.240448
0.240028
0.238151
0.236139
0.235708
0.238811
0.244204
0.252313
0.259665
0.265579
0.268630
0.270559
0.272900
0.275275
0.277199
0.279640
0.282549
0.286534
0.292035
0.297760
0.303775
0.309520
0.315482
0.321775
0.327169
0.331025
0.332631
0.333920
0.336435
0.339964
0.344247
0.347124
0.350410
0.353737
0.356434
0.357406
0.355823
0.354984
0.355894
0.358891
0.361486
0.363763
0.365172
0.365776
0.365351
0.363379
0.359208
0.354799
0.350725
0.346649
0.342657
0.339666
0.339161
0.339837
0.339455
0.341900
0.342167
0.340345
0.335071
0.331587
0.329177
0.327532
0.327560
0.329021
0.328991
0.329079
0.328178
0.328213
0.327350
0.326669
0.325810
0.324205
0.323914
0.324167
0.324121
0.321821
0.319188
0.317618
0.316733
0.314542
0.311704
0.306755
0.301747
0.296516
0.295302
0.294239
0.293657
0.290995
0.288836
0.287585
0.287084
0.288334
0.290058
0.292025
0.293313
0.292714
0.290736
0.285546
0.279849
0.272875
0.265418
0.259580
0.255838
0.253380
0.250127
0.247559
0.246182
0.246830
0.249145
0.252329
0.256032
0.258039
0.257422
0.252821
0.246329
0.238460
0.231501
0.225678
0.221641
0.219701
0.218202
0.217635
0.217420
0.217047
0.215848
0.212917
0.211053
0.210504
0.211188
0.211610
0.211403
0.207883
0.204347
0.200735
0.197821
0.194313
0.189885
0.186082
0.183635
0.181680
0.179405
0.176327
0.172524
0.169360
0.166472
0.164629
0.162834
0.160882
0.157929
0.155181
0.153695
0.153425
0.153660
0.153445
0.152135
0.149033
0.145348
0.142206
0.140007
0.137171
0.133647
0.129565
0.126218
0.122324
0.119950
0.119375
0.121084
0.123031
0.122578
0.121094
0.119129
0.116615
0.114150
0.111936
0.110440
0.109655
0.110077
0.111163
0.112854
0.113975
0.113553
0.112086
0.111510
0.113069
0.115338
0.118197
0.120054
0.121452
0.121416
0.120967
0.119579
0.117271
0.114216
0.112857
0.111233
0.109919
0.107647
0.104991
0.103541
0.101976
0.101991
0.100013
0.097660
0.095291
0.093886
0.093054
0.092430
0.091863
0.091991
0.091603
0.091678
0.091592
0.091638
0.090228
0.087628
0.087068
0.087933
0.089185
0.089926
0.088738
0.087197
0.084580
0.082343
0.080685
0.080037
0.079584
0.079577
0.078822
0.078161
0.076949
0.075903
0.073987
0.071955
0.070003
0.067950
0.066760
0.065993
0.066952
0.066381
0.066257
0.065842
0.066465
0.065099
0.063755
0.062723
0.063000
0.062487
0.061791
0.061205
0.062228
0.062536
0.062724
0.062524
0.062612
0.062684
0.062340
0.062895
0.063492
0.063785
0.063285
0.062744
0.062344
0.061635
0.061348
0.061161
0.060681
0.060077
0.057200
0.056149
0.055949
0.056456
0.056089
0.055260
0.054511
0.054337
0.054078
0.053903
0.054064
0.053973
0.054049
0.054214
0.054546
0.054698
0.054364
0.053587
0.053443
0.053700
0.054557
0.054294
0.054328
0.054380
0.054872
0.054603
0.054137
0.052960
0.051680
0.050923
0.050167
0.050204
0.050308
0.049902
0.049140
0.048753
0.048531
0.048172
0.048622
0.048399
0.048834
0.049292
0.050171
0.050911
0.051391
0.051984
0.052232
0.052080
0.052026
0.051778
0.052198
0.053123
0.053614
0.053120
0.050663
0.048288
0.046532
0.045715
0.045541
0.046265
0.047134
0.048051
0.048533
0.048014
0.046956
0.045485
0.045251
0.045290
0.045452
0.045009
0.044254
0.042807
0.041257
0.041235
0.041975
0.044330
0.044944
0.046024
0.046513
0.047198
0.047846
0.048550
0.048927
0.048315
0.047048
0.045875
0.045468
0.044901
0.045282
0.046873
0.049664
0.050158
0.049165
0.048173
0.047705
0.046889
0.045169
0.042995
0.041999
0.041560
0.042451
0.043537
0.045327
0.046028
0.046435
0.047098
0.046774
0.046034
0.044566
0.043137
0.041770
0.040116
0.038891
0.037878
0.037433
0.037271
0.037404
0.037266
0.036580
0.035836
0.034355
0.032660
0.031472
0.031093
0.031559
0.031148
0.030407
0.029442
0.028164
0.025975
0.023867
0.022468
0.021458
0.021512
0.021837
0.022624
0.023515
0.024812
0.025696
0.025680
0.025102
0.023605
0.022043
0.020583
0.020173
0.020427
0.020869
0.021671
0.023258
0.024466
0.025429
0.026077
0.026488
0.025464
0.023665
0.022091
0.021375
0.020706
0.021156
0.021620
0.021924
0.021566
0.020466
0.019801
0.019037
0.018985
0.018550
0.018217
0.018394
0.019216
0.019708
0.019869
0.019651
0.018685
0.018057
0.017988
0.018256
0.018166
0.018070
0.018300
0.018331
0.017979
0.017558
0.016944
0.015971
0.014460
0.013722
0.014168
0.014667
0.015401
0.015814
0.016352
0.016902
0.017480
0.018319
0.018383
0.017888
0.017414
0.017455
0.017237
0.017707
0.017814
0.017348
0.016478
0.015682
0.016173
0.017394
0.018466
0.019880
0.021286
0.022257
0.022214
0.020992
0.019902
0.019921
0.019800
0.019739
0.019630
0.019425
0.018542
0.017992
0.016827
0.016195
0.015607
0.015650
0.015933
0.016703
0.017380
0.017376
0.018086
0.019048
0.019518
0.019231
0.019007
0.019030
0.018901
0.017868
0.017105
0.016444
0.016485
0.016464
0.016491
0.016903
0.017237
0.017069
0.016727
0.016091
0.015679
0.015747
0.015610
0.015766
0.016223
0.016686
0.016803
0.017045
0.016682
0.016503
0.016113
0.016307
0.016692
0.016653
0.016166
0.015698
0.014917
0.014000
0.013492
0.013761
0.014592
0.014909
0.015602
0.016817
0.018476
0.020195
0.021534
0.022490
0.022714
0.022405
0.022079
0.021280
0.020729
0.020414
0.020845
0.021647
0.022974
0.024196
0.024615
0.025009
0.024780
0.024770
0.025043
0.025720
0.026691
0.027815
0.029540
0.032678
0.037470
0.042659
0.049030
0.056696
0.066616
0.078683
0.090367
0.101611
0.114741
0.129832
0.141902
0.149569
0.152810
0.152654
0.150172
0.146322
0.137916
0.124197
0.108347
0.094572
0.080850
0.067029
0.055103
0.045510
0.036702
0.029460
0.023935
0.019689
0.016343
0.014134
0.012232
0.010523
0.009115
0.020553
0.018391
0.016309
0.015431
0.014734
0.013885
0.013097
0.012388
0.012269
0.011627
0.011452
0.011482
0.012349
0.013400
0.014321
0.014460
0.014302
0.014043
0.014068
0.013939
0.013802
0.013351
0.013040
0.012713
0.012425
0.012022
0.011952
0.011958
0.011726
0.011444
0.011031
0.011018
0.010921
0.010898
0.010943
0.011070
0.010978
0.010773
0.010661
0.011066
0.011640
0.012008
0.011931
0.011676
0.011487
0.011363
0.010994
0.010905
0.010843
0.010825
0.011133
0.011435
0.011720
0.011471
0.011258
0.011072
0.011036
0.011133
0.011228
0.011446
0.011477
0.011108
0.010719
0.010655
0.011310
0.012058
0.012508
0.012567
0.012448
0.012296
0.012008
0.011853
0.011697
0.011653
0.011298
0.011067
0.010939
0.010880
0.010717
0.010416
0.010250
0.010259
0.010390
0.010560
0.010847
0.011034
0.011255
0.011337
0.011720
0.012109
0.012561
0.012680
0.012483
0.012049
0.011437
0.010874
0.010422
0.010040
0.009819
0.009544
0.009491
0.009414
0.009211
0.009319
0.009327
0.009644
0.009797
0.009999
0.010088
0.010096
0.009927
0.009995
0.009899
0.010109
0.010168
0.010369
0.010420
0.010224
0.010005
0.009750
0.009529
0.009147
0.008916
0.008878
0.008961
0.009156
0.009466
0.009632
0.009605
0.009385
0.009146
0.008804
0.008218
0.007755
0.007473
0.007698
0.007903
0.008272
0.008598
0.008766
0.008759
0.008697
0.008733
0.008811
0.008656
0.008512
0.008211
0.008046
0.007944
0.007861
0.007824
0.007983
0.008293
0.008240
0.008169
0.008076
0.008142
0.008157
0.008117
0.008182
0.008253
0.008310
0.008255
0.008323
0.008464
0.008525
0.008203
0.007973
0.007616
0.007554
0.007586
0.007616
0.007580
0.007271
0.007302
0.007459
0.008028
0.008359
0.008546
0.008446
0.008201
0.007768
0.007374
0.007171
0.007413
0.007671
0.007755
0.007868
0.007961
0.008037
0.007868
0.007422
0.007128
0.007041
0.007141
0.007458
0.007864
0.008118
0.008313
0.008437
0.008533
0.008637
0.008368
0.008277
0.008164
0.008210
0.008154
0.008033
0.007602
0.007249
0.006972
0.006885
0.006975
0.007342
0.007890
0.008256
0.008365
0.008340
0.008270
0.008108
0.007901
0.007551
0.007014
0.006739
0.006878
0.007341
0.007755
0.008106
0.008518
0.009080
0.009378
0.009470
0.009324
0.009116
0.008881
0.008687
0.008510
0.008356
0.008253
0.007953
0.007856
0.007378
0.007315
0.007006
0.006839
0.006475
0.006255
0.006044
0.006073
0.006185
0.006457
0.006670
0.006851
0.006867
0.007001
0.006890
0.006972
0.007112
0.007374
0.007437
0.007076
0.007004
0.006814
0.007140
0.006995
0.007143
0.007287
0.007631
0.007850
0.008144
0.008407
0.008747
0.008827
0.008791
0.008658
0.008665
0.008666
0.008744
0.008683
0.008691
0.008687
0.008954
0.009091
0.009580
0.009857
0.010100
0.009929
0.009803
0.009701
0.009401
0.009104
0.008851
0.008906
0.008850
0.008912
0.008735
0.008748
0.008669
0.008568
0.008328
0.007984
0.007664
0.007522
0.007487
0.007529
0.007695
0.007972
0.008112
0.008367
0.008421
0.008321
0.008354
0.008416
0.008614
0.008548
0.008518
0.008535
0.008567
0.008548
0.008638
0.008715
0.008828
0.008724
0.008574
0.008322
0.008202
0.008011
0.007870
0.007651
0.007594
0.007496
0.007637
0.007573
0.007780
0.007950
0.008118
0.007737
0.007396
0.007035
0.007026
0.007097
0.007346
0.007611
0.007564
0.007476
0.007263
0.007489
0.007529
0.007605
0.007554
0.007550
0.007639
0.007857
0.007985
0.008136
0.008182
0.008098
0.008068
0.008078
0.008249
0.008171
0.008042
0.007911
0.007801
0.007533
0.007381
0.007348
0.007379
0.007293
0.007267
0.007158
0.006948
0.006604
0.006446
0.006551
0.006746
0.006933
0.007090
0.006769
0.006476
0.006201
0.006377
0.006292
0.006404
0.006218
0.006200
0.006044
0.006212
0.006462
0.006843
0.007124
0.007378
0.007422
0.007321
0.007242
0.007185
0.007253
0.007609
0.007991
0.008350
0.008179
0.007803
0.007375
0.007113
0.006895
0.006656
0.006401
0.006274
0.006259
0.006208
0.006039
0.005893
0.005823
0.005825
0.005774
0.005805
0.005872
0.005794
0.005528
0.005225
0.005080
0.004849
0.004340
0.003846
0.003515
0.003267
0.003230
0.003443
0.003851
0.004246
0.004428
0.004595
0.004662
0.004928
0.005210
0.005506
0.005768
0.006098
0.006485
0.006929
0.007372
0.007788
0.008041
0.008200
0.008283
0.008364
0.008324
0.008122
0.007839
0.007807
0.007943
0.007766
0.007732
0.007650
0.007909
0.007744
0.007568
0.007502
0.007481
0.007449
0.007392
0.007305
0.007438
0.007488
0.007427
0.007441
0.007564
0.007826
0.007871
0.007971
0.008036
0.007988
0.007825
0.007672
0.007677
0.007691
0.007673
0.007660
0.007558
0.007347
0.007114
0.006832
0.006846
0.006895
0.007021
0.007143
0.007233
0.007339
0.007303
0.007213
0.007190
0.007231
0.007242
0.007344
0.007318
0.007378
0.007232
0.007181
0.007096
0.007170
0.007303
0.007291
0.007242
0.007205
0.007208
0.007174
0.007159
0.007206
0.007100
0.007053
0.006828
0.006727
0.006614
0.006566
0.006455
0.006545
0.006534
0.006622
0.006446
0.006523
0.006459
0.006412
0.006155
0.005826
0.005540
0.005172
0.004845
0.004607
0.004501
0.004509
0.004351
0.004540
0.004863
0.005222
0.005408
0.005580
0.005792
0.005903
0.005825
0.005761
0.005786
0.005882
0.005933
0.005983
0.006076
0.006202
0.006085
0.005927
0.005850
0.005948
0.006019
0.005984
0.005920
0.005933
0.005998
0.005954
0.005771
0.005735
0.005809
0.006019
0.005950
0.005845
0.005614
0.005520
0.005509
0.005623
0.005692
0.005652
0.005621
0.005557
0.005463
0.005182
0.004890
0.004691
0.004543
0.004385
0.004151
0.003820
0.003654
0.003521
0.003507
0.003496
0.003565
0.003669
0.003783
0.003921
0.004116
0.004093
0.003979
0.003894
0.003932
0.004005
0.003953
0.003893
0.003767
0.003673
0.003566
0.003303
0.003229
0.003155
0.003075
0.003122
0.003136
0.003322
0.003332
0.003340
0.003277
0.003346
0.003565
0.003638
0.003456
0.003241
0.003011
0.002837
0.002794
0.002851
0.002932
0.002667
0.002627
0.002749
0.003019
0.003181
0.003100
0.003110
0.003069
0.003159
0.003071
0.003071
0.003158
0.003229
0.003265
0.003315
0.003387
0.003455
0.003365
0.003304
0.003271
0.003335
0.003288
0.003188
0.003086
0.002996
0.003026
0.003078
0.003244
0.003366
0.003292
0.003083
0.002816
0.002572
0.002408
0.002390
0.002368
0.002506
0.002511
0.002556
0.002730
0.002850
0.003008
0.003053
0.003248
0.003451
0.003597
0.003635
0.003613
0.003526
0.003403
0.003244
0.003104
0.003098
0.003020
0.002964
0.002874
0.003017
0.003136
0.003305
0.003426
0.003422
0.003350
0.003211
0.003117
0.003115
0.003202
0.003236
0.003189
0.003174
0.003191
0.003184
0.003149
0.003185
0.003224
0.003205
0.003015
0.002804
0.002702
0.002588
0.002530
0.002458
0.002566
0.002666
0.002531
0.002471
0.002473
0.002450
0.002561
0.002691
0.002718
0.002504
0.002419
0.002454
0.002705
0.002904
0.003004
0.003088
0.003082
0.003050
0.002943
0.002986
0.003084
0.003196
0.003171
0.003147
0.002973
0.002993
0.002929
0.002943
0.002715
0.002524
0.002474
0.002395
0.002280
0.002317
0.002332
0.002491
0.002494
0.002561
0.002560
0.002510
0.002412
0.002415
0.002485
0.002560
0.002475
0.002528
0.002576
0.002735
0.002860
0.002988
0.003217
0.003333
0.003385
0.003264
0.003184
0.003097
0.002930
0.002748
0.002752
0.002844
0.002976
0.003181
0.003432
0.003603
0.003697
0.003800
0.004014
0.004197
0.004309
0.004280
0.004467
0.004686
0.005106
0.005507
0.005962
0.006509
0.006905
0.007157
0.007600
0.008006
0.008493
0.008687
0.008866
0.008992
0.008935
0.008757
0.008368
0.008079
0.007668
0.007251
0.006621
0.005998
0.005357
0.004750
0.004130
0.003591
0.003028
0.002698
0.002494
0.002413
0.002263
0.002103
0.001937
0.001858
0.001618
0.001478
0.001355
0.001333
0.001379
0.001395
0.001568
0.001748
0.001946
0.002007
0.001949
0.001876
0.001952
0.001950
0.002004
0.002044
0.002057
0.001983
0.001903
0.001890
0.001934
0.002052
0.002170
0.002303
0.002402
0.002450
0.002447
0.002426
0.002408
0.002400
0.002260
0.002011
0.001697
0.001495
0.001436
0.001378
0.001217
0.001206
0.001323
0.001337
0.001327
0.001307
0.001280
0.001271
0.001371
0.001637
0.001779
0.001625
0.001519
0.001383
0.001357
0.001390
0.001422
0.001582
0.001698
0.001651
0.001598
0.001533
0.001406
0.001321
0.001203
0.001058
0.001047
0.001110
0.001217
0.001239
0.001390
0.001542
0.001527
0.001463
0.001388
0.001429
0.001406
0.001417
0.001474
0.001587
0.001728
0.001719
0.001626
0.001517
0.001445
0.001408
0.001412
0.001394
0.001403
0.001391
0.001391
0.001405
0.001500
0.001543
0.001573
0.001723
0.001855
0.001829
0.001768
0.001770
0.001841
0.001951
0.001906
0.001955
0.002056
0.002153
0.002321
0.002465
0.002474
0.002416
0.002578
0.002881
0.003114
0.003267
0.003312
0.003410
0.003472
0.003587
0.003617
0.003551
0.003435
0.003305
0.003373
0.003340
0.003339
0.003209
0.003050
0.002690
0.002313
0.001989
0.001828
0.001633
0.001515
0.001533
0.001479
0.001364
0.001294
0.001389
0.001457
0.001534
0.001565
0.001543
0.001512
0.001497
0.001485
0.001406
0.001271
0.001201
0.001179
0.001087
0.000954
0.000915
0.000871
0.000891
0.000910
0.000880
0.000837
0.000822
0.000779
0.000819
0.000967
0.001206
0.001318
0.001146
0.000989
0.000930
0.000958
0.000920
0.000822
0.000779
0.000828
0.000924
0.000970
0.001034
0.001120
0.001146
0.001166
0.001204
0.001212
0.001150
0.001102
0.001081
0.001090
0.001077
0.000972
0.000810
0.000701
0.000695
0.000700
0.000685
0.000660
0.000571
0.000546
0.000622
0.000774
0.000858
0.000916
0.000917
0.000884
0.000982
0.001118
0.001175
0.001237
0.001179
0.001051
0.000950
0.000856
0.000788
0.000701
0.000732
0.000828
0.000930
0.000991
0.001005
0.000961
0.000904
0.000922
0.000855
0.000761
0.000751
0.001007
0.000981
0.000961
0.000850
0.000906
0.000868
0.000913
0.001039
0.001056
0.001008
0.000971
0.000982
0.000989
0.000975
0.000888
0.000889
0.000968
0.000879
0.000826
0.000866
0.000984
0.001162
0.001225
0.001232
0.001262
0.001246
0.001132
0.001032
0.000976
0.000965
0.000959
0.000982
0.000992
0.000926
0.000928
0.000902
0.000961
0.000975
0.000992
0.000960
0.000959
0.000953
0.001033
0.000948
0.000760
0.000807
0.000887
0.001010
0.001118
0.001154
0.001135
0.001009
0.000937
0.001001
0.001109
0.001195
0.001277
0.001299
0.001292
0.001225
0.001186
0.001192
0.001221
0.001239
0.001246
0.001233
0.001128
0.001010
0.000932
0.000961
0.001012
0.001093
0.001179
0.001233
0.001266
0.001242
0.001213
0.001120
0.001068
0.001019
0.001032
0.000969
0.000906
0.000855
0.000874
0.000779
0.000750
0.000728
0.000746
0.000752
0.000719
0.000691
0.000703
0.000738
0.000798
0.000902
0.000909
0.000970
0.000963
0.001001
0.000968
0.000914
0.000879
0.000880
0.000907
0.000862
0.000820
0.000740
0.000697
0.000641
0.000672
0.000836
0.000922
0.000950
0.000913
0.000943
0.000976
0.000861
0.000958
0.001031
0.001085
0.001157
0.001259
0.001355
0.001393
0.001375
0.001316
0.001330
0.001355
0.001365
0.001244
0.001167
0.001080
0.000967
0.000875
0.000846
0.000763
0.000879
0.000871
0.000899
0.000893
0.000855
0.000852
0.000853
0.000853
0.000867
0.000812
0.000857
0.000871
0.000893
0.000854
0.000871
0.000902
0.000952
0.001012
0.001049
0.001056
0.001082
0.001071
0.000928
0.000819
0.000805
0.000770
0.000742
0.000660
0.000653
0.000705
0.000762
0.000683
0.000663
0.000701
0.000851
0.001029
0.001126
0.001115
0.001046
0.000968
0.000958
0.000970
0.000892
0.000879
0.000923
0.000994
0.000935
0.000915
0.000905
0.000943
0.000986
0.000881
0.000823
0.000817
0.000785
0.000728
0.000616
0.000627
0.000603
0.000621
0.000644
0.000633
0.000621
0.000658
0.000710
0.000800
0.000861
0.000952
0.001009
0.001082
0.001065
0.001006
0.000893
0.000768
0.000688
0.000542
0.000489
0.000569
0.000670
0.000803
0.000902
0.000938
0.000988
0.001026
0.001025
0.000983
0.000934
0.000860
0.000789
0.000721
0.000731
0.000743
0.000735
0.000851
0.000876
0.000935
0.000947
0.000937
0.000861
0.000777
0.000724
0.000678
0.000682
0.000669
0.000647
0.000605
0.000628
0.000684
0.000697
0.000665
0.000628
0.000621
0.000640
0.000581
0.000511
0.000490
0.000523
0.000622
0.000652
0.000669
0.000645
0.000729
0.000754
0.000689
0.000603
0.000525
0.000504
0.000738
0.001114
0.001095
0.000976
0.000886
0.000856
0.000785
0.000658
0.000550
0.000611
0.000719
0.000764
0.000811
0.000857
0.000971
0.001011
0.000968
0.000899
0.000945
0.000866
0.000780
0.000671
0.000681
0.000711
0.000772
0.000897
0.001052
0.001140
0.001075
0.000942
0.000866
0.000853
0.000840
0.000920
0.000953
0.001001
0.000988
0.000976
0.000909
0.000841
0.000732
0.000645
0.000683
0.000759
0.000692
0.000637
0.000628
0.000706
0.000741
0.000768
0.000713
0.000723
0.000718
0.000730
0.000677
0.000635
0.000719
0.000805
0.000854
0.000870
0.000848
0.000791
0.000701
0.000662
0.000714
0.000775
0.000866
0.000967
0.000929
0.000842
0.000827
0.000871
0.000900
0.000847
0.000710
0.000651
0.000636
0.000596
0.000605
0.000668
0.000717
0.000759
0.000760
0.000733
0.000688
0.000648
0.000594
0.000575
0.000562
0.000564
0.000566
0.000597
0.000625
0.000640
0.000567
0.000597
0.000609
0.000633
0.000622
0.000521
0.000546
0.000701
0.000722
0.000654
0.000595
0.000620
0.000656
0.000672
0.000700
0.000863
0.000976
0.000976
0.000878
0.000857
0.000842
0.000766
0.000680
0.000689
0.000687
0.000641
0.000572
0.000746
0.001006
0.000843
0.000878
0.000872
0.000749
0.000592
0.000647
0.000772
0.000942
0.001037
0.001055
0.001055
0.001023
0.000997
0.000987
0.001029
0.001036
0.001006
0.000972
0.000929
0.000895
0.000874
0.000884
0.000850
0.000728
0.000526
0.000618
0.000622
0.000725
0.000761
0.000773
0.000819
0.000844
0.000837
0.000802
0.000744
0.000727
0.000791
0.000790
0.000699
0.000634
0.000572
0.000518
0.000561
0.000650
0.000809
0.000776
0.000686
0.000579
0.000611
0.000596
0.000623
0.000666
0.000839
0.000904
0.001033
0.000990
0.000978
0.000964
0.000858
0.000760
0.000707
0.000730
0.000733
0.000714
0.000694
0.000698
0.000672
0.000622
0.000601
0.000576
0.000568
0.000634
0.000719
0.000524
0.000523
0.000546
0.000564
0.000535
0.000518
0.000493
0.000512
0.000559
0.000512
0.000477
0.000512
0.000557
0.000616
0.000673
0.000670
0.000812
0.001144
0.001066
0.000885
0.000697
0.000653
0.000647
0.000650
0.000687
0.000780
0.000825
0.000905
0.000969
0.001039
0.001100
0.001143
0.001179
0.001104
0.000977
0.000938
0.000938
0.000761
0.000733
0.000869
0.000982
0.001046
0.001045
0.000987
0.000984
0.000982
0.000986
0.000951
0.000873
0.000807
0.000752
0.000643
0.000607
0.000634
0.000695
0.000585
0.000507
0.000473
0.000461
0.000469
0.000443
0.000442
0.000448
0.000482
0.000621
0.000694
0.000659
0.000485
0.000435
0.000422
0.000427
0.000442
0.000508
0.000598
0.000673
0.000681
0.000643
0.000586
0.000581
0.000581
0.000567
0.000617
0.000693
0.000636
0.000523
0.000573
0.000720
0.000760
0.000680
0.000800
0.000920
0.000946
0.000855
0.000711
0.000625
0.000588
0.000576
0.000534
0.000531
0.000626
0.000716
0.000689
0.000670
0.000620
0.000591
0.000628
0.000778
0.000929
0.000843
0.000697
0.000637
0.000651
0.000676
0.000585
0.000564
0.000574
0.000533
0.000500
0.000474
0.000456
0.000472
0.000479
0.000511
0.000570
0.000517
0.000528
0.000574
0.000694
0.000877
0.001044
0.000986
0.001068
0.001027
0.000985
0.000785
0.000660
0.000595
0.000562
0.000504
0.000493
0.000567
0.000546
0.000549
0.000526
0.000492
0.000497
0.000514
0.000552
0.000560
0.000628
0.000633
0.000577
0.000552
0.000474
0.000501
0.000525
0.000562
0.000553
0.000601
0.000587
0.000613
0.000640
0.000660
0.000573
0.000485
0.000442
0.000488
0.000494
0.000562
0.000660
0.000699
0.000649
0.000535
0.000574
0.000774
0.000835
0.000878
0.000822
0.000818
0.000771
0.000727
0.000649
0.000587
0.000532
0.000470
0.000457
0.000518
0.000708
0.000711
0.000676
0.000551
0.000557
0.000548
0.000542
0.000570
0.000629
0.000624
0.000575
0.000572
0.000554
0.000602
0.000641
0.000689
0.000718
0.000684
0.000671
0.000655
0.000631
0.000607
0.000543
0.000489
0.000446
0.000442
0.000512
0.000585
0.000591
0.000521
0.000501
0.000521
0.000576
0.000603
0.000603
0.000552
0.000528
0.000600
0.000641
0.000696
0.000721
0.000693
0.000613
0.000528
0.000386
0.000365
0.000344
0.000375
0.000409
0.000435
0.000436
0.000441
0.000435
0.000424
0.000416
0.000403
0.000426
0.000480
0.000498
0.000427
0.000437
0.000488
0.000548
0.000523
0.000548
0.000580
0.000578
0.000491
0.000408
0.000395
0.000492
0.000622
0.000668
0.000619
0.000484
0.000455
0.000452
0.000495
0.000567
0.000613
0.000616
0.000528
0.000507
0.000567
0.000585
0.000588
0.000587
0.000550
0.000460
0.000464
0.000588
0.000650
0.000664
0.000831
0.000881
0.000952
0.000697
0.000530
0.000426
0.000388
0.000378
0.000397
0.000435
0.000481
0.000483
0.000493
0.000490
0.000521
0.000511
0.000509
0.000535
0.000571
0.000605
0.000596
0.000575
0.000579
0.000520
0.000503
0.000486
0.000500
0.000537
0.000580
0.000674
0.000674
0.000718
0.000681
0.000768
0.000673
0.000676
0.000539
0.000493
0.000442
0.000436
0.000406
0.000364
0.000281
0.000358
0.000416
0.000457
0.000490
0.000492
0.000494
0.000513
0.000502
0.000504
0.000562
0.000761
0.000772
0.000745
0.000566
0.000433
0.000421
0.000497
0.000736
0.000733
0.000632
0.000488
0.000512
0.000552
0.000612
0.000695
0.000809
0.000809
0.000748
0.000608
0.000484
0.000399
0.000410
0.000557
0.000686
0.000681
0.000610
0.000528
0.000444
0.000444
0.000534
0.000583
0.000618
0.000712
0.000674
0.000680
0.000500
0.000487
0.000363
0.000372
0.000416
0.000470
0.000522
0.000537
0.000614
0.000580
0.000624
0.000618
0.000600
0.000553
0.000540
0.000523
0.000541
0.000473
0.000391
0.000313
0.000302
0.000379
0.000577
0.000550
0.000545
0.000451
0.000336
0.000349
0.000416
0.000454
0.000459
0.000488
0.000537
0.000567
0.000508
0.000488
0.000515
0.000615
0.000602
0.000676
0.000732
0.000722
0.000526
0.000465
0.000523
0.000625
0.000673
0.000725
0.000695
0.000625
0.000577
0.000612
0.000679
0.000727
0.000816
0.000976
0.000860
0.000719
0.000645
0.000716
0.000653
0.000595
0.000560
0.000540
0.000520
0.000693
0.000792
0.000899
0.000810
0.000705
0.000691
0.000718
0.000700
0.000632
0.000518
0.000502
0.000627
0.000671
0.000664
0.000645
0.000638
0.000621
0.000638
0.000642
0.000704
0.000755
0.000712
0.000668
0.000627
0.000654
0.000673
0.000697
0.000721
0.000689
0.000637
0.000583
0.000571
0.000524
0.000463
0.000516
0.000607
0.000737
0.000703
0.000642
0.000493
0.000478
0.000438
0.000618
0.000710
0.000726
0.000582
0.000638
0.000709
0.000679
0.000744
0.000676
0.000617
0.000403
0.000396
0.000426
0.000465
0.000562
0.000689
0.000797
0.000862
0.000866
0.000777
0.000660
0.000569
0.000536
0.000521
0.000449
0.000386
0.000364
0.000390
0.000541
0.000735
0.000924
0.001033
0.001042
0.000976
0.000878
0.000780
0.000693
0.000667
0.000649
0.000624
0.000574
0.000545
0.000541
0.000530
0.000526
0.000552
0.000635
0.000602
0.000570
0.000488
0.000449
0.000464
0.000433
0.000456
0.000454
0.000503
0.000423
0.000470
0.000540
0.000554
0.000536
0.000411
0.000456
0.000619
0.000782
0.000818
0.000819
0.000823
0.000835
0.000792
0.000755
0.000719
0.000702
0.000668
0.000629
0.000623
0.000683
0.000695
0.000670
0.000608
0.000705
0.000767
0.000645
0.000691
0.000810
0.000865
0.000735
0.000669
0.000598
0.000610
0.000611
0.000631
0.000571
0.000535
0.000474
0.000455
0.000517
0.000596
0.000522
0.000491
0.000473
0.000466
0.000387
0.000481
0.000579
0.000673
0.000614
0.000563
0.000507
0.000536
0.000618
0.000534
0.000531
0.000549
0.000564
0.000550
0.000522
0.000542
0.000599
0.000584
0.000608
0.000649
0.000831
0.000830
0.000740
0.000509
0.000559
0.000535
0.000467
0.000381
0.000374
0.000326
0.000461
0.000478
0.000581
0.000502
0.000537
0.000550
0.000565
0.000567
0.000583
0.000680
0.000771
0.000608
0.000608
0.000627
0.000662
0.000643
0.000620
0.000651
0.000682
0.000523
0.000370
0.000310
0.000310
0.000352
0.000410
0.000453
0.000429
0.000433
0.000446
0.000551
0.000650
0.000676
0.000713
0.000595
0.000458
0.000309
0.000312
0.000348
0.000370
0.000414
0.000492
0.000410
0.000404
0.000324
0.000335
0.000316
0.000483
0.000640
0.000770
0.000583
0.000498
0.000443
0.000489
0.000499
0.000505
0.000487
0.000458
0.000425
0.000431
0.000417
0.000490
0.000556
0.000658
0.000599
0.000585
0.000333
0.000326
0.000380
0.000436
0.000430
0.000484
0.000547
0.000578
0.000572
0.000489
0.000394
0.000308
0.000410
0.000435
0.000527
0.000736
0.000974
0.000715
0.000479
0.000329
0.000405
0.000476
0.000634
0.000699
0.000706
0.000638
0.000655
0.000689
0.000775
0.000865
0.000867
0.000858
0.000835
0.000870
0.000884
0.000827
0.000708
0.000724
0.000655
0.000621
0.000597
0.000585
0.000529
0.000528
0.000517
0.000532
0.000485
0.000498
0.000550
0.000657
0.000668
0.000604
0.000476
0.000445
0.000381
0.000444
0.000528
0.000613
0.000563
0.000602
0.000689
0.000730
0.000837
0.000902
0.000887
0.000783
0.000660
0.000547
0.000462
0.000495
0.000497
0.000455
0.000500
0.000581
0.000695
0.000744
0.000675
0.000595
0.000632
0.000566
0.000466
0.000343
0.000291
0.000306
0.000357
0.000372
0.000389
0.000457
0.000472
0.000514
0.000549
0.000665
0.000673
0.000681
0.000648
0.000696
0.000678
0.000676
0.000682
0.000724
0.000603
0.000534
0.000468
0.000369
0.000477
0.000527
0.000565
0.000458
0.000460
0.000444
0.000442
0.000496
0.000637
0.000630
0.000621
0.000568
0.000518
0.000484
0.000468
0.000446
0.000449
0.000507
0.000542
0.000535
0.000569
0.000587
0.000589
0.000567
0.000567
0.000571
0.000687
0.000727
0.000709
0.000608
0.000506
0.000487
0.000509
0.000413
0.000348
0.000352
0.000407
0.000524
0.000683
0.000676
0.000518
0.000678
0.000889
0.000891
0.000634
0.000564
0.000508
0.000579
0.000679
0.000662
0.000613
0.000504
0.000486
0.000500
0.000568
0.000577
0.000645
0.000751
0.000809
0.000744
0.000688
0.000648
0.000683
0.000718
0.000730
0.000748
0.000826
0.000938
0.001087
0.001177
0.001223
0.001133
0.001070
0.001020
0.000959
0.000951
0.000941
0.000946
0.000947
0.000919
0.000937
0.001002
0.001041
0.001069
0.001121
0.001200
0.001270
0.001287
0.001295
0.001339
0.001392
0.001393
0.001275
0.001188
0.001098
0.001086
0.001059
0.001116
0.001142
0.001205
0.001176
0.001184
0.001194
0.001213
0.001133
0.001113
0.001127
0.001075
0.001060
0.001083
0.001162
0.001222
0.001239
0.001169
0.001088
0.001122
0.001185
0.001181
0.001184
0.001186
0.001224
0.001230
0.001214
0.001161
0.001067
0.001012
0.000953
0.000979
0.001017
0.001087
0.001117
0.001157
0.001132
0.001083
0.000980
0.000947
0.000924
0.000994
0.001018
0.001056
0.001049
0.001016
0.001021
0.001043
0.001102
0.001131
0.001086
0.001120
0.001134
0.001120
0.001127
0.001070
0.001057
0.001056
0.000990
0.000911
0.000890
0.000876
0.000842
0.000796
0.000772
0.000803
0.000817
0.000924
0.001092
0.001285
0.001404
0.001452
0.001424
0.001323
0.001233
0.001101
0.001090
0.001066
0.001066
0.001066
0.001080
0.001099
0.001058
0.001037
0.000983
0.000980
0.001002
0.001049
0.001049
0.001040
0.001044
0.001053
0.001048
0.001073
0.001079
0.001015
0.001009
0.001018
0.001030
0.001042
0.000938
0.000896
0.000885
0.000847
0.000772
0.000715
0.000699
0.000716
0.000719
0.000714
0.000763
0.000864
0.000959
0.001023
0.001073
0.001116
0.001104
0.001098
0.001071
0.001059
0.000935
0.000917
0.000948
0.001068
0.001082
0.001113
0.001169
0.001257
0.001313
0.001322
0.001276
0.001210
0.001167
0.001165
0.001231
0.001323
0.001323
0.001247
0.001200
0.001123
0.001053
0.000963
0.000891
0.000887
0.000929
0.000989
0.001018
0.001114
0.001147
0.001172
0.001172
0.001195
0.001218
0.001203
0.001158
0.001096
0.000994
0.000959
0.000921
0.000943
0.001025
0.001021
0.001017
0.001041
0.001046
0.000959
0.000963
0.000947
0.001003
0.001066
0.001139
0.001204
0.001246
0.001261
0.001324
0.001333
0.001317
0.001332
0.001348
0.001335
0.001303
0.001219
0.001189
0.001161
0.001189
0.001227
0.001344
0.001429
0.001483
0.001509
0.001451
0.001313
0.001147
0.000980
0.000831
0.000791
0.000879
0.000960
0.001007
0.001010
0.000988
0.001028
0.001103
0.001127
0.001117
0.001099
0.001083
0.001000
0.000879
0.000805
0.000846
0.000815
0.000825
0.000863
0.000904
0.000868
0.000877
0.000945
0.000954
0.000978
0.000942
0.000926
0.000945
0.001040
0.001112
0.001146
0.001134
0.001078
0.001105
0.001146
0.001256
0.001313
0.001322
0.001300
0.001274
0.001222
0.001192
0.001134
0.001150
0.001181
0.001243
0.001310
0.001363
0.001373
0.001328
0.001266
0.001247
0.001288
0.001268
0.001199
0.001059
0.000997
0.000985
0.001003
0.001076
0.001155
0.001204
0.001158
0.001145
0.001129
0.001139
0.001010
0.000966
0.000983
0.001014
0.001014
0.001023
0.001003
0.000959
0.000950
0.000957
0.001027
0.001100
0.001208
0.001269
0.001300
0.001224
0.001185
0.001142
0.001146
0.001129
0.001169
0.001160
0.001143
0.001165
0.001233
0.001237
0.001237
0.001221
0.001236
0.001158
0.001035
0.000959
0.000951
0.000958
0.000966
0.001051
0.001185
0.001247
0.001314
0.001368
0.001288
0.001197
0.001114
0.001071
0.001054
0.000998
0.000951
0.000857
0.000876
0.000945
0.000954
0.001043
0.001110
0.001220
0.001224
0.001254
0.001239
0.001196
0.001206
0.001214
0.001342
0.001398
0.001441
0.001424
0.001370
0.001288
0.001269
0.001247
0.001249
0.001187
0.001108
0.001000
0.000924
0.000935
0.000906
0.000926
0.000899
0.000973
0.001066
0.001126
0.001122
0.001079
0.001029
0.000990
0.001029
0.001092
0.001163
0.001189
0.001158
0.001122
0.001129
0.001093
0.001079
0.001072
0.001093
0.001120
0.001191
0.001286
0.001359
0.001370
0.001337
0.001292
0.001216
0.001074
0.000970
0.000920
0.000967
0.001045
0.001138
0.001178
0.001232
0.001260
0.001266
0.001185
0.001107
0.001107
0.001139
0.001206
0.001285
0.001325
0.001366
0.001418
0.001432
0.001353
0.001346
0.001363
0.001482
0.001512
0.001462
0.001370
0.001254
0.001139
0.001026
0.001019
0.001021
0.001079
0.001101
0.001064
0.001058
0.001019
0.001032
0.001055
0.001128
0.001165
0.001088
0.000959
0.000872
0.000892
0.000945
0.000951
0.000934
0.000935
0.000997
0.001062
0.001108
0.001139
0.001170
0.001089
0.001025
0.001014
0.001088
0.001196
0.001235
0.001203
0.001143
0.001075
0.001090
0.001123
0.001223
0.001278
0.001344
0.001385
0.001386
0.001429
0.001448
0.001392
0.001334
0.001302
0.001247
0.001168
0.001126
0.001074
0.001051
0.001079
0.001182
0.001322
0.001308
0.001243
0.001174
0.001141
0.001149
0.001114
0.001118
0.001108
0.001155
0.001214
0.001236
0.001215
0.001126
0.001043
0.001000
0.001042
0.001123
0.001220
0.001327
0.001414
0.001443
0.001375
0.001195
0.001086
0.001073
0.001115
0.001167
0.001146
0.001102
0.001011
0.000924
0.000808
0.000853
0.000922
0.001011
0.001112
0.001245
0.001362
0.001433
0.001396
0.001379
0.001298
0.001181
0.001087
0.001047
0.001029
0.001056
0.001062
0.001123
0.001142
0.001162
0.001160
0.001230
0.001340
0.001366
0.001359
0.001302
0.001270
0.001207
0.001179
0.001159
0.001189
0.001224
0.001263
0.001283
0.001326
0.001373
0.001406
0.001388
0.001396
0.001372
0.001313
0.001232
0.001230
0.001216
0.001195
0.001173
0.001210
0.001203
0.001208
0.001188
0.001150
0.001072
0.000976
0.000898
0.000923
0.000985
0.001066
0.001113
0.001150
0.001217
0.001237
0.001282
0.001289
0.001381
0.001482
0.001502
0.001414
0.001305
0.001233
0.001162
0.001164
0.001197
0.001209
0.001198
0.001247
0.001297
0.001321
0.001224
0.001111
0.001041
0.001035
0.001094
0.001153
0.001229
0.001237
0.001214
0.001230
0.001245
0.001308
0.001323
0.001322
0.001274
0.001287
0.001336
0.001374
0.001394
0.001366
0.001284
0.001212
0.001133
0.001101
0.001088
0.001060
0.001061
0.001055
0.001066
0.001001
0.000999
0.001023
0.001039
0.001014
0.001122
0.001212
0.001269
0.001138
0.001110
0.001094
0.001113
0.001119
0.001144
0.001180
0.001236
0.001258
0.001225
0.001132
0.001136
0.001241
0.001331
0.001350
0.001322
0.001253
0.001216
0.001185
0.001238
0.001321
0.001423
0.001462
0.001488
0.001445
0.001375
0.001293
0.001256
0.001255
0.001243
0.001259
0.001213
0.001216
0.001174
0.001110
0.001079
0.001066
0.001119
0.001115
0.001050
0.001024
0.000994
0.000948
0.000937
0.000923
0.000958
0.000970
0.001034
0.001125
0.001132
0.001181
0.001197
0.001232
0.001206
0.001174
0.001191
0.001247
0.001286
0.001210
0.001173
0.001186
0.001245
0.001252
0.001243
0.001224
0.001228
0.001178
0.001127
0.001108
0.001129
0.001176
0.001142
0.001172
0.001166
0.001154
0.001089
0.000973
0.000985
0.000995
0.000948
0.000931
0.000940
0.000967
0.000992
0.000955
0.000942
0.000953
0.000943
0.000951
0.000986
0.001040
0.001060
0.000998
0.000988
0.001048
0.001121
0.001185
0.001185
0.001189
0.001138
0.001077
0.000975
0.000947
0.000969
0.000948
0.001001
0.001034
0.001075
0.001043
0.001040
0.001026
0.000977
0.001001
0.001012
0.001099
0.001158
0.001238
0.001245
0.001218
0.001189
0.001126
0.001052
0.000948
0.000894
0.000898
0.000854
0.000864
0.000877
0.000931
0.000949
0.001000
0.001107
0.001277
0.001341
0.001309
0.001248
0.001200
0.001057
0.000981
0.000978
0.001043
0.000999
0.000966
0.000929
0.000939
0.000974
0.001022
0.001095
0.001205
0.001239
0.001220
0.001184
0.001155
0.001158
0.001094
0.001104
0.001125
0.001124
0.001021
0.000922
0.000925
0.000957
0.001037
0.001041
0.001167
0.001270
0.001117
0.001098
0.001103
0.001134
0.001121
0.001070
0.000996
0.000951
0.000964
0.000954
0.000962
0.001008
0.001063
0.001152
0.001228
0.001314
0.001298
0.001293
0.001279
0.001333
0.001341
0.001419
0.001400
0.001384
0.001318
0.001245
0.001186
0.001210
0.001263
0.001176
0.001072
0.001042
0.001042
0.001008
0.000929
0.000929
0.000944
0.000959
0.000922
0.000967
0.001034
0.001119
0.001058
0.001011
0.000997
0.001085
0.001204
0.001314
0.001395
0.001384
0.001260
0.001155
0.001141
0.001190
0.001196
0.001246
0.001258
0.001321
0.001336
0.001307
0.001313
0.001330
0.001371
0.001356
0.001379
0.001410
0.001472
0.001481
0.001503
0.001485
0.001441
0.001328
0.001216
0.001177
0.001180
0.001201
0.001266
0.001321
0.001375
0.001314
0.001265
0.001252
0.001245
0.001159
0.001117
0.001113
0.001099
0.001063
0.001013
0.001030
0.001076
0.001110
0.001124
0.001163
0.001208
0.001243
0.001289
0.001327
0.001352
0.001347
0.001269
0.001149
0.001103
0.001074
0.001068
0.001061
0.001098
0.001155
0.001127
0.001100
0.001033
0.000966
0.000851
0.000831
0.000906
0.001011
0.001071
0.001070
0.001107
0.001116
0.001133
0.001164
0.001182
0.001208
0.001209
0.001242
0.001261
0.001269
0.001223
0.001138
0.001050
0.001048
0.001082
0.001129
0.001216
0.001338
0.001402
0.001361
0.001261
0.001176
0.001124
0.001085
0.001085
0.001146
0.001168
0.001178
0.001157
0.001165
0.001099
0.001037
0.001068
0.001123
0.001163
0.001193
0.001153
0.001050
0.001008
0.000973
0.000960
0.000858
0.000760
0.000577
0.000460
0.000348
0.000256
0.000182
0.000126
0.000086
0.000057
0.000038
0.000024
0.000016
0.000010
0.000006
0.000004
0.000002
0.000002
0.000001
0.000001
0.000000
0.000000
0.000000
0.000000
0.000000
0.000000
0.000000
0.000000
0.000000
0.000000
0.000000
0.000000
0.000000
0.000000
0.000000
0.000000
0.000000
0.000000
0.000000
0.000000
0.000000
0.000000
0.000000
0.000000
0.000000
0.000000
0.000000
0.000000
0.000000
0.000000
0.000000
0.000000
0.000000
0.000000
0.000000
0.000000
0.000000
0.000000
0.000000
0.000000
0.000000
0.000000
0.000000
0.000000
0.000000
0.000000
0.000000
0.000000
0.000000
0.000000
0.000000
0.000000
0.000000
0.000000
0.000000
0.000000
0.000000
0.000000
0.000000
0.000000
0.000000
0.000000
0.000000
0.000000
0.000000
0.000000
0.000000
0.000000
0.000000
0.000000
0.000000
0.000000
0.000000
0.000000
0.000000
0.000000
0.000000
0.000000
0.000000
0.000000
0.000000
0.000000
0.000000
0.000000
0.000000
0.000000
0.000000
0.000000
0.000000
0.000000
0.000000
0.000000
0.000000
0.000000
0.000000
0.000000
0.000000
0.000000
0.000000
0.000000
0.000000
0.000000
0.000000
0.000000
0.000000
0.000000
0.000000
0.000000
0.000000
0.000000
0.000000
0.000000
0.000000
0.000000
0.000000
0.000000
0.000000
0.000000
0.000000
0.000000
0.000000
0.000000
0.000000
0.000000
0.000000
0.000000
0.000000
