-104.550497
1.064892
1.067778
1.066164
1.066629
1.066734
1.067310
1.068136
1.069121
1.070133
1.071083
1.072151
1.073111
1.073867
1.074519
1.075110
1.075761
1.076320
1.076845
1.077373
1.077767
1.078097
1.078307
1.078533
1.078785
1.079012
1.079332
1.079593
1.079781
1.079847
1.079941
1.079994
1.079985
1.079876
1.079720
1.079588
1.079368
1.079208
1.078993
-51.857837
-57.950428
-62.087568
-62.000098
-60.149591
-56.618840
-51.371521
-43.812639
-37.322655
-32.157505
-28.168800
-23.205605
-18.968063
-16.209708
-13.211109
-9.404936
-6.270658
-4.782546
-4.414566
-3.144040
-1.159060
0.269043
1.698259
2.880330
4.862289
5.740131
6.366770
6.747363
7.762601
8.611508
9.054336
9.474681
9.994288
10.561007
11.094775
11.454488
11.882455
11.850156
11.613603
11.284244
11.150961
10.821822
10.354060
9.744507
9.366630
9.212679
9.117729
9.178228
8.895642
8.433568
8.015655
7.591425
7.363252
6.993641
6.562267
6.151357
5.682567
5.483378
5.329123
5.312601
5.255059
5.088393
4.736648
4.417579
4.285601
4.438264
4.625457
4.725693
4.811162
5.050182
5.196426
5.143175
5.080941
5.241364
5.599028
6.128673
6.467850
6.733780
6.677061
6.808284
7.088368
7.517273
7.943737
8.035283
8.238507
8.446566
8.976101
9.096191
8.891549
8.565871
8.512003
8.772662
8.918363
8.976444
8.884053
9.038765
9.359501
9.626259
9.580700
9.548128
9.602686
9.720639
9.523886
9.469394
9.591063
9.873755
10.076294
10.249872
10.473203
10.853718
11.169077
11.396096
11.110441
11.155574
11.127518
11.335254
11.454883
11.653220
11.849228
11.682554
11.656227
11.715253
11.783783
11.549062
11.466773
11.526951
11.868800
12.125499
12.469535
12.515161
12.507386
12.465196
12.742493
12.930568
12.832894
12.554678
12.275085
12.221119
11.952598
11.775502
11.638133
11.850922
12.269501
12.679491
13.040016
13.298036
13.388111
13.590020
13.781745
14.053358
14.270014
14.342144
14.450630
14.427774
14.617222
14.919735
15.384985
15.645136
15.856433
15.851543
15.710742
15.394672
15.437676
15.559637
15.753693
15.568733
15.654275
15.778201
16.088174
16.217381
16.385271
16.669769
16.894113
17.057400
16.944171
17.078107
17.362815
17.902180
18.009818
18.117745
18.080344
18.337640
18.609055
18.687429
18.674975
18.546830
18.629021
18.983545
19.262206
19.562367
19.415026
19.641183
19.706342
19.934780
19.797120
19.881690
20.225915
20.702057
21.085543
21.264480
21.459726
21.542090
21.443808
21.053423
20.791298
20.375472
19.895514
19.460033
19.498170
19.768526
19.910661
19.755274
19.536686
19.119822
18.272030
17.591388
17.167130
17.340755
17.567744
17.312078
17.389601
16.815792
16.673527
15.971876
15.480956
14.834944
14.278817
14.058635
14.155459
14.303662
14.333780
14.102164
13.423112
13.139825
12.658413
12.297883
11.572343
10.887674
10.515158
10.203196
10.232838
10.559200
10.650819
10.630446
10.303507
10.070011
10.383290
10.560538
10.746463
10.214087
9.648798
9.094180
8.705634
8.990992
9.285928
9.823843
9.962238
9.911435
10.017330
9.973846
10.266110
10.110262
10.189802
10.123824
10.075717
10.024954
10.282930
10.565822
10.459880
10.156304
9.511611
9.537775
10.195454
10.838931
11.477530
10.795828
10.747277
10.261784
10.187561
10.500722
10.768629
11.446387
11.810188
12.269770
12.491932
12.227494
12.077029
11.803131
11.715330
11.306236
10.979919
11.083208
11.428270
12.142552
12.032935
12.421360
12.465075
12.839287
12.617691
12.713402
12.977577
13.095202
13.268890
14.414781
14.623045
14.775230
13.847490
14.060683
13.875237
14.000737
14.305399
14.489001
14.628067
14.622357
15.316279
15.656335
16.075875
16.104392
16.215577
16.507782
16.901131
16.911292
15.883185
14.907186
14.184655
14.035329
13.754196
13.669595
13.587957
13.528035
13.256412
13.322603
13.446010
13.766180
13.612195
13.308232
13.441359
13.734185
14.559025
15.306299
15.512029
15.272764
14.548548
14.268847
14.002655
13.538661
13.477038
13.832127
14.322001
14.509875
14.472690
14.906778
14.756482
15.324440
15.609077
16.562858
16.681238
16.935594
17.202447
17.015365
17.206968
16.601970
16.492916
16.415465
16.503872
16.450948
16.968273
17.465699
17.393586
16.850589
16.092109
15.744663
15.596094
15.646826
16.025481
16.104735
16.224620
16.351402
17.047681
17.555672
17.096385
16.210876
16.251830
16.539864
16.551718
16.979167
17.668263
18.819544
18.755867
18.589515
17.564552
17.041443
16.383934
16.291218
16.268264
16.710183
17.257456
17.348950
17.388628
17.621782
17.745308
17.426471
17.380842
16.479382
15.986194
15.228253
15.483098
16.416354
17.054052
17.470541
17.382785
17.201565
17.359902
17.270942
17.780088
17.695206
17.627195
17.423361
17.676230
18.629117
19.149954
19.791790
19.482528
19.065458
18.378144
18.175839
18.758634
18.822671
18.928072
17.980218
17.264354
16.229615
16.383351
17.128795
17.893997
18.096529
18.695479
19.026970
19.138533
18.397595
18.305969
18.920433
20.333650
21.300928
22.444063
23.114622
22.988357
22.642973
21.511587
21.771352
21.355190
21.788475
22.292606
21.737415
21.637185
21.027633
22.112126
22.289762
22.137335
21.576732
22.331929
23.209463
23.384788
21.912644
22.481639
23.819403
26.434196
26.497968
27.202750
26.901651
28.548458
29.290554
30.739438
31.164503
31.821359
31.277622
30.172811
29.673874
29.329248
29.307162
27.301085
26.242430
25.825334
26.061806
25.093019
24.263843
23.323559
23.204742
23.169469
23.963204
25.289961
26.239562
26.489570
25.057199
23.465752
22.066796
21.641306
21.262962
21.894987
22.380406
23.473935
23.405011
24.474044
23.529686
22.996229
21.275282
22.149750
23.208747
23.571715
21.859902
21.472154
22.922997
25.376433
25.561442
25.042445
25.195405
25.664905
25.170974
25.135817
25.883931
27.273884
27.320896
27.707047
27.824578
27.549991
25.566496
24.202439
21.999526
20.639618
19.080146
19.973262
20.674360
21.707314
21.659051
21.452175
21.448544
23.302135
25.616615
28.112259
27.826773
27.382017
27.268576
28.930767
30.737939
30.862444
29.822374
28.302022
28.761453
28.355788
28.358880
27.686697
28.503065
27.967694
27.324095
26.181343
25.493738
25.380558
24.788929
24.534173
23.022983
23.939397
23.417128
22.753984
21.510230
22.790543
23.660275
24.663119
23.821193
23.241192
22.746800
23.506374
25.398798
27.451992
29.052292
29.613551
29.882738
27.655969
27.985830
28.441757
31.336862
29.613698
27.620451
24.710754
23.472872
22.209709
21.183022
20.208689
19.672979
19.975548
20.138440
20.489684
20.555301
21.287601
21.497550
21.174414
20.551637
20.615632
19.903414
20.109361
20.289351
21.934502
22.144712
22.026470
21.619034
22.011000
22.172010
22.246078
22.712948
24.623269
25.716233
25.079537
24.709211
26.264689
27.797794
26.680331
25.258538
24.899715
24.733649
23.150357
20.754409
19.163784
18.118029
17.602533
17.556175
18.014516
18.280328
18.317132
19.808762
21.526266
22.990458
24.088533
27.283029
32.295196
35.967340
39.152114
44.204715
50.951893
56.540333
61.303278
65.902144
69.759491
74.931999
83.878246
1.080464
1.077267
1.074994
1.073203
1.071921
1.071052
1.070414
1.069887
1.069306
1.068951
1.068730
1.068772
1.068827
1.068924
1.069027
1.069202
1.069312
1.069339
1.069211
1.069110
1.069031
1.069075
1.069109
1.069126
1.068971
1.068855
1.068678
1.068549
1.068471
1.068456
1.068523
1.068547
1.068575
1.068529
1.068381
1.068226
1.068148
1.068173
1.068249
1.068257
1.068224
1.068188
1.068204
1.068237
1.068262
1.068251
1.068310
1.068302
1.068269
1.068182
1.068061
1.067979
1.067889
1.067912
1.067895
1.067902
1.067872
1.067813
1.067721
1.067659
1.067697
1.067905
1.068148
1.068353
1.068360
1.068297
1.068226
1.068154
1.068041
1.067915
1.067841
1.067770
1.067728
1.067674
1.067685
1.067696
1.067689
1.067673
1.067666
1.067691
1.067730
1.067790
1.067847
1.067903
1.067915
1.067961
1.067978
1.068034
1.068001
1.068017
1.068061
1.068187
1.068286
1.068281
1.068186
1.068004
1.067792
1.067591
1.067460
1.067359
1.067316
1.067299
1.067409
1.067412
1.067445
1.067350
1.067347
1.067324
1.067393
1.067475
1.067574
1.067550
1.067577
1.067529
1.067548
1.067445
1.067308
1.067201
1.067057
1.066931
1.066826
1.066863
1.066974
1.067096
1.067154
1.067161
1.067087
1.067022
1.066954
1.066898
1.066793
1.066691
1.066644
1.066625
1.066612
1.066568
1.066570
1.066614
1.066632
1.066642
1.066650
1.066679
1.066706
1.066704
1.066704
1.066657
1.066581
1.066434
1.066289
1.066213
1.066211
1.066213
1.066183
1.066217
1.066273
1.066361
1.066441
1.066516
1.066579
1.066567
1.066570
1.066585
1.066672
1.066756
1.066828
1.066760
1.066740
1.066675
1.066674
1.066557
1.066400
1.066234
1.066108
1.066072
1.066020
1.066015
1.066004
1.066082
1.066193
1.066285
1.066344
1.066403
1.066472
1.066514
1.066477
1.066398
1.066329
1.066250
1.066187
1.066135
1.066102
1.066111
1.066068
1.066023
1.066010
1.066057
1.066120
1.066156
1.066203
1.066223
1.066242
1.066263
1.066416
1.066507
1.066577
1.066509
1.066456
1.066384
1.066368
1.066318
1.066277
1.066237
1.066242
1.066253
1.066265
1.066335
1.066438
1.066498
1.066472
1.066381
1.066291
1.066286
1.066423
1.066606
1.066743
1.066814
1.066911
1.066984
1.066986
1.066907
1.066856
1.066785
1.066690
1.066540
1.066396
1.066286
1.066209
1.066171
1.066127
1.066123
1.066049
1.066070
1.065976
1.065923
1.065758
1.065713
1.065676
1.065709
1.065708
1.065708
1.065680
1.065694
1.065753
1.065882
1.065989
1.066099
1.066099
1.066046
1.065981
1.065988
1.066123
1.066172
1.066219
1.066147
1.066182
1.066159
1.066156
1.066128
1.066174
1.066240
1.066346
1.066406
1.066480
1.066504
1.066514
1.066488
1.066486
1.066488
1.066522
1.066540
1.066609
1.066669
1.066796
1.066852
1.066900
1.066878
1.066871
1.066836
1.066781
1.066768
1.066750
1.066738
1.066671
1.066636
1.066592
1.066589
1.066551
1.066500
1.066446
1.066419
1.066458
1.066547
1.066678
1.066776
1.066820
1.066863
1.066852
1.066854
1.066782
1.066749
1.066732
1.066689
1.066631
1.066520
1.066450
1.066365
1.066254
1.066150
1.066110
1.066094
1.066115
1.066132
1.066217
1.066327
1.066461
1.066533
1.066524
1.066403
1.066235
1.066053
1.065955
1.065908
1.065981
1.066006
1.066016
1.065942
1.065982
1.065988
1.066003
1.065951
1.065983
1.065992
1.066015
1.066082
1.066142
1.066202
1.066161
1.066172
1.066193
1.066236
1.066240
1.066193
1.066113
1.066070
1.066046
1.066096
1.066168
1.066236
1.066262
1.066260
1.066267
1.066263
1.066200
1.066108
1.066059
1.066061
1.066090
1.066103
1.066119
1.066042
1.065963
1.065907
1.065910
1.065893
1.065839
1.065784
1.065742
1.065737
1.065852
1.065958
1.066037
1.065938
1.065868
1.065756
1.065721
1.065658
1.065658
1.065681
1.065751
1.065823
1.065911
1.065949
1.065981
1.066026
1.066081
1.066134
1.066183
1.066185
1.066163
1.066063
1.065995
1.065895
1.065780
1.065645
1.065517
1.065435
1.065379
1.065361
1.065338
1.065325
1.065323
1.065344
1.065382
1.065438
1.065487
1.065470
1.065354
1.065178
1.064983
1.064846
1.064701
1.064599
1.064534
1.064497
1.064438
1.064332
1.064230
1.064169
1.064141
1.064203
1.064372
1.064550
1.064746
1.064887
1.065062
1.065221
1.065373
1.065509
1.065643
1.065770
1.065914
1.066039
1.066169
1.066276
1.066335
1.066344
1.066317
1.066298
1.066304
1.066256
1.066182
1.066172
1.066134
1.066108
1.065988
1.065962
1.065956
1.065928
1.065870
1.065805
1.065765
1.065770
1.065768
1.065807
1.065902
1.066012
1.066123
1.066153
1.066184
1.066161
1.066141
1.066140
1.066159
1.066147
1.066081
1.066003
1.065937
1.065857
1.065774
1.065707
1.065662
1.065681
1.065673
1.065703
1.065725
1.065782
1.065828
1.065834
1.065811
1.065783
1.065722
1.065664
1.065625
1.065585
1.065601
1.065589
1.065642
1.065640
1.065650
1.065642
1.065669
1.065731
1.065784
1.065815
1.065814
1.065805
1.065811
1.065799
1.065820
1.065792
1.065819
1.065791
1.065785
1.065677
1.065588
1.065476
1.065427
1.065350
1.065346
1.065282
1.065250
1.065176
1.065107
1.065007
1.064860
1.064748
1.064666
1.064620
1.064580
1.064541
1.064548
1.064529
1.064556
1.064620
1.064750
1.064835
1.064873
1.064934
1.065049
1.065160
1.065243
1.065296
1.065346
1.065360
1.065338
1.065298
1.065312
1.065362
1.065407
1.065409
1.065412
1.065411
1.065423
1.065406
1.065388
1.065376
1.065369
1.065332
1.065266
1.065186
1.065173
1.065158
1.065166
1.065133
1.065118
1.065094
1.065111
1.065127
1.065120
1.065063
1.064973
1.064886
1.064809
1.064715
1.064611
1.064488
1.064388
1.064337
1.064315
1.064342
1.064372
1.064412
1.064434
1.064461
1.064452
1.064421
1.064358
1.064345
1.064335
1.064302
1.064232
1.064156
1.064117
1.064074
1.064029
1.063978
1.063928
1.063946
1.063955
1.064015
1.064075
1.064135
1.064188
1.064166
1.064157
1.064113
1.064099
1.064082
1.064075
1.064088
1.064086
1.064076
1.064013
1.063966
1.063916
1.063890
1.063867
1.063917
1.063904
1.063884
1.063818
1.063841
1.063937
1.063989
1.063994
1.063931
1.063901
1.063868
1.063847
1.063847
1.063905
1.063973
1.064021
1.064027
1.064036
1.063984
1.063926
1.063840
1.063820
1.063826
1.063826
1.063829
1.063830
1.063862
1.063892
1.063912
1.063924
1.063899
1.063865
1.063831
1.063820
1.063807
1.063794
1.063808
1.063888
1.063925
1.063935
1.063888
1.063870
1.063862
1.063870
1.063869
1.063869
1.063868
1.063868
1.063851
1.063821
1.063798
1.063805
1.063804
1.063838
1.063834
1.063866
1.063850
1.063838
1.063789
1.063744
1.063721
1.063734
1.063771
1.063786
1.063782
1.063792
1.063814
1.063834
1.063847
1.063866
1.063895
1.063928
1.063930
1.063912
1.063880
1.063861
1.063799
1.063733
1.063714
1.063737
1.063793
1.063821
1.063872
1.063920
1.063924
1.063902
1.063866
1.063877
1.063912
1.063940
1.063983
1.063982
1.063953
1.063887
1.063858
1.063855
1.063842
1.063830
1.063819
1.063832
1.063828
1.063803
1.063762
1.063742
1.063719
1.063784
1.063829
1.063905
1.063906
1.063918
1.063898
1.063870
1.063816
1.063789
1.063753
1.063739
1.063700
1.063708
1.063709
1.063723
1.063724
1.063741
1.063757
1.063764
1.063760
1.063786
1.063765
1.063753
1.063760
1.063825
1.063925
1.064002
1.064078
1.064116
1.064139
1.064132
1.064106
1.064060
1.064019
1.063969
1.063936
1.063936
1.063978
1.064030
1.064092
1.064161
1.064237
1.064299
1.064379
1.064504
1.064687
1.064860
1.065047
1.065245
1.065451
1.065649
1.065832
1.066033
1.066253
1.066390
1.066495
1.066514
1.066502
1.066409
1.066265
1.066133
1.066010
1.065914
1.065763
1.065593
1.065371
1.065169
1.064942
1.064700
1.064429
1.064165
1.063926
1.063781
1.063682
1.063628
1.063561
1.063524
1.063469
1.063426
1.063384
1.063398
1.063390
1.063395
1.063361
1.063334
1.063302
1.063274
1.063280
1.063287
1.063305
1.063326
1.063360
1.063367
1.063343
1.063296
1.063273
1.063267
1.063291
1.063308
1.063318
1.063296
1.063294
1.063322
1.063375
1.063420
1.063438
1.063429
1.063419
1.063410
1.063417
1.063437
1.063411
1.063381
1.063313
1.063276
1.063232
1.063243
1.063251
1.063254
1.063230
1.063231
1.063227
1.063222
1.063185
1.063166
1.063130
1.063109
1.063066
1.063059
1.063054
1.063079
1.063092
1.063156
1.063205
1.063251
1.063254
1.063246
1.063222
1.063190
1.063169
1.063143
1.063130
1.063096
1.063073
1.063053
1.063090
1.063120
1.063139
1.063110
1.063092
1.063089
1.063139
1.063177
1.063236
1.063246
1.063278
1.063248
1.063233
1.063194
1.063193
1.063177
1.063175
1.063149
1.063121
1.063079
1.063078
1.063084
1.063110
1.063115
1.063127
1.063141
1.063148
1.063166
1.063204
1.063247
1.063279
1.063306
1.063352
1.063467
1.063574
1.063674
1.063704
1.063737
1.063759
1.063804
1.063884
1.063957
1.064044
1.064123
1.064239
1.064351
1.064423
1.064439
1.064380
1.064304
1.064249
1.064212
1.064185
1.064093
1.064036
1.063938
1.063871
1.063754
1.063627
1.063508
1.063419
1.063336
1.063274
1.063197
1.063171
1.063133
1.063123
1.063106
1.063121
1.063100
1.063089
1.063047
1.063030
1.062992
1.062975
1.062957
1.062964
1.062972
1.062970
1.062951
1.062912
1.062886
1.062869
1.062885
1.062890
1.062884
1.062872
1.062889
1.062912
1.062943
1.062966
1.062997
1.063002
1.062994
1.062963
1.062948
1.062922
1.062902
1.062854
1.062819
1.062778
1.062766
1.062762
1.062766
1.062767
1.062772
1.062821
1.062888
1.062949
1.062974
1.062978
1.062979
1.062972
1.062947
1.062912
1.062877
1.062849
1.062822
1.062801
1.062790
1.062787
1.062774
1.062757
1.062755
1.062758
1.062767
1.062786
1.062802
1.062816
1.062815
1.062835
1.062871
1.062925
1.062931
1.062910
1.062867
1.062874
1.062899
1.062914
1.062913
1.062893
1.062884
1.062872
1.062865
1.062841
1.062841
1.062833
1.062835
1.062804
1.062792
1.062789
1.062829
1.062861
1.062891
1.062884
1.062880
1.062858
1.062849
1.062819
1.062794
1.062768
1.062755
1.062751
1.062764
1.062771
1.062800
1.062803
1.062819
1.062823
1.062823
1.062840
1.062848
1.062870
1.062880
1.062894
1.062897
1.062902
1.062932
1.062948
1.062952
1.062920
1.062909
1.062899
1.062896
1.062913
1.062941
1.062972
1.062970
1.062963
1.062931
1.062902
1.062851
1.062832
1.062794
1.062805
1.062832
1.062899
1.062957
1.062970
1.062997
1.062979
1.062963
1.062929
1.062895
1.062871
1.062833
1.062859
1.062883
1.062921
1.062950
1.062987
1.063029
1.063052
1.063096
1.063104
1.063103
1.063063
1.063037
1.062977
1.062951
1.062913
1.062926
1.062948
1.062977
1.062984
1.062956
1.062944
1.062917
1.062889
1.062853
1.062851
1.062867
1.062893
1.062924
1.062960
1.062960
1.062934
1.062872
1.062843
1.062836
1.062835
1.062839
1.062843
1.062868
1.062877
1.062882
1.062904
1.062962
1.063003
1.063019
1.062991
1.062963
1.062925
1.062892
1.062864
1.062857
1.062849
1.062827
1.062792
1.062774
1.062759
1.062753
1.062739
1.062737
1.062725
1.062742
1.062749
1.062763
1.062754
1.062784
1.062809
1.062843
1.062855
1.062873
1.062883
1.062891
1.062896
1.062906
1.062911
1.062913
1.062904
1.062910
1.062902
1.062883
1.062843
1.062798
1.062781
1.062752
1.062740
1.062726
1.062724
1.062720
1.062712
1.062706
1.062719
1.062725
1.062734
1.062763
1.062771
1.062773
1.062738
1.062730
1.062724
1.062731
1.062754
1.062775
1.062798
1.062804
1.062810
1.062807
1.062819
1.062819
1.062812
1.062781
1.062759
1.062758
1.062754
1.062751
1.062734
1.062728
1.062726
1.062737
1.062748
1.062766
1.062765
1.062757
1.062751
1.062768
1.062789
1.062805
1.062820
1.062824
1.062827
1.062820
1.062830
1.062811
1.062804
1.062763
1.062737
1.062707
1.062692
1.062694
1.062701
1.062715
1.062738
1.062736
1.062734
1.062719
1.062697
1.062675
1.062664
1.062678
1.062700
1.062718
1.062747
1.062782
1.062810
1.062821
1.062814
1.062788
1.062773
1.062738
1.062714
1.062692
1.062704
1.062751
1.062794
1.062845
1.062864
1.062890
1.062886
1.062878
1.062828
1.062808
1.062791
1.062801
1.062771
1.062752
1.062718
1.062718
1.062721
1.062742
1.062752
1.062774
1.062778
1.062782
1.062752
1.062735
1.062703
1.062694
1.062672
1.062666
1.062656
1.062655
1.062651
1.062652
1.062669
1.062701
1.062716
1.062711
1.062685
1.062670
1.062657
1.062644
1.062627
1.062618
1.062616
1.062613
1.062610
1.062601
1.062592
1.062573
1.062567
1.062558
1.062591
1.062638
1.062709
1.062748
1.062758
1.062741
1.062701
1.062661
1.062635
1.062630
1.062633
1.062635
1.062631
1.062635
1.062637
1.062650
1.062660
1.062679
1.062690
1.062704
1.062692
1.062674
1.062645
1.062638
1.062648
1.062671
1.062706
1.062751
1.062778
1.062781
1.062768
1.062782
1.062801
1.062824
1.062822
1.062825
1.062807
1.062803
1.062780
1.062764
1.062747
1.062739
1.062734
1.062717
1.062708
1.062685
1.062669
1.062654
1.062665
1.062673
1.062684
1.062672
1.062661
1.062639
1.062630
1.062634
1.062669
1.062710
1.062743
1.062754
1.062762
1.062748
1.062721
1.062698
1.062689
1.062696
1.062708
1.062729
1.062723
1.062693
1.062667
1.062654
1.062660
1.062677
1.062684
1.062684
1.062659
1.062654
1.062639
1.062632
1.062632
1.062663
1.062680
1.062703
1.062689
1.062686
1.062656
1.062642
1.062636
1.062653
1.062662
1.062665
1.062656
1.062659
1.062679
1.062672
1.062664
1.062631
1.062627
1.062616
1.062637
1.062647
1.062659
1.062636
1.062620
1.062594
1.062573
1.062546
1.062545
1.062552
1.062594
1.062603
1.062626
1.062623
1.062646
1.062649
1.062656
1.062650
1.062658
1.062645
1.062640
1.062641
1.062654
1.062668
1.062673
1.062697
1.062715
1.062740
1.062764
1.062799
1.062823
1.062839
1.062843
1.062851
1.062841
1.062831
1.062813
1.062794
1.062774
1.062758
1.062772
1.062773
1.062761
1.062724
1.062716
1.062697
1.062693
1.062696
1.062710
1.062730
1.062734
1.062743
1.062746
1.062740
1.062735
1.062726
1.062738
1.062754
1.062758
1.062735
1.062699
1.062663
1.062651
1.062640
1.062634
1.062626
1.062633
1.062646
1.062650
1.062632
1.062609
1.062576
1.062558
1.062552
1.062582
1.062607
1.062643
1.062641
1.062650
1.062642
1.062642
1.062638
1.062624
1.062616
1.062610
1.062624
1.062636
1.062677
1.062688
1.062697
1.062675
1.062665
1.062650
1.062619
1.062608
1.062581
1.062561
1.062533
1.062536
1.062543
1.062539
1.062534
1.062535
1.062541
1.062552
1.062571
1.062591
1.062611
1.062607
1.062602
1.062597
1.062600
1.062621
1.062644
1.062686
1.062713
1.062727
1.062716
1.062710
1.062692
1.062686
1.062671
1.062683
1.062697
1.062698
1.062690
1.062679
1.062693
1.062703
1.062703
1.062690
1.062694
1.062691
1.062675
1.062662
1.062662
1.062677
1.062683
1.062693
1.062713
1.062751
1.062778
1.062795
1.062796
1.062802
1.062797
1.062768
1.062729
1.062692
1.062670
1.062647
1.062628
1.062600
1.062597
1.062581
1.062577
1.062552
1.062554
1.062552
1.062567
1.062583
1.062618
1.062621
1.062602
1.062559
1.062544
1.062545
1.062551
1.062556
1.062574
1.062602
1.062631
1.062649
1.062649
1.062640
1.062618
1.062616
1.062624
1.062642
1.062651
1.062657
1.062650
1.062660
1.062652
1.062649
1.062632
1.062624
1.062625
1.062637
1.062651
1.062658
1.062641
1.062618
1.062598
1.062601
1.062619
1.062636
1.062652
1.062649
1.062650
1.062641
1.062660
1.062673
1.062679
1.062650
1.062621
1.062593
1.062590
1.062588
1.062594
1.062591
1.062588
1.062573
1.062564
1.062561
1.062563
1.062557
1.062540
1.062538
1.062534
1.062543
1.062541
1.062546
1.062555
1.062586
1.062624
1.062667
1.062682
1.062704
1.062695
1.062688
1.062654
1.062633
1.062617
1.062618
1.062628
1.062628
1.062619
1.062599
1.062582
1.062566
1.062557
1.062572
1.062574
1.062580
1.062558
1.062546
1.062549
1.062557
1.062559
1.062540
1.062550
1.062559
1.062577
1.062577
1.062597
1.062600
1.062610
1.062617
1.062643
1.062643
1.062654
1.062633
1.062630
1.062612
1.062609
1.062601
1.062596
1.062595
1.062607
1.062608
1.062613
1.062609
1.062608
1.062590
1.062574
1.062571
1.062580
1.062600
1.062603
1.062598
1.062579
1.062568
1.062570
1.062583
1.062580
1.062570
1.062545
1.062541
1.062549
1.062573
1.062593
1.062601
1.062605
1.062612
1.062615
1.062618
1.062630
1.062634
1.062626
1.062599
1.062596
1.062574
1.062559
1.062538
1.062537
1.062553
1.062551
1.062555
1.062558
1.062596
1.062607
1.062598
1.062561
1.062541
1.062520
1.062504
1.062502
1.062493
1.062487
1.062473
1.062475
1.062496
1.062511
1.062524
1.062515
1.062500
1.062491
1.062471
1.062472
1.062471
1.062478
1.062483
1.062496
1.062513
1.062538
1.062537
1.062529
1.062500
1.062488
1.062482
1.062475
1.062458
1.062451
1.062457
1.062466
1.062474
1.062477
1.062481
1.062472
1.062460
1.062451
1.062459
1.062464
1.062476
1.062483
1.062482
1.062467
1.062438
1.062433
1.062432
1.062446
1.062466
1.062509
1.062535
1.062556
1.062552
1.062548
1.062543
1.062542
1.062537
1.062518
1.062521
1.062527
1.062547
1.062559
1.062566
1.062590
1.062587
1.062583
1.062540
1.062501
1.062463
1.062438
1.062433
1.062436
1.062441
1.062446
1.062446
1.062453
1.062451
1.062457
1.062459
1.062455
1.062455
1.062455
1.062471
1.062510
1.062529
1.062540
1.062519
1.062522
1.062510
1.062506
1.062511
1.062530
1.062546
1.062548
1.062555
1.062539
1.062530
1.062500
1.062487
1.062458
1.062443
1.062432
1.062432
1.062428
1.062430
1.062422
1.062425
1.062433
1.062448
1.062459
1.062457
1.062464
1.062466
1.062479
1.062487
1.062506
1.062520
1.062515
1.062487
1.062449
1.062420
1.062414
1.062420
1.062443
1.062453
1.062464
1.062460
1.062464
1.062459
1.062459
1.062461
1.062469
1.062483
1.062478
1.062471
1.062453
1.062459
1.062480
1.062510
1.062528
1.062526
1.062503
1.062477
1.062448
1.062437
1.062440
1.062461
1.062484
1.062510
1.062497
1.062486
1.062451
1.062439
1.062414
1.062414
1.062418
1.062428
1.062443
1.062458
1.062475
1.062478
1.062489
1.062490
1.062493
1.062484
1.062485
1.062487
1.062492
1.062477
1.062457
1.062444
1.062449
1.062458
1.062472
1.062490
1.062493
1.062481
1.062462
1.062452
1.062447
1.062438
1.062435
1.062438
1.062441
1.062442
1.062441
1.062459
1.062469
1.062474
1.062458
1.062474
1.062471
1.062466
1.062441
1.062453
1.062488
1.062526
1.062548
1.062554
1.062549
1.062542
1.062535
1.062542
1.062545
1.062566
1.062575
1.062599
1.062599
1.062610
1.062602
1.062590
1.062553
1.062532
1.062517
1.062534
1.062549
1.062582
1.062600
1.062613
1.062613
1.062613
1.062620
1.062621
1.062622
1.062602
1.062598
1.062580
1.062582
1.062571
1.062574
1.062583
1.062601
1.062611
1.062629
1.062622
1.062611
1.062592
1.062575
1.062573
1.062575
1.062588
1.062588
1.062577
1.062570
1.062554
1.062553
1.062544
1.062542
1.062522
1.062501
1.062488
1.062482
1.062497
1.062488
1.062477
1.062451
1.062460
1.062463
1.062479
1.062469
1.062463
1.062459
1.062469
1.062477
1.062477
1.062491
1.062487
1.062476
1.062450
1.062451
1.062449
1.062446
1.062441
1.062446
1.062464
1.062471
1.062469
1.062451
1.062438
1.062433
1.062428
1.062426
1.062424
1.062419
1.062416
1.062420
1.062438
1.062470
1.062501
1.062532
1.062548
1.062550
1.062538
1.062521
1.062516
1.062506
1.062498
1.062483
1.062488
1.062486
1.062483
1.062474
1.062493
1.062503
1.062513
1.062503
1.062495
1.062479
1.062463
1.062450
1.062440
1.062448
1.062448
1.062457
1.062455
1.062458
1.062468
1.062464
1.062470
1.062476
1.062494
1.062510
1.062515
1.062522
1.062537
1.062545
1.062549
1.062546
1.062541
1.062537
1.062539
1.062539
1.062545
1.062543
1.062555
1.062541
1.062523
1.062521
1.062523
1.062520
1.062497
1.062506
1.062518
1.062532
1.062527
1.062531
1.062530
1.062540
1.062533
1.062534
1.062513
1.062501
1.062489
1.062503
1.062517
1.062522
1.062516
1.062523
1.062520
1.062517
1.062514
1.062553
1.062584
1.062623
1.062624
1.062619
1.062614
1.062611
1.062614
1.062601
1.062590
1.062577
1.062558
1.062531
1.062514
1.062497
1.062504
1.062508
1.062522
1.062533
1.062553
1.062540
1.062526
1.062489
1.062481
1.062461
1.062458
1.062456
1.062460
1.062454
1.062480
1.062491
1.062508
1.062494
1.062500
1.062496
1.062491
1.062480
1.062510
1.062527
1.062542
1.062523
1.062521
1.062532
1.062534
1.062521
1.062504
1.062490
1.062477
1.062453
1.062442
1.062437
1.062442
1.062461
1.062477
1.062484
1.062466
1.062455
1.062455
1.062462
1.062484
1.062495
1.062519
1.062512
1.062497
1.062471
1.062466
1.062465
1.062479
1.062479
1.062478
1.062467
1.062459
1.062456
1.062463
1.062474
1.062520
1.062544
1.062569
1.062557
1.062557
1.062554
1.062554
1.062542
1.062524
1.062498
1.062478
1.062470
1.062469
1.062489
1.062499
1.062503
1.062511
1.062499
1.062489
1.062460
1.062461
1.062464
1.062469
1.062482
1.062497
1.062503
1.062496
1.062490
1.062469
1.062444
1.062420
1.062423
1.062424
1.062452
1.062465
1.062483
1.062467
1.062457
1.062460
1.062473
1.062498
1.062538
1.062545
1.062537
1.062502
1.062510
1.062526
1.062548
1.062564
1.062573
1.062592
1.062604
1.062630
1.062641
1.062648
1.062636
1.062624
1.062598
1.062587
1.062566
1.062550
1.062517
1.062504
1.062490
1.062486
1.062482
1.062486
1.062496
1.062510
1.062512
1.062519
1.062503
1.062493
1.062472
1.062476
1.062479
1.062489
1.062492
1.062513
1.062532
1.062540
1.062536
1.062525
1.062512
1.062491
1.062473
1.062462
1.062476
1.062489
1.062507
1.062525
1.062546
1.062569
1.062583
1.062569
1.062549
1.062516
1.062511
1.062488
1.062465
1.062437
1.062426
1.062430
1.062447
1.062470
1.062486
1.062491
1.062492
1.062489
1.062488
1.062492
1.062488
1.062494
1.062498
1.062532
1.062545
1.062580
1.062584
1.062595
1.062580
1.062556
1.062527
1.062490
1.062488
1.062469
1.062457
1.062432
1.062427
1.062420
1.062428
1.062448
1.062484
1.062509
1.062519
1.062513
1.062510
1.062513
1.062522
1.062524
1.062539
1.062545
1.062544
1.062525
1.062511
1.062492
1.062482
1.062473
1.062484
1.062507
1.062534
1.062538
1.062515
1.062496
1.062495
1.062512
1.062535
1.062539
1.062550
1.062542
1.062556
1.062573
1.062587
1.062569
1.062530
1.062504
1.062493
1.062483
1.062465
1.062456
1.062465
1.062483
1.062502
1.062510
1.062513
1.062516
1.062521
1.062535
1.062564
1.062592
1.062615
1.062624
1.062636
1.062632
1.062634
1.062635
1.062659
1.062683
1.062707
1.062730
1.062757
1.062798
1.062833
1.062846
1.062833
1.062833
1.062834
1.062838
1.062823
1.062809
1.062811
1.062806
1.062802
1.062792
1.062786
1.062783
1.062789
1.062797
1.062801
1.062800
1.062809
1.062832
1.062858
1.062874
1.062889
1.062915
1.062956
1.062973
1.062974
1.062974
1.062989
1.062988
1.062953
1.062908
1.062878
1.062851
1.062832
1.062816
1.062841
1.062859
1.062877
1.062876
1.062900
1.062928
1.062949
1.062959
1.062962
1.062974
1.062992
1.063025
1.063033
1.063010
1.062991
1.062971
1.062958
1.062915
1.062879
1.062859
1.062858
1.062866
1.062880
1.062880
1.062883
1.062882
1.062899
1.062906
1.062904
1.062880
1.062876
1.062882
1.062910
1.062924
1.062936
1.062937
1.062948
1.062966
1.062965
1.062965
1.062963
1.062977
1.062993
1.062995
1.062989
1.062963
1.062931
1.062916
1.062907
1.062912
1.062912
1.062907
1.062887
1.062855
1.062838
1.062818
1.062806
1.062791
1.062806
1.062826
1.062852
1.062882
1.062913
1.062928
1.062923
1.062914
1.062893
1.062887
1.062864
1.062866
1.062847
1.062838
1.062821
1.062800
1.062791
1.062785
1.062799
1.062807
1.062824
1.062830
1.062850
1.062864
1.062886
1.062892
1.062893
1.062881
1.062875
1.062883
1.062881
1.062883
1.062881
1.062888
1.062910
1.062912
1.062909
1.062886
1.062862
1.062846
1.062835
1.062827
1.062831
1.062854
1.062891
1.062929
1.062936
1.062959
1.062967
1.062985
1.062995
1.063011
1.063014
1.062999
1.062993
1.062982
1.062976
1.062956
1.062954
1.062949
1.062939
1.062917
1.062900
1.062884
1.062871
1.062875
1.062893
1.062913
1.062903
1.062885
1.062858
1.062867
1.062851
1.062852
1.062843
1.062844
1.062848
1.062839
1.062856
1.062863
1.062888
1.062902
1.062930
1.062943
1.062951
1.062939
1.062923
1.062911
1.062898
1.062884
1.062876
1.062872
1.062881
1.062879
1.062876
1.062864
1.062862
1.062855
1.062843
1.062840
1.062831
1.062840
1.062834
1.062851
1.062847
1.062857
1.062875
1.062925
1.062959
1.062966
1.062952
1.062957
1.062977
1.063010
1.063028
1.063047
1.063031
1.063025
1.063007
1.063008
1.062981
1.062966
1.062947
1.062947
1.062939
1.062927
1.062906
1.062892
1.062880
1.062866
1.062848
1.062833
1.062828
1.062834
1.062852
1.062862
1.062875
1.062882
1.062880
1.062867
1.062843
1.062813
1.062784
1.062750
1.062743
1.062750
1.062765
1.062787
1.062813
1.062841
1.062860
1.062862
1.062863
1.062854
1.062853
1.062836
1.062826
1.062819
1.062840
1.062871
1.062907
1.062942
1.062946
1.062948
1.062915
1.062896
1.062902
1.062905
1.062919
1.062906
1.062910
1.062926
1.062926
1.062934
1.062933
1.062943
1.062954
1.062960
1.062967
1.062970
1.062970
1.062969
1.062954
1.062955
1.062944
1.062953
1.062960
1.062973
1.062977
1.062961
1.062947
1.062935
1.062919
1.062900
1.062885
1.062900
1.062914
1.062919
1.062902
1.062882
1.062855
1.062835
1.062840
1.062844
1.062853
1.062858
1.062898
1.062929
1.062952
1.062955
1.062976
1.062991
1.063012
1.062991
1.062965
1.062923
1.062907
1.062896
1.062889
1.062884
1.062903
1.062935
1.062961
1.062960
1.062948
1.062937
1.062919
1.062906
1.062910
1.062945
1.062973
1.062979
1.062982
1.062993
1.063003
1.063007
1.063009
1.063019
1.063025
1.063043
1.063034
1.063023
1.062971
1.062939
1.062893
1.062892
1.062895
1.062918
1.062930
1.062962
1.062979
1.062989
1.062995
1.063000
1.063021
1.063017
1.063012
1.062992
1.062981
1.062980
1.062992
1.062981
1.062970
1.062938
1.062941
1.062947
1.062944
1.062921
1.062890
1.062862
1.062846
1.062853
1.062871
1.062898
1.062898
1.062908
1.062909
1.062922
1.062927
1.062927
1.062917
1.062904
1.062898
1.062896
1.062889
1.062886
1.062894
1.062909
1.062916
1.062914
1.062908
1.062913
1.062903
1.062898
1.062888
1.062894
1.062897
1.062903
1.062909
1.062908
1.062907
1.062895
1.062891
1.062881
1.062887
1.062888
1.062897
1.062925
1.062955
1.062981
1.062984
1.062987
1.062984
1.062981
1.062988
1.062995
1.062994
1.062993
1.063012
1.063019
1.063029
1.063022
1.063031
1.063036
1.063018
1.062991
1.062952
1.062930
1.062904
1.062889
1.062866
1.062850
1.062851
1.062857
1.062892
1.062939
1.062992
1.063028
1.063027
1.063033
1.063013
1.063002
1.062975
1.062959
1.062939
1.062932
1.062933
1.062939
1.062944
1.062941
1.062920
1.062892
1.062893
1.062910
1.062932
1.062934
1.062927
1.062945
1.062974
1.063013
1.063039
1.063028
1.063003
1.062958
1.062937
1.062923
1.062922
1.062932
1.062951
1.062961
1.062963
1.062946
1.062933
1.062923
1.062921
1.062929
1.062947
1.062979
1.063013
1.063029
1.063026
1.063018
1.063009
1.062989
1.062966
1.062932
1.062911
1.062881
1.062853
1.062828
1.062819
1.062838
1.062867
1.062905
1.062910
1.062909
1.062894
1.062902
1.062908
1.062917
1.062921
1.062935
1.062970
1.063031
1.063071
1.063072
1.063025
1.062973
1.062936
1.062924
1.062927
1.062937
1.062963
1.062985
1.063001
1.063012
1.063024
1.063025
1.063008
1.062982
1.062964
1.062934
1.062913
1.062896
1.062882
1.062873
1.062867
1.062857
1.062858
1.062845
1.062855
1.062855
1.062884
1.062910
1.062943
1.062953
1.062949
1.062940
1.062918
1.062907
1.062903
1.062925
1.062955
1.062993
1.063016
1.063032
1.063036
1.063047
1.063057
1.063066
1.063052
1.063035
1.063005
1.062992
1.062980
1.062981
1.062985
1.062999
1.063003
1.063000
1.062971
1.062937
1.062897
1.062881
1.062870
1.062874
1.062884
1.062918
1.062940
1.062949
1.062944
1.062931
1.062926
1.062928
1.062964
1.062993
1.063012
1.063008
1.063009
1.062999
1.062978
1.062939
1.062906
1.062888
1.062907
1.062946
1.062969
1.062978
1.062981
1.063001
1.062993
1.062971
1.062951
1.062948
1.062960
1.062970
1.063009
1.063034
1.063044
1.063026
1.063002
1.062984
1.062973
1.062968
1.062950
1.062924
1.062905
1.062889
1.062877
1.062867
1.062856
1.062867
1.062874
1.062891
1.062913
1.062907
1.062902
1.062876
1.062874
1.062857
1.062849
1.062874
1.062936
1.062989
1.063019
1.063025
1.063027
1.063000
1.062984
1.062963
1.062972
1.062953
1.062933
1.062901
1.062882
1.062877
1.062889
1.062899
1.062906
1.062908
1.062922
1.062928
1.062939
1.062953
1.062985
1.063004
1.063009
1.062989
1.062968
1.062946
1.062944
1.062953
1.062960
1.062947
1.062924
1.062912
1.062905
1.062917
1.062922
1.062936
1.062953
1.062960
1.062961
1.062942
1.062925
1.062912
1.062888
1.062869
1.062855
1.062853
1.062864
1.062884
1.062928
1.062968
1.062996
1.063023
1.063035
1.063035
1.063004
1.062981
1.062965
1.062961
1.062947
1.062934
1.062939
1.062961
1.062978
1.062979
1.062984
1.062979
1.062969
1.062948
1.062948
1.062960
1.062966
1.062951
1.062911
1.062878
1.062844
1.062829
1.062821
1.062831
1.062868
1.062893
1.062921
1.062930
1.062939
1.062939
1.062928
1.062917
1.062933
1.062949
1.062975
1.062967
1.062955
1.062943
1.062939
1.062933
1.062913
1.062897
1.062884
1.062883
1.062890
1.062910
1.062917
1.062916
1.062889
1.062859
1.062822
1.062801
1.062820
1.062839
1.062862
1.062860
1.062870
1.062882
1.062894
1.062915
1.062916
1.062928
1.062920
1.062928
1.062927
1.062934
1.062955
1.062953
1.062939
1.062894
1.062855
1.062821
1.062797
1.062813
1.062829
1.062852
1.062845
1.062857
1.062869
1.062891
1.062926
1.062952
1.062960
1.062946
1.062935
1.062928
1.062906
1.062876
1.062844
1.062830
1.062836
1.062856
1.062889
1.062933
1.062960
1.062974
1.062962
1.062952
1.062946
1.062931
1.062909
1.062878
1.062865
1.062851
1.062842
1.062837
1.062863
1.062874
1.062874
1.062848
1.062832
1.062856
1.062886
1.062919
1.062935
1.062939
1.062943
1.062924
1.062909
1.062892
1.062875
1.062856
1.062834
1.062818
1.062811
1.062815
1.062837
1.062880
1.062940
1.062988
1.063030
1.063032
1.063013
1.062976
1.062967
1.062960
1.062982
1.062988
1.062996
1.062965
1.062941
1.062914
1.062899
1.062887
1.062891
1.062900
1.062908
1.062908
1.062904
1.062886
1.062863
1.062843
1.062847
1.062847
1.062845
1.062838
1.062849
1.062865
1.062885
1.062900
1.062911
1.062921
1.062919
1.062923
1.062941
1.062964
1.062976
1.062963
1.062957
1.062945
1.062942
1.062934
1.062925
1.062915
1.062901
1.062903
1.062913
1.062946
1.062974
1.062984
1.062974
1.062973
1.062963
1.062943
1.062914
1.062914
1.062922
1.062934
1.062940
1.062959
1.062974
1.062992
1.063007
1.063026
1.063028
1.063016
1.063001
1.062986
1.062958
1.062928
1.062912
1.062923
1.062939
1.062940
1.062934
1.062923
1.062913
1.062901
1.062891
1.062892
1.062890
1.062889
1.062883
1.062882
1.062878
1.062874
1.062859
1.062851
1.062848
1.062854
1.062860
1.062870
1.062879
1.062883
1.062871
1.062867
1.062877
1.062893
1.062906
1.062910
1.062904
1.062903
1.062891
1.062882
1.062862
1.062847
1.062836
1.062829
1.062833
1.062836
1.062856
1.062861
1.062867
1.062848
1.062847
1.062856
1.062890
1.062904
1.062921
1.062920
1.062928
1.062924
1.062920
1.062906
1.062896
1.062900
1.062920
1.062939
1.062954
1.062944
1.062938
1.062916
1.062917
1.062916
1.062916
1.062914
1.062905
1.062907
1.062921
1.062950
1.062962
1.062941
1.062894
1.062823
1.062729
1.062618
1.062521
1.062448
1.062392
1.062352
1.062323
1.062303
1.062290
1.062281
1.062275
1.062271
1.062269
1.062267
1.062266
1.062266
1.062265
1.062265
1.062265
1.062265
1.062265
1.062265
1.062265
1.062265
1.062265
1.062265
1.062265
1.062265
1.062265
1.062265
1.062265
1.062265
1.062265
1.062265
1.062265
1.062265
1.062265
1.062265
1.062265
1.062265
1.062265
1.062265
1.062265
1.062265
1.062265
1.062265
1.062265
1.062265
1.062265
1.062265
1.062265
1.062265
1.062265
1.062265
1.062265
1.062265
1.062265
1.062265
1.062265
1.062265
1.062265
1.062265
1.062265
1.062265
1.062265
1.062265
1.062265
1.062265
1.062265
1.062265
1.062265
1.062265
1.062265
1.062265
1.062265
1.062265
1.062265
1.062265
1.062265
1.062265
1.062265
1.062265
1.062265
1.062265
1.062265
1.062265
1.062265
1.062265
1.062265
1.062265
1.062265
1.062265
1.062265
1.062265
1.062265
1.062265
1.062265
1.062265
1.062265
1.062265
1.062265
1.062265
1.062265
1.062265
1.062265
1.062265
1.062265
1.062265
1.062265
1.062265
1.062265
1.062265
1.062265
1.062265
1.062265
1.062265
1.062265
1.062265
1.062265
1.062265
1.062265
1.062265
1.062265
1.062265
1.062265
1.062265
1.062265
1.062265
1.062265
1.062265
1.062265
1.062265
1.062265
1.062265
1.062265
1.062265
1.062265
1.062265
1.062265
1.062265
1.062265
1.062265
1.062265
1.062265
1.062265
1.062265
