0.000049
0.002764
0.005830
0.004108
0.004599
0.004707
0.005316
0.006192
0.007238
0.008312
0.009319
0.010455
0.011478
0.012285
0.012980
0.013613
0.014313
0.014915
0.015480
0.016049
0.016475
0.016831
0.017057
0.017303
0.017578
0.017825
0.018175
0.018461
0.018667
0.018739
0.018844
0.018905
0.018901
0.018787
0.018622
0.018485
0.018252
0.018086
0.017861
0.001040
0.000767
0.000652
0.000722
0.000940
0.001411
0.002389
0.004604
0.008417
0.014351
0.022712
0.037164
0.057417
0.080830
0.113153
0.162804
0.223637
0.278728
0.324032
0.389110
0.479414
0.568544
0.669527
0.773819
0.926616
1.043310
1.153618
1.252076
1.394268
1.528113
1.626702
1.714501
1.800403
1.880799
1.949196
1.992792
2.039021
2.035716
2.012664
1.982663
1.975250
1.947979
1.906863
1.850377
1.814408
1.796165
1.780192
1.776431
1.740788
1.691492
1.648887
1.609639
1.590778
1.565139
1.538697
1.517276
1.493861
1.492835
1.496708
1.512294
1.526260
1.532756
1.525637
1.521294
1.530886
1.562356
1.597109
1.625581
1.653516
1.694559
1.727842
1.743676
1.758528
1.793631
1.847190
1.918060
1.971327
2.017087
2.029165
2.059459
2.105453
2.168226
2.232637
2.259682
2.298550
2.335893
2.409255
2.430878
2.410713
2.375073
2.371864
2.406059
2.426061
2.434696
2.424195
2.443959
2.484584
2.518261
2.510725
2.503288
2.505528
2.515317
2.484544
2.473152
2.482972
2.512606
2.531217
2.547731
2.572276
2.618196
2.655416
2.680066
2.632907
2.629326
2.614472
2.631063
2.635555
2.651587
2.668630
2.637768
2.627272
2.628268
2.629596
2.588218
2.565933
2.562223
2.595950
2.619033
2.654199
2.648057
2.634614
2.616143
2.642872
2.658130
2.636584
2.591219
2.548016
2.535434
2.496447
2.471212
2.452693
2.480389
2.536430
2.592980
2.643803
2.679650
2.690337
2.711934
2.727911
2.751835
2.766421
2.758556
2.753394
2.728544
2.732426
2.751075
2.790571
2.799910
2.801517
2.772196
2.723440
2.651340
2.629253
2.618126
2.616613
2.564141
2.547037
2.535323
2.547683
2.536694
2.530412
2.538664
2.538898
2.530011
2.486350
2.474625
2.482992
2.524812
2.512689
2.500339
2.469482
2.475555
2.483955
2.468439
2.441338
2.400556
2.386278
2.406766
2.419489
2.435303
2.394808
2.399504
2.383136
2.386757
2.345705
2.332392
2.350447
2.384493
2.406697
2.402900
2.399909
2.381943
2.340661
2.263710
2.202614
2.125876
2.046908
1.976285
1.957023
1.961996
1.955054
1.917206
1.872964
1.809674
1.709716
1.629427
1.574035
1.569978
1.571467
1.535777
1.525541
1.464494
1.435555
1.366684
1.315003
1.255824
1.205423
1.177487
1.169406
1.164755
1.153322
1.126842
1.075637
1.047760
1.010773
0.982322
0.937681
0.897317
0.872009
0.849308
0.840933
0.845321
0.839366
0.829086
0.806629
0.789495
0.795610
0.796764
0.798866
0.771785
0.744128
0.717351
0.697337
0.701130
0.705073
0.717297
0.715073
0.706067
0.703736
0.696552
0.701668
0.690558
0.687341
0.679267
0.672275
0.666203
0.671179
0.677170
0.669548
0.654758
0.628569
0.624090
0.639715
0.655624
0.672430
0.645122
0.639687
0.620305
0.614128
0.619903
0.624424
0.643028
0.651942
0.664664
0.668902
0.656233
0.646419
0.632736
0.625453
0.608792
0.595072
0.595055
0.602539
0.622139
0.615259
0.624632
0.623375
0.633308
0.623378
0.623062
0.627834
0.628080
0.630493
0.665779
0.670621
0.673428
0.639083
0.642364
0.632159
0.632292
0.638172
0.640221
0.641095
0.637517
0.657887
0.666802
0.679141
0.677578
0.678395
0.684334
0.693569
0.689148
0.649524
0.614031
0.588146
0.580475
0.569278
0.564471
0.560070
0.556042
0.545686
0.544288
0.544364
0.550028
0.542574
0.531536
0.532620
0.538804
0.560348
0.580594
0.584406
0.574431
0.550568
0.539921
0.530540
0.516512
0.513654
0.521590
0.533229
0.536581
0.534064
0.544952
0.539733
0.555043
0.562265
0.589879
0.592834
0.600131
0.607946
0.600989
0.606474
0.586935
0.581851
0.577448
0.577749
0.574484
0.588453
0.601768
0.597081
0.577699
0.553244
0.541560
0.535808
0.535510
0.544432
0.545349
0.547699
0.550731
0.570318
0.584813
0.570120
0.543730
0.543356
0.549852
0.548416
0.559008
0.577801
0.612080
0.609870
0.604108
0.572306
0.554614
0.533525
0.527833
0.524820
0.534627
0.547871
0.548999
0.548846
0.554114
0.556060
0.545289
0.542081
0.516259
0.502138
0.482189
0.487185
0.509388
0.524575
0.534265
0.529908
0.522249
0.523210
0.517869
0.528596
0.523605
0.518988
0.511040
0.515012
0.537736
0.548917
0.563100
0.549570
0.533028
0.509720
0.499822
0.509782
0.505619
0.501177
0.469505
0.444361
0.413555
0.409155
0.417063
0.425430
0.421182
0.424854
0.421654
0.412734
0.385935
0.372665
0.373563
0.391057
0.400425
0.413365
0.416181
0.402927
0.386240
0.356221
0.353060
0.338784
0.340114
0.343452
0.328356
0.321359
0.306415
0.319195
0.318061
0.312492
0.301601
0.312123
0.324993
0.326658
0.302043
0.310721
0.332850
0.380932
0.382647
0.397061
0.390765
0.424841
0.439263
0.468623
0.473759
0.484875
0.467192
0.437108
0.420979
0.408787
0.403841
0.361311
0.339378
0.329578
0.330778
0.312279
0.297579
0.282229
0.279573
0.277674
0.287795
0.306151
0.319183
0.320518
0.295192
0.269491
0.248995
0.242449
0.237480
0.245479
0.251658
0.265752
0.263495
0.276643
0.261328
0.252362
0.229442
0.238924
0.251244
0.254823
0.232192
0.226583
0.243127
0.275075
0.276983
0.269066
0.270670
0.277152
0.270205
0.269243
0.279055
0.299026
0.299353
0.304585
0.305157
0.299247
0.268875
0.249358
0.221615
0.205771
0.189456
0.198242
0.205707
0.217449
0.217280
0.214877
0.214794
0.235512
0.264779
0.300078
0.294957
0.287031
0.283731
0.307623
0.336514
0.337534
0.318586
0.292823
0.297986
0.290318
0.289202
0.278722
0.289561
0.280713
0.270256
0.253895
0.243799
0.240899
0.232194
0.228034
0.209895
0.219958
0.213762
0.207187
0.195372
0.210867
0.222691
0.236384
0.227324
0.221053
0.216000
0.225469
0.250005
0.279186
0.304381
0.314350
0.320115
0.287192
0.294417
0.304829
0.358721
0.333966
0.306910
0.269202
0.257340
0.246256
0.238777
0.232502
0.231474
0.240356
0.247018
0.255411
0.259486
0.272143
0.277147
0.274454
0.267579
0.270784
0.264163
0.271255
0.279098
0.310100
0.321136
0.328621
0.333771
0.356024
0.378913
0.406076
0.449203
0.541065
0.631009
0.678941
0.746247
0.910769
1.115310
1.193550
1.255151
1.386966
1.536786
1.565789
1.507083
1.483816
1.472914
1.472742
1.477849
1.490318
1.455969
1.374763
1.368300
1.348594
1.285723
1.179042
1.181630
1.278491
1.273107
1.220202
1.271446
1.431024
1.505559
1.514296
1.509210
1.453708
1.509070
1.917838
0.019352
0.015902
0.013465
0.011549
0.010184
0.009260
0.008583
0.008025
0.007408
0.007033
0.006799
0.006845
0.006902
0.007003
0.007110
0.007295
0.007413
0.007442
0.007305
0.007199
0.007114
0.007162
0.007200
0.007219
0.007054
0.006931
0.006742
0.006605
0.006523
0.006508
0.006580
0.006607
0.006637
0.006588
0.006430
0.006265
0.006183
0.006210
0.006291
0.006298
0.006263
0.006223
0.006240
0.006276
0.006303
0.006292
0.006353
0.006346
0.006311
0.006219
0.006090
0.006004
0.005909
0.005933
0.005915
0.005923
0.005892
0.005828
0.005731
0.005664
0.005704
0.005924
0.006183
0.006400
0.006407
0.006339
0.006263
0.006188
0.006069
0.005936
0.005858
0.005784
0.005739
0.005682
0.005693
0.005704
0.005697
0.005681
0.005674
0.005701
0.005743
0.005807
0.005868
0.005926
0.005939
0.005987
0.006004
0.006062
0.006025
0.006042
0.006088
0.006223
0.006327
0.006323
0.006223
0.006031
0.005808
0.005596
0.005458
0.005352
0.005307
0.005288
0.005406
0.005408
0.005443
0.005341
0.005338
0.005313
0.005386
0.005472
0.005577
0.005553
0.005582
0.005531
0.005551
0.005442
0.005297
0.005184
0.005032
0.004899
0.004787
0.004827
0.004945
0.005074
0.005136
0.005143
0.005063
0.004995
0.004923
0.004865
0.004754
0.004647
0.004598
0.004578
0.004564
0.004518
0.004520
0.004565
0.004584
0.004595
0.004603
0.004634
0.004663
0.004660
0.004660
0.004611
0.004532
0.004376
0.004223
0.004143
0.004140
0.004142
0.004110
0.004146
0.004206
0.004299
0.004382
0.004462
0.004528
0.004516
0.004519
0.004534
0.004626
0.004716
0.004792
0.004720
0.004699
0.004630
0.004630
0.004506
0.004340
0.004165
0.004031
0.003994
0.003940
0.003934
0.003923
0.004004
0.004120
0.004218
0.004280
0.004343
0.004418
0.004462
0.004423
0.004339
0.004265
0.004182
0.004115
0.004059
0.004026
0.004036
0.003991
0.003943
0.003930
0.003979
0.004046
0.004083
0.004133
0.004153
0.004173
0.004194
0.004357
0.004453
0.004527
0.004455
0.004399
0.004323
0.004307
0.004255
0.004211
0.004169
0.004174
0.004186
0.004198
0.004270
0.004380
0.004443
0.004416
0.004320
0.004226
0.004220
0.004366
0.004559
0.004704
0.004778
0.004881
0.004957
0.004958
0.004873
0.004819
0.004744
0.004644
0.004485
0.004334
0.004218
0.004137
0.004097
0.004051
0.004047
0.003969
0.003993
0.003895
0.003839
0.003665
0.003618
0.003579
0.003614
0.003612
0.003611
0.003581
0.003596
0.003657
0.003794
0.003907
0.004023
0.004023
0.003967
0.003897
0.003905
0.004048
0.004099
0.004150
0.004073
0.004110
0.004086
0.004083
0.004053
0.004101
0.004171
0.004282
0.004345
0.004423
0.004449
0.004459
0.004431
0.004430
0.004432
0.004467
0.004486
0.004559
0.004622
0.004756
0.004815
0.004865
0.004840
0.004834
0.004797
0.004739
0.004725
0.004708
0.004694
0.004624
0.004588
0.004541
0.004540
0.004499
0.004445
0.004387
0.004360
0.004400
0.004494
0.004633
0.004737
0.004784
0.004829
0.004817
0.004818
0.004741
0.004707
0.004690
0.004645
0.004584
0.004465
0.004392
0.004302
0.004185
0.004075
0.004033
0.004015
0.004038
0.004055
0.004146
0.004261
0.004403
0.004479
0.004470
0.004343
0.004166
0.003974
0.003871
0.003821
0.003898
0.003924
0.003935
0.003857
0.003900
0.003907
0.003924
0.003869
0.003902
0.003910
0.003934
0.004005
0.004068
0.004131
0.004088
0.004100
0.004122
0.004167
0.004172
0.004121
0.004038
0.003992
0.003967
0.004019
0.004096
0.004168
0.004195
0.004192
0.004200
0.004196
0.004129
0.004032
0.003980
0.003982
0.004013
0.004027
0.004044
0.003963
0.003879
0.003821
0.003824
0.003806
0.003749
0.003691
0.003646
0.003641
0.003763
0.003875
0.003958
0.003854
0.003780
0.003662
0.003626
0.003559
0.003560
0.003583
0.003656
0.003732
0.003825
0.003864
0.003898
0.003945
0.004004
0.004060
0.004113
0.004114
0.004090
0.003984
0.003913
0.003807
0.003687
0.003545
0.003411
0.003323
0.003265
0.003247
0.003222
0.003208
0.003206
0.003228
0.003268
0.003326
0.003378
0.003361
0.003239
0.003054
0.002849
0.002705
0.002554
0.002446
0.002378
0.002340
0.002279
0.002167
0.002061
0.001995
0.001965
0.002030
0.002208
0.002395
0.002602
0.002749
0.002933
0.003100
0.003260
0.003403
0.003544
0.003677
0.003829
0.003959
0.004096
0.004209
0.004270
0.004280
0.004251
0.004232
0.004238
0.004187
0.004110
0.004100
0.004060
0.004033
0.003906
0.003878
0.003872
0.003843
0.003781
0.003713
0.003670
0.003676
0.003673
0.003714
0.003814
0.003931
0.004048
0.004080
0.004112
0.004087
0.004066
0.004065
0.004085
0.004072
0.004003
0.003920
0.003851
0.003767
0.003680
0.003609
0.003562
0.003583
0.003574
0.003605
0.003629
0.003688
0.003737
0.003743
0.003719
0.003689
0.003626
0.003564
0.003523
0.003482
0.003498
0.003485
0.003541
0.003539
0.003550
0.003540
0.003569
0.003634
0.003690
0.003723
0.003722
0.003712
0.003718
0.003706
0.003728
0.003700
0.003728
0.003699
0.003693
0.003579
0.003485
0.003367
0.003316
0.003234
0.003230
0.003162
0.003129
0.003051
0.002979
0.002874
0.002720
0.002602
0.002517
0.002469
0.002427
0.002386
0.002394
0.002374
0.002403
0.002469
0.002605
0.002694
0.002734
0.002798
0.002918
0.003036
0.003123
0.003178
0.003231
0.003246
0.003222
0.003180
0.003195
0.003248
0.003295
0.003298
0.003300
0.003299
0.003312
0.003294
0.003275
0.003263
0.003256
0.003217
0.003147
0.003062
0.003048
0.003033
0.003042
0.003007
0.002991
0.002966
0.002983
0.003001
0.002994
0.002933
0.002838
0.002747
0.002666
0.002567
0.002458
0.002329
0.002224
0.002171
0.002147
0.002176
0.002208
0.002250
0.002274
0.002303
0.002292
0.002260
0.002193
0.002179
0.002169
0.002135
0.002061
0.001982
0.001940
0.001895
0.001847
0.001794
0.001742
0.001762
0.001771
0.001834
0.001897
0.001960
0.002015
0.001993
0.001983
0.001936
0.001923
0.001905
0.001898
0.001912
0.001910
0.001900
0.001833
0.001783
0.001730
0.001702
0.001679
0.001732
0.001717
0.001696
0.001627
0.001651
0.001751
0.001807
0.001811
0.001745
0.001713
0.001679
0.001657
0.001657
0.001718
0.001789
0.001840
0.001846
0.001855
0.001801
0.001740
0.001650
0.001629
0.001635
0.001635
0.001638
0.001639
0.001672
0.001703
0.001725
0.001738
0.001712
0.001676
0.001640
0.001629
0.001615
0.001602
0.001617
0.001701
0.001740
0.001751
0.001700
0.001681
0.001673
0.001681
0.001680
0.001681
0.001680
0.001680
0.001661
0.001630
0.001606
0.001614
0.001613
0.001648
0.001644
0.001678
0.001661
0.001648
0.001596
0.001549
0.001525
0.001539
0.001578
0.001593
0.001589
0.001599
0.001622
0.001644
0.001657
0.001677
0.001707
0.001742
0.001745
0.001726
0.001692
0.001673
0.001608
0.001538
0.001519
0.001543
0.001602
0.001631
0.001684
0.001735
0.001739
0.001716
0.001677
0.001689
0.001725
0.001755
0.001801
0.001799
0.001769
0.001699
0.001668
0.001665
0.001651
0.001639
0.001627
0.001641
0.001638
0.001611
0.001568
0.001547
0.001522
0.001591
0.001639
0.001719
0.001719
0.001732
0.001711
0.001682
0.001626
0.001598
0.001559
0.001544
0.001503
0.001512
0.001512
0.001528
0.001529
0.001547
0.001563
0.001570
0.001567
0.001593
0.001571
0.001558
0.001566
0.001634
0.001739
0.001820
0.001900
0.001940
0.001964
0.001957
0.001929
0.001881
0.001838
0.001786
0.001752
0.001751
0.001795
0.001850
0.001915
0.001987
0.002067
0.002132
0.002215
0.002346
0.002539
0.002721
0.002918
0.003126
0.003342
0.003551
0.003744
0.003955
0.004187
0.004331
0.004441
0.004460
0.004447
0.004348
0.004196
0.004057
0.003927
0.003827
0.003668
0.003488
0.003255
0.003043
0.002805
0.002551
0.002266
0.001990
0.001739
0.001587
0.001484
0.001427
0.001357
0.001319
0.001261
0.001217
0.001172
0.001188
0.001180
0.001184
0.001149
0.001120
0.001087
0.001057
0.001063
0.001070
0.001089
0.001111
0.001147
0.001155
0.001130
0.001080
0.001056
0.001049
0.001075
0.001092
0.001103
0.001080
0.001077
0.001106
0.001163
0.001209
0.001228
0.001219
0.001208
0.001199
0.001207
0.001228
0.001201
0.001169
0.001098
0.001059
0.001013
0.001025
0.001033
0.001037
0.001012
0.001013
0.001008
0.001003
0.000964
0.000945
0.000908
0.000885
0.000840
0.000833
0.000827
0.000854
0.000866
0.000934
0.000986
0.001034
0.001037
0.001028
0.001004
0.000970
0.000948
0.000920
0.000907
0.000871
0.000846
0.000825
0.000864
0.000896
0.000916
0.000886
0.000866
0.000863
0.000916
0.000956
0.001018
0.001028
0.001062
0.001030
0.001014
0.000973
0.000972
0.000955
0.000953
0.000927
0.000898
0.000853
0.000852
0.000858
0.000885
0.000891
0.000903
0.000918
0.000925
0.000944
0.000984
0.001029
0.001062
0.001090
0.001139
0.001260
0.001372
0.001476
0.001508
0.001542
0.001565
0.001613
0.001697
0.001773
0.001864
0.001947
0.002068
0.002186
0.002262
0.002278
0.002216
0.002136
0.002078
0.002040
0.002012
0.001916
0.001856
0.001753
0.001682
0.001560
0.001427
0.001303
0.001209
0.001122
0.001057
0.000977
0.000950
0.000910
0.000899
0.000881
0.000897
0.000875
0.000863
0.000819
0.000801
0.000761
0.000743
0.000725
0.000733
0.000741
0.000739
0.000719
0.000678
0.000651
0.000633
0.000650
0.000655
0.000648
0.000636
0.000654
0.000679
0.000711
0.000735
0.000768
0.000773
0.000765
0.000732
0.000716
0.000689
0.000668
0.000618
0.000581
0.000538
0.000525
0.000522
0.000525
0.000526
0.000531
0.000582
0.000654
0.000717
0.000744
0.000747
0.000749
0.000740
0.000714
0.000678
0.000642
0.000612
0.000584
0.000561
0.000550
0.000547
0.000533
0.000515
0.000513
0.000517
0.000527
0.000546
0.000563
0.000577
0.000576
0.000597
0.000636
0.000693
0.000699
0.000676
0.000631
0.000638
0.000665
0.000680
0.000680
0.000658
0.000649
0.000635
0.000628
0.000603
0.000603
0.000595
0.000598
0.000565
0.000553
0.000550
0.000592
0.000625
0.000657
0.000649
0.000645
0.000622
0.000612
0.000581
0.000554
0.000527
0.000514
0.000509
0.000523
0.000530
0.000561
0.000565
0.000581
0.000585
0.000585
0.000602
0.000610
0.000634
0.000645
0.000659
0.000662
0.000668
0.000699
0.000715
0.000720
0.000687
0.000675
0.000665
0.000661
0.000679
0.000709
0.000741
0.000739
0.000732
0.000698
0.000668
0.000614
0.000594
0.000555
0.000567
0.000594
0.000665
0.000725
0.000739
0.000768
0.000748
0.000732
0.000696
0.000661
0.000636
0.000595
0.000623
0.000648
0.000687
0.000718
0.000757
0.000801
0.000825
0.000871
0.000879
0.000878
0.000836
0.000809
0.000746
0.000719
0.000679
0.000692
0.000716
0.000747
0.000754
0.000724
0.000712
0.000683
0.000654
0.000616
0.000613
0.000631
0.000659
0.000690
0.000729
0.000729
0.000701
0.000636
0.000605
0.000599
0.000597
0.000602
0.000605
0.000633
0.000642
0.000647
0.000670
0.000731
0.000774
0.000791
0.000762
0.000732
0.000691
0.000657
0.000628
0.000621
0.000612
0.000589
0.000552
0.000533
0.000518
0.000511
0.000497
0.000495
0.000482
0.000500
0.000508
0.000522
0.000513
0.000544
0.000571
0.000606
0.000619
0.000637
0.000648
0.000656
0.000661
0.000672
0.000677
0.000679
0.000670
0.000676
0.000667
0.000647
0.000605
0.000559
0.000541
0.000511
0.000498
0.000483
0.000482
0.000477
0.000468
0.000462
0.000476
0.000482
0.000491
0.000522
0.000530
0.000532
0.000495
0.000487
0.000481
0.000488
0.000512
0.000535
0.000559
0.000565
0.000571
0.000568
0.000580
0.000580
0.000574
0.000541
0.000518
0.000517
0.000512
0.000509
0.000492
0.000486
0.000484
0.000494
0.000506
0.000525
0.000523
0.000515
0.000509
0.000527
0.000549
0.000566
0.000582
0.000586
0.000589
0.000581
0.000592
0.000573
0.000565
0.000523
0.000495
0.000464
0.000448
0.000450
0.000458
0.000472
0.000497
0.000494
0.000492
0.000477
0.000454
0.000431
0.000419
0.000433
0.000457
0.000475
0.000505
0.000542
0.000571
0.000583
0.000575
0.000548
0.000533
0.000496
0.000470
0.000447
0.000460
0.000509
0.000555
0.000608
0.000628
0.000655
0.000650
0.000642
0.000590
0.000568
0.000552
0.000561
0.000531
0.000510
0.000475
0.000475
0.000478
0.000500
0.000511
0.000534
0.000538
0.000542
0.000511
0.000493
0.000460
0.000450
0.000427
0.000420
0.000410
0.000409
0.000405
0.000406
0.000424
0.000457
0.000473
0.000468
0.000440
0.000425
0.000412
0.000398
0.000379
0.000370
0.000368
0.000365
0.000362
0.000353
0.000343
0.000323
0.000317
0.000308
0.000342
0.000391
0.000466
0.000506
0.000517
0.000499
0.000457
0.000415
0.000388
0.000383
0.000387
0.000388
0.000384
0.000388
0.000390
0.000404
0.000415
0.000435
0.000445
0.000460
0.000448
0.000428
0.000399
0.000391
0.000402
0.000425
0.000462
0.000510
0.000538
0.000541
0.000528
0.000542
0.000562
0.000586
0.000584
0.000587
0.000568
0.000564
0.000539
0.000523
0.000505
0.000497
0.000492
0.000474
0.000465
0.000441
0.000424
0.000407
0.000420
0.000428
0.000440
0.000427
0.000416
0.000392
0.000382
0.000387
0.000424
0.000467
0.000501
0.000513
0.000521
0.000506
0.000478
0.000454
0.000445
0.000452
0.000465
0.000487
0.000481
0.000448
0.000422
0.000408
0.000414
0.000432
0.000439
0.000439
0.000413
0.000408
0.000392
0.000385
0.000385
0.000418
0.000435
0.000459
0.000444
0.000441
0.000410
0.000395
0.000389
0.000407
0.000416
0.000419
0.000410
0.000413
0.000434
0.000428
0.000419
0.000384
0.000380
0.000368
0.000390
0.000400
0.000413
0.000389
0.000372
0.000345
0.000323
0.000294
0.000294
0.000301
0.000346
0.000355
0.000379
0.000375
0.000400
0.000403
0.000410
0.000403
0.000411
0.000399
0.000393
0.000394
0.000408
0.000422
0.000428
0.000453
0.000472
0.000498
0.000523
0.000560
0.000584
0.000602
0.000606
0.000614
0.000604
0.000593
0.000575
0.000555
0.000534
0.000516
0.000532
0.000532
0.000519
0.000481
0.000473
0.000453
0.000449
0.000452
0.000466
0.000487
0.000492
0.000501
0.000505
0.000498
0.000493
0.000483
0.000495
0.000513
0.000517
0.000493
0.000455
0.000417
0.000405
0.000394
0.000388
0.000379
0.000387
0.000400
0.000404
0.000386
0.000361
0.000326
0.000307
0.000301
0.000332
0.000359
0.000397
0.000395
0.000405
0.000396
0.000396
0.000391
0.000377
0.000368
0.000362
0.000377
0.000389
0.000432
0.000443
0.000453
0.000430
0.000419
0.000404
0.000371
0.000360
0.000331
0.000311
0.000282
0.000285
0.000292
0.000287
0.000282
0.000283
0.000290
0.000301
0.000321
0.000342
0.000363
0.000359
0.000354
0.000348
0.000352
0.000373
0.000398
0.000442
0.000470
0.000484
0.000473
0.000467
0.000448
0.000441
0.000426
0.000439
0.000454
0.000455
0.000445
0.000435
0.000449
0.000460
0.000459
0.000446
0.000450
0.000447
0.000430
0.000417
0.000416
0.000432
0.000438
0.000449
0.000469
0.000510
0.000538
0.000556
0.000556
0.000563
0.000558
0.000528
0.000486
0.000448
0.000424
0.000401
0.000381
0.000352
0.000348
0.000331
0.000327
0.000301
0.000304
0.000301
0.000316
0.000334
0.000370
0.000374
0.000354
0.000309
0.000293
0.000294
0.000301
0.000306
0.000324
0.000353
0.000384
0.000403
0.000403
0.000393
0.000370
0.000368
0.000377
0.000396
0.000405
0.000411
0.000404
0.000415
0.000406
0.000403
0.000385
0.000377
0.000378
0.000391
0.000405
0.000412
0.000394
0.000370
0.000349
0.000353
0.000372
0.000390
0.000406
0.000403
0.000404
0.000394
0.000415
0.000427
0.000435
0.000404
0.000374
0.000344
0.000341
0.000339
0.000345
0.000342
0.000339
0.000323
0.000314
0.000311
0.000313
0.000307
0.000289
0.000286
0.000282
0.000292
0.000290
0.000295
0.000304
0.000337
0.000377
0.000422
0.000438
0.000460
0.000451
0.000443
0.000408
0.000386
0.000369
0.000370
0.000381
0.000381
0.000372
0.000350
0.000332
0.000316
0.000307
0.000323
0.000324
0.000331
0.000308
0.000295
0.000298
0.000307
0.000309
0.000289
0.000299
0.000308
0.000328
0.000328
0.000348
0.000351
0.000362
0.000369
0.000397
0.000396
0.000408
0.000387
0.000383
0.000364
0.000361
0.000352
0.000347
0.000346
0.000359
0.000360
0.000366
0.000361
0.000360
0.000341
0.000324
0.000321
0.000330
0.000352
0.000355
0.000349
0.000330
0.000318
0.000320
0.000334
0.000331
0.000320
0.000294
0.000289
0.000298
0.000323
0.000344
0.000352
0.000356
0.000364
0.000367
0.000370
0.000383
0.000387
0.000378
0.000350
0.000346
0.000324
0.000309
0.000286
0.000286
0.000302
0.000300
0.000304
0.000308
0.000348
0.000359
0.000350
0.000311
0.000290
0.000268
0.000251
0.000248
0.000239
0.000233
0.000218
0.000221
0.000243
0.000259
0.000272
0.000263
0.000247
0.000238
0.000216
0.000218
0.000216
0.000224
0.000229
0.000242
0.000261
0.000286
0.000286
0.000277
0.000247
0.000234
0.000227
0.000220
0.000203
0.000195
0.000202
0.000211
0.000220
0.000223
0.000227
0.000218
0.000205
0.000195
0.000204
0.000209
0.000222
0.000230
0.000228
0.000212
0.000182
0.000176
0.000175
0.000190
0.000211
0.000256
0.000284
0.000306
0.000301
0.000297
0.000292
0.000291
0.000286
0.000266
0.000268
0.000275
0.000296
0.000308
0.000316
0.000341
0.000339
0.000335
0.000289
0.000248
0.000208
0.000182
0.000176
0.000180
0.000185
0.000190
0.000190
0.000197
0.000195
0.000201
0.000203
0.000200
0.000200
0.000199
0.000216
0.000258
0.000277
0.000289
0.000266
0.000270
0.000257
0.000253
0.000258
0.000279
0.000296
0.000297
0.000305
0.000288
0.000279
0.000247
0.000234
0.000204
0.000188
0.000176
0.000175
0.000172
0.000174
0.000165
0.000168
0.000177
0.000193
0.000204
0.000202
0.000209
0.000211
0.000225
0.000233
0.000254
0.000268
0.000262
0.000233
0.000194
0.000163
0.000157
0.000163
0.000188
0.000198
0.000209
0.000205
0.000209
0.000204
0.000204
0.000206
0.000215
0.000229
0.000225
0.000216
0.000198
0.000204
0.000225
0.000257
0.000276
0.000274
0.000250
0.000222
0.000192
0.000181
0.000184
0.000206
0.000230
0.000258
0.000244
0.000233
0.000195
0.000183
0.000157
0.000157
0.000161
0.000171
0.000187
0.000203
0.000221
0.000225
0.000236
0.000237
0.000240
0.000230
0.000232
0.000234
0.000239
0.000223
0.000201
0.000188
0.000193
0.000203
0.000217
0.000236
0.000240
0.000227
0.000207
0.000196
0.000191
0.000182
0.000178
0.000182
0.000185
0.000186
0.000185
0.000204
0.000215
0.000220
0.000203
0.000220
0.000217
0.000212
0.000185
0.000198
0.000234
0.000274
0.000297
0.000304
0.000298
0.000291
0.000283
0.000291
0.000294
0.000316
0.000326
0.000350
0.000350
0.000363
0.000354
0.000341
0.000303
0.000280
0.000265
0.000282
0.000298
0.000333
0.000352
0.000366
0.000366
0.000366
0.000372
0.000374
0.000375
0.000353
0.000349
0.000331
0.000332
0.000321
0.000324
0.000334
0.000352
0.000363
0.000382
0.000375
0.000363
0.000344
0.000325
0.000324
0.000326
0.000339
0.000339
0.000328
0.000320
0.000303
0.000302
0.000293
0.000291
0.000270
0.000248
0.000234
0.000229
0.000245
0.000235
0.000223
0.000195
0.000205
0.000208
0.000225
0.000215
0.000209
0.000204
0.000215
0.000223
0.000223
0.000238
0.000234
0.000221
0.000194
0.000196
0.000193
0.000190
0.000184
0.000190
0.000209
0.000216
0.000214
0.000195
0.000182
0.000177
0.000171
0.000169
0.000167
0.000162
0.000159
0.000163
0.000181
0.000215
0.000247
0.000280
0.000297
0.000299
0.000287
0.000268
0.000264
0.000252
0.000245
0.000228
0.000234
0.000232
0.000229
0.000220
0.000240
0.000250
0.000260
0.000250
0.000242
0.000225
0.000208
0.000194
0.000183
0.000193
0.000192
0.000202
0.000200
0.000203
0.000214
0.000209
0.000216
0.000222
0.000240
0.000257
0.000262
0.000269
0.000285
0.000294
0.000298
0.000295
0.000290
0.000285
0.000288
0.000288
0.000294
0.000292
0.000304
0.000289
0.000271
0.000269
0.000271
0.000268
0.000244
0.000253
0.000265
0.000280
0.000275
0.000279
0.000279
0.000289
0.000282
0.000282
0.000260
0.000248
0.000235
0.000250
0.000264
0.000270
0.000264
0.000271
0.000268
0.000265
0.000262
0.000302
0.000335
0.000376
0.000377
0.000372
0.000367
0.000363
0.000366
0.000352
0.000341
0.000327
0.000308
0.000279
0.000261
0.000243
0.000251
0.000256
0.000270
0.000281
0.000303
0.000289
0.000274
0.000235
0.000227
0.000206
0.000203
0.000201
0.000205
0.000199
0.000225
0.000238
0.000255
0.000240
0.000246
0.000242
0.000237
0.000226
0.000257
0.000275
0.000291
0.000271
0.000268
0.000281
0.000282
0.000270
0.000251
0.000237
0.000223
0.000198
0.000186
0.000180
0.000186
0.000206
0.000222
0.000230
0.000211
0.000199
0.000199
0.000207
0.000230
0.000242
0.000267
0.000259
0.000244
0.000217
0.000211
0.000210
0.000225
0.000224
0.000224
0.000212
0.000204
0.000201
0.000208
0.000219
0.000268
0.000293
0.000320
0.000307
0.000306
0.000303
0.000303
0.000290
0.000272
0.000245
0.000223
0.000215
0.000214
0.000236
0.000245
0.000250
0.000258
0.000246
0.000236
0.000205
0.000206
0.000209
0.000215
0.000228
0.000244
0.000251
0.000243
0.000237
0.000215
0.000189
0.000163
0.000166
0.000167
0.000197
0.000210
0.000229
0.000212
0.000202
0.000205
0.000219
0.000245
0.000287
0.000294
0.000286
0.000249
0.000257
0.000274
0.000297
0.000314
0.000324
0.000343
0.000356
0.000383
0.000395
0.000402
0.000390
0.000376
0.000350
0.000338
0.000316
0.000299
0.000265
0.000252
0.000237
0.000232
0.000228
0.000232
0.000242
0.000257
0.000259
0.000267
0.000249
0.000240
0.000217
0.000222
0.000225
0.000236
0.000238
0.000260
0.000280
0.000289
0.000284
0.000273
0.000260
0.000237
0.000218
0.000207
0.000222
0.000235
0.000255
0.000273
0.000295
0.000319
0.000334
0.000319
0.000298
0.000263
0.000259
0.000234
0.000210
0.000181
0.000169
0.000173
0.000191
0.000215
0.000232
0.000238
0.000239
0.000236
0.000235
0.000238
0.000234
0.000240
0.000245
0.000280
0.000294
0.000331
0.000335
0.000347
0.000331
0.000305
0.000275
0.000237
0.000234
0.000215
0.000202
0.000176
0.000171
0.000163
0.000172
0.000192
0.000231
0.000256
0.000267
0.000260
0.000257
0.000260
0.000269
0.000272
0.000288
0.000293
0.000293
0.000273
0.000259
0.000238
0.000227
0.000218
0.000230
0.000255
0.000282
0.000286
0.000262
0.000243
0.000241
0.000260
0.000283
0.000288
0.000300
0.000290
0.000306
0.000323
0.000338
0.000319
0.000278
0.000251
0.000240
0.000230
0.000211
0.000201
0.000210
0.000229
0.000250
0.000258
0.000261
0.000263
0.000269
0.000284
0.000314
0.000344
0.000368
0.000378
0.000390
0.000385
0.000388
0.000388
0.000413
0.000438
0.000463
0.000488
0.000516
0.000558
0.000595
0.000609
0.000595
0.000595
0.000597
0.000601
0.000584
0.000570
0.000572
0.000566
0.000563
0.000552
0.000545
0.000543
0.000548
0.000557
0.000561
0.000560
0.000570
0.000594
0.000621
0.000637
0.000654
0.000680
0.000724
0.000742
0.000743
0.000743
0.000758
0.000757
0.000721
0.000674
0.000642
0.000614
0.000594
0.000577
0.000604
0.000623
0.000642
0.000641
0.000665
0.000695
0.000716
0.000727
0.000730
0.000743
0.000762
0.000797
0.000806
0.000781
0.000761
0.000740
0.000726
0.000681
0.000644
0.000622
0.000621
0.000629
0.000645
0.000644
0.000647
0.000647
0.000664
0.000671
0.000669
0.000644
0.000640
0.000646
0.000675
0.000690
0.000703
0.000704
0.000716
0.000734
0.000734
0.000734
0.000732
0.000746
0.000763
0.000765
0.000758
0.000731
0.000698
0.000682
0.000672
0.000678
0.000677
0.000672
0.000652
0.000618
0.000600
0.000580
0.000567
0.000551
0.000567
0.000587
0.000615
0.000646
0.000678
0.000695
0.000689
0.000680
0.000657
0.000651
0.000628
0.000629
0.000610
0.000601
0.000582
0.000561
0.000551
0.000544
0.000560
0.000568
0.000586
0.000592
0.000613
0.000627
0.000650
0.000657
0.000658
0.000646
0.000639
0.000647
0.000645
0.000648
0.000646
0.000653
0.000676
0.000678
0.000675
0.000651
0.000626
0.000609
0.000598
0.000589
0.000593
0.000617
0.000656
0.000695
0.000703
0.000727
0.000735
0.000755
0.000765
0.000781
0.000785
0.000769
0.000763
0.000752
0.000745
0.000724
0.000722
0.000716
0.000706
0.000682
0.000665
0.000648
0.000634
0.000638
0.000658
0.000680
0.000669
0.000650
0.000621
0.000631
0.000614
0.000615
0.000605
0.000607
0.000610
0.000602
0.000619
0.000626
0.000652
0.000668
0.000697
0.000710
0.000718
0.000707
0.000689
0.000676
0.000663
0.000648
0.000640
0.000635
0.000645
0.000643
0.000640
0.000627
0.000626
0.000618
0.000605
0.000602
0.000592
0.000603
0.000596
0.000614
0.000610
0.000621
0.000639
0.000691
0.000727
0.000735
0.000719
0.000725
0.000746
0.000780
0.000799
0.000819
0.000802
0.000796
0.000777
0.000779
0.000751
0.000734
0.000714
0.000715
0.000706
0.000694
0.000671
0.000657
0.000644
0.000630
0.000611
0.000595
0.000590
0.000596
0.000615
0.000626
0.000639
0.000647
0.000644
0.000630
0.000605
0.000574
0.000543
0.000508
0.000501
0.000509
0.000525
0.000547
0.000574
0.000603
0.000623
0.000626
0.000626
0.000617
0.000616
0.000598
0.000587
0.000580
0.000603
0.000635
0.000673
0.000709
0.000714
0.000716
0.000681
0.000661
0.000667
0.000671
0.000685
0.000671
0.000676
0.000692
0.000692
0.000701
0.000700
0.000710
0.000722
0.000727
0.000736
0.000739
0.000739
0.000737
0.000722
0.000723
0.000711
0.000721
0.000729
0.000741
0.000746
0.000729
0.000714
0.000702
0.000685
0.000666
0.000649
0.000665
0.000680
0.000686
0.000667
0.000646
0.000618
0.000597
0.000602
0.000606
0.000616
0.000621
0.000663
0.000695
0.000720
0.000723
0.000744
0.000760
0.000783
0.000761
0.000733
0.000689
0.000672
0.000661
0.000653
0.000648
0.000669
0.000702
0.000729
0.000728
0.000715
0.000704
0.000685
0.000672
0.000676
0.000713
0.000742
0.000747
0.000751
0.000763
0.000774
0.000778
0.000779
0.000790
0.000796
0.000815
0.000806
0.000794
0.000739
0.000706
0.000657
0.000657
0.000660
0.000684
0.000696
0.000729
0.000748
0.000758
0.000764
0.000769
0.000792
0.000788
0.000782
0.000761
0.000749
0.000749
0.000762
0.000750
0.000738
0.000705
0.000708
0.000714
0.000711
0.000688
0.000655
0.000625
0.000609
0.000616
0.000636
0.000663
0.000663
0.000674
0.000674
0.000688
0.000693
0.000693
0.000683
0.000669
0.000662
0.000660
0.000654
0.000651
0.000659
0.000675
0.000682
0.000680
0.000673
0.000679
0.000668
0.000663
0.000652
0.000659
0.000662
0.000668
0.000675
0.000673
0.000673
0.000660
0.000655
0.000645
0.000651
0.000652
0.000662
0.000691
0.000723
0.000751
0.000754
0.000756
0.000753
0.000750
0.000757
0.000764
0.000763
0.000762
0.000782
0.000790
0.000801
0.000793
0.000803
0.000808
0.000788
0.000760
0.000719
0.000696
0.000669
0.000654
0.000629
0.000613
0.000614
0.000620
0.000656
0.000706
0.000761
0.000799
0.000798
0.000805
0.000784
0.000772
0.000744
0.000727
0.000706
0.000699
0.000700
0.000706
0.000711
0.000708
0.000686
0.000657
0.000657
0.000675
0.000698
0.000701
0.000694
0.000712
0.000742
0.000784
0.000810
0.000799
0.000773
0.000726
0.000704
0.000688
0.000688
0.000698
0.000718
0.000729
0.000732
0.000714
0.000699
0.000689
0.000687
0.000695
0.000714
0.000748
0.000783
0.000801
0.000797
0.000788
0.000779
0.000758
0.000734
0.000698
0.000677
0.000645
0.000616
0.000590
0.000580
0.000601
0.000631
0.000671
0.000676
0.000675
0.000659
0.000668
0.000673
0.000683
0.000687
0.000702
0.000739
0.000802
0.000844
0.000845
0.000796
0.000741
0.000703
0.000690
0.000693
0.000704
0.000732
0.000755
0.000771
0.000783
0.000795
0.000796
0.000778
0.000750
0.000732
0.000700
0.000678
0.000660
0.000646
0.000637
0.000630
0.000620
0.000621
0.000608
0.000618
0.000618
0.000649
0.000676
0.000710
0.000721
0.000717
0.000707
0.000684
0.000672
0.000668
0.000691
0.000723
0.000762
0.000786
0.000803
0.000808
0.000819
0.000829
0.000839
0.000824
0.000806
0.000775
0.000762
0.000749
0.000750
0.000754
0.000769
0.000773
0.000770
0.000740
0.000704
0.000662
0.000646
0.000634
0.000638
0.000649
0.000684
0.000707
0.000716
0.000711
0.000698
0.000692
0.000694
0.000732
0.000762
0.000782
0.000779
0.000780
0.000769
0.000747
0.000707
0.000671
0.000653
0.000673
0.000714
0.000738
0.000747
0.000750
0.000771
0.000763
0.000739
0.000719
0.000715
0.000728
0.000738
0.000779
0.000806
0.000816
0.000797
0.000772
0.000753
0.000741
0.000736
0.000717
0.000690
0.000670
0.000653
0.000641
0.000630
0.000619
0.000630
0.000638
0.000656
0.000679
0.000673
0.000667
0.000640
0.000638
0.000620
0.000612
0.000638
0.000703
0.000759
0.000790
0.000797
0.000798
0.000770
0.000753
0.000732
0.000741
0.000721
0.000700
0.000666
0.000647
0.000641
0.000654
0.000665
0.000671
0.000674
0.000688
0.000695
0.000706
0.000720
0.000754
0.000774
0.000779
0.000758
0.000736
0.000713
0.000711
0.000720
0.000727
0.000715
0.000690
0.000677
0.000670
0.000683
0.000688
0.000703
0.000720
0.000728
0.000730
0.000709
0.000691
0.000678
0.000653
0.000633
0.000618
0.000616
0.000627
0.000649
0.000695
0.000736
0.000765
0.000794
0.000806
0.000806
0.000774
0.000750
0.000733
0.000729
0.000714
0.000701
0.000706
0.000729
0.000746
0.000747
0.000753
0.000748
0.000737
0.000715
0.000716
0.000727
0.000735
0.000718
0.000677
0.000641
0.000606
0.000590
0.000582
0.000593
0.000631
0.000658
0.000687
0.000697
0.000707
0.000706
0.000694
0.000683
0.000700
0.000717
0.000745
0.000735
0.000722
0.000711
0.000706
0.000700
0.000679
0.000662
0.000649
0.000648
0.000654
0.000675
0.000682
0.000682
0.000653
0.000622
0.000583
0.000561
0.000581
0.000601
0.000625
0.000623
0.000634
0.000646
0.000659
0.000681
0.000682
0.000694
0.000686
0.000694
0.000694
0.000701
0.000723
0.000721
0.000706
0.000659
0.000618
0.000582
0.000557
0.000574
0.000591
0.000615
0.000608
0.000620
0.000633
0.000656
0.000693
0.000720
0.000728
0.000713
0.000702
0.000695
0.000672
0.000640
0.000606
0.000592
0.000598
0.000619
0.000654
0.000700
0.000728
0.000742
0.000730
0.000719
0.000713
0.000697
0.000675
0.000642
0.000629
0.000614
0.000604
0.000599
0.000627
0.000639
0.000639
0.000611
0.000594
0.000619
0.000651
0.000685
0.000702
0.000706
0.000710
0.000690
0.000675
0.000656
0.000639
0.000619
0.000596
0.000579
0.000572
0.000577
0.000599
0.000644
0.000707
0.000758
0.000801
0.000803
0.000784
0.000745
0.000735
0.000727
0.000751
0.000757
0.000766
0.000733
0.000708
0.000680
0.000664
0.000651
0.000656
0.000666
0.000674
0.000673
0.000670
0.000651
0.000626
0.000606
0.000609
0.000610
0.000608
0.000600
0.000612
0.000629
0.000649
0.000665
0.000677
0.000687
0.000685
0.000688
0.000708
0.000732
0.000745
0.000732
0.000726
0.000712
0.000709
0.000701
0.000692
0.000681
0.000666
0.000668
0.000678
0.000713
0.000742
0.000753
0.000742
0.000741
0.000731
0.000710
0.000680
0.000680
0.000688
0.000701
0.000707
0.000727
0.000742
0.000761
0.000778
0.000797
0.000799
0.000787
0.000771
0.000755
0.000726
0.000695
0.000678
0.000689
0.000706
0.000707
0.000701
0.000689
0.000679
0.000666
0.000656
0.000657
0.000655
0.000654
0.000648
0.000647
0.000643
0.000638
0.000622
0.000614
0.000611
0.000617
0.000624
0.000634
0.000644
0.000647
0.000634
0.000630
0.000641
0.000658
0.000671
0.000676
0.000669
0.000669
0.000656
0.000647
0.000625
0.000609
0.000598
0.000590
0.000595
0.000598
0.000619
0.000624
0.000630
0.000610
0.000609
0.000619
0.000655
0.000669
0.000687
0.000686
0.000694
0.000691
0.000686
0.000672
0.000661
0.000665
0.000687
0.000707
0.000722
0.000711
0.000705
0.000682
0.000683
0.000682
0.000682
0.000680
0.000670
0.000672
0.000687
0.000718
0.000730
0.000709
0.000660
0.000585
0.000486
0.000370
0.000269
0.000192
0.000133
0.000091
0.000061
0.000041
0.000027
0.000017
0.000011
0.000007
0.000004
0.000003
0.000002
0.000001
0.000001
0.000000
0.000000
0.000000
0.000000
0.000000
0.000000
0.000000
0.000000
0.000000
0.000000
0.000000
0.000000
0.000000
0.000000
0.000000
0.000000
0.000000
0.000000
0.000000
0.000000
0.000000
0.000000
0.000000
0.000000
0.000000
0.000000
0.000000
0.000000
0.000000
0.000000
0.000000
0.000000
0.000000
0.000000
0.000000
0.000000
0.000000
0.000000
0.000000
0.000000
0.000000
0.000000
0.000000
0.000000
0.000000
0.000000
0.000000
0.000000
0.000000
0.000000
0.000000
0.000000
0.000000
0.000000
0.000000
0.000000
0.000000
0.000000
0.000000
0.000000
0.000000
0.000000
0.000000
0.000000
0.000000
0.000000
0.000000
0.000000
0.000000
0.000000
0.000000
0.000000
0.000000
0.000000
0.000000
0.000000
0.000000
0.000000
0.000000
0.000000
0.000000
0.000000
0.000000
0.000000
0.000000
0.000000
0.000000
0.000000
0.000000
0.000000
0.000000
0.000000
0.000000
0.000000
0.000000
0.000000
0.000000
0.000000
0.000000
0.000000
0.000000
0.000000
0.000000
0.000000
0.000000
0.000000
0.000000
0.000000
0.000000
0.000000
0.000000
0.000000
0.000000
0.000000
0.000000
0.000000
0.000000
0.000000
0.000000
0.000000
0.000000
0.000000
0.000000
0.000000
0.000000
0.000000
0.000000
0.000000
0.000000
