1.049688
1.051488
1.051134
1.051408
1.051371
1.051379
1.051312
1.051210
1.051141
1.051137
1.051157
1.051090
1.050994
1.050932
1.050949
1.050950
1.050946
1.050930
1.050956
1.050915
1.050901
1.050885
1.050916
1.050905
1.050864
1.050834
1.050819
1.050778
1.050772
1.050758
1.050769
1.050718
1.050661
1.050606
1.050588
1.050609
1.050640
1.050645
1.050593
1.050517
1.050426
1.050331
1.050213
1.050038
1.049816
1.049517
1.049191
1.048656
1.048016
1.047192
1.046351
1.045229
1.043912
1.042458
1.041031
1.039398
1.037244
1.035179
1.033075
1.031233
1.028629
1.026208
1.023739
1.021715
1.018992
1.016206
1.013340
13.322399
14.497408
12.740851
8.458794
1.004704
13.466538
15.707412
19.858184
19.357842
17.127203
17.542101
17.023004
22.295171
26.421232
26.487583
21.455005
12.809413
9.457354
12.722765
16.848414
14.921634
16.886789
16.344732
15.131362
14.040609
14.629672
21.014817
19.127575
16.246287
1.002395
9.511111
8.359968
8.226359
0.998667
0.996666
8.310880
13.583346
16.540088
15.528500
18.242244
20.628158
23.190238
19.288561
16.205807
12.175342
13.781075
15.219648
18.412613
19.472775
20.035056
19.765898
20.647505
18.420376
16.845087
20.822683
24.157786
24.153828
20.777454
18.086929
20.721989
20.977780
21.158498
17.843126
17.938450
19.173686
22.048491
24.239733
26.321259
26.666972
28.748027
29.942008
23.758876
19.910580
15.437329
16.775700
16.484435
19.548076
24.988917
27.574295
23.595771
22.335719
20.696892
22.372267
23.804278
25.754500
22.966746
18.215464
22.242933
23.078112
22.645741
16.550452
23.477682
26.955295
28.239116
25.569436
22.515064
25.247049
24.173430
24.199619
17.363628
18.737731
20.326974
24.341137
25.214655
28.544248
27.524023
23.486876
20.184490
21.748132
26.467143
24.973758
20.351544
14.043491
18.777788
19.132614
19.123205
13.915278
15.973782
17.890741
22.118920
21.297358
25.052461
27.993863
32.886178
36.822131
36.812969
33.958941
27.579659
21.825618
21.705452
22.000784
22.969224
18.391519
19.176503
19.359725
23.793770
24.338458
27.070694
25.533042
27.180351
27.125469
28.349948
24.957928
20.377763
25.238500
27.097337
24.092243
24.275054
24.399768
30.269216
30.817189
35.664527
36.430545
32.520333
19.289424
30.906503
30.474718
32.924537
33.140479
23.616384
27.654737
24.531315
25.295399
24.933104
25.089705
14.995551
24.985463
15.689585
24.180746
30.155994
33.553557
21.368267
25.847433
1.027610
1.028013
1.028223
1.028151
1.027996
1.028111
1.028275
1.028856
1.029396
30.033428
34.093415
29.138540
30.453840
34.441329
41.434251
15.075194
32.641353
1.031287
1.031230
1.031523
1.031549
1.032008
1.032065
1.032222
1.032407
1.032562
1.032822
1.033095
1.033449
1.033866
1.034215
1.034371
1.034492
1.034436
1.034383
1.034373
1.034243
1.034323
1.034421
1.034952
1.035444
1.035761
1.035869
1.035879
1.036022
1.036242
1.036566
1.036894
1.037115
1.037034
1.036946
1.036974
1.037237
1.037442
1.037588
1.037760
1.037866
1.037941
1.038000
1.038143
1.038414
1.038599
1.038803
1.038916
1.039036
1.039232
1.039302
1.039336
1.039029
1.038866
1.038852
1.039181
1.039384
1.039616
1.039583
1.039639
1.039619
1.039722
1.039793
1.039900
1.040073
1.040240
1.040460
1.040641
1.040859
1.040909
1.040865
1.040808
1.040848
1.040746
1.040764
1.040860
1.041344
1.041356
1.041355
1.041168
1.041367
1.041490
1.041675
1.041851
1.042004
1.042133
1.042302
1.042359
1.042367
1.042244
1.042281
1.042317
1.042459
1.042615
1.042720
1.042807
1.042782
1.042790
1.042749
1.042769
1.042823
1.042870
1.042883
1.043005
1.043069
1.043076
1.042991
1.042952
1.043021
1.043119
1.043114
1.043148
1.043113
1.043154
1.043186
1.043231
1.043432
1.043580
1.043764
1.043816
1.043820
1.043905
1.044128
1.044221
1.044197
1.043950
1.043779
1.043672
1.043702
1.043849
1.043974
1.044007
1.044027
1.044041
1.044146
1.044034
1.044170
1.044189
1.044355
1.044325
1.044354
1.044408
1.044304
1.044324
1.044473
1.044700
1.044813
1.044798
1.044816
1.044979
1.045118
1.045158
1.044935
1.044794
1.044695
1.044717
1.044701
1.044864
1.044977
1.045031
1.045037
1.045032
1.045039
1.044856
1.044851
1.044903
1.045020
1.044981
1.045040
1.045143
1.045303
1.045357
1.045346
1.045346
1.045281
1.045261
1.045221
1.045238
1.045278
1.045314
1.045361
1.045395
1.045441
1.045482
1.045501
1.045582
1.045679
1.045823
1.045925
1.045958
1.045921
1.045864
1.045888
1.045944
1.045944
1.045951
1.045993
1.046032
1.046057
1.046019
1.046021
1.046030
1.046078
1.046172
1.046237
1.046279
1.046268
1.046253
1.046291
1.046398
1.046503
1.046594
1.046628
1.046674
1.046717
1.046936
1.047181
1.047425
1.047445
1.047448
1.047442
1.047516
1.047611
1.047755
1.047928
1.048111
1.048198
1.048237
1.048276
1.048362
1.048464
1.048511
1.048599
1.048677
1.048792
1.048861
1.048826
1.048808
1.048822
1.048935
1.048968
1.048991
1.049043
1.049086
1.049076
1.048982
1.048890
1.048980
1.049038
1.049142
1.049055
1.049041
1.049064
1.049126
1.049210
1.049306
1.049327
1.049345
1.049312
1.049319
1.049349
1.049410
1.049490
1.049514
1.049468
1.049441
1.049398
1.049358
1.049360
1.049317
1.049347
1.049365
1.049445
1.049513
1.049513
1.049496
1.049427
1.049393
1.049415
1.049492
1.049548
1.049608
1.049612
1.049604
1.049572
1.049707
1.049751
1.049788
1.049649
1.049587
1.049546
1.049527
1.049540
1.049607
1.049665
1.049685
1.049569
1.049510
1.049527
1.049615
1.049663
1.049595
1.049597
1.049580
1.049639
1.049725
1.049834
1.049964
1.049992
1.049973
1.049847
1.049737
1.049691
1.049735
1.049754
1.049790
1.049796
1.049776
1.049794
1.049809
1.049906
1.049970
1.049938
1.049929
1.049867
1.049947
1.050044
1.050078
1.050084
1.049968
1.049967
1.049954
1.050022
1.050095
1.050115
1.050099
1.050025
1.050037
1.049984
1.049978
1.049948
1.049993
1.049958
1.049968
1.049871
1.049830
1.049769
1.049886
1.049885
1.049886
1.049790
1.049814
1.049802
1.049807
1.049808
1.049798
1.049782
1.049740
1.049721
1.049701
1.049750
1.049807
1.049855
1.049809
1.049723
1.049640
1.049602
1.049546
1.049487
1.049388
1.049335
1.049324
1.049313
1.049312
1.049299
1.049358
1.049367
1.049315
1.049224
1.049202
1.049121
1.049151
1.049110
1.049109
1.048941
1.048792
1.048685
1.048632
1.048492
1.048350
1.048099
1.047868
1.047478
1.047036
1.046512
1.045964
1.045310
1.044392
1.043381
1.042310
1.041299
1.040072
1.038694
52.723581
50.411770
54.738598
53.214495
51.111208
42.043647
1.037876
1.039356
1.040811
1.042215
1.043587
1.045014
1.046429
1.047460
1.048395
1.049179
1.049815
1.050233
1.050555
1.050819
1.051039
1.051197
1.051310
1.051367
1.051402
1.051404
1.051421
1.051430
1.051432
1.051436
1.051442
1.051464
1.051433
1.051411
1.051391
1.051411
1.051431
1.051449
1.051469
1.051473
1.051478
1.051468
1.051437
1.051429
1.051404
1.051422
1.051410
1.051420
1.051425
1.051438
1.051463
1.051434
1.051422
1.051388
1.051391
1.051384
1.051390
1.051417
1.051432
1.051437
1.051416
1.051394
1.051399
1.051419
1.051443
1.051417
1.051393
1.051380
1.051406
1.051423
1.051420
1.051410
1.051416
1.051405
1.051410
1.051398
1.051421
1.051428
1.051431
1.051423
1.051435
1.051451
1.051467
1.051470
1.051448
1.051441
1.051439
1.051462
1.051473
1.051479
1.051465
1.051447
1.051424
1.051415
1.051425
1.051443
1.051459
1.051464
1.051464
1.051457
1.051430
1.051401
1.051374
1.051353
1.051324
1.051326
1.051318
1.051342
1.051336
1.051380
1.051408
1.051450
1.051454
1.051426
1.051376
1.051340
1.051335
1.051350
1.051370
1.051377
1.051366
1.051324
1.051330
1.051354
1.051403
1.051395
1.051410
1.051416
1.051450
1.051449
1.051434
1.051431
1.051428
1.051426
1.051423
1.051426
1.051433
1.051405
1.051380
1.051393
1.051406
1.051437
1.051446
1.051458
1.051462
1.051465
1.051463
1.051437
1.051429
1.051426
1.051424
1.051402
1.051368
1.051355
1.051355
1.051367
1.051372
1.051366
1.051366
1.051388
1.051378
1.051394
1.051398
1.051415
1.051391
1.051362
1.051370
1.051404
1.051422
1.051420
1.051416
1.051431
1.051444
1.051431
1.051428
1.051434
1.051451
1.051443
1.051438
1.051444
1.051462
1.051462
1.051459
1.051452
1.051438
1.051440
1.051441
1.051457
1.051461
1.051455
1.051447
1.051424
1.051426
1.051438
1.051461
1.051457
1.051458
1.051410
1.051416
1.051411
1.051456
1.051464
1.051474
1.051475
1.051459
1.051415
1.051408
1.051412
1.051444
1.051444
1.051455
1.051455
1.051413
1.051397
1.051387
1.051432
1.051447
1.051464
1.051446
1.051430
1.051415
1.051420
1.051434
1.051451
1.051470
1.051446
1.051438
1.051416
1.051440
1.051448
1.051465
1.051458
1.051456
1.051445
1.051433
1.051408
1.051406
1.051422
1.051449
1.051428
1.051408
1.051394
1.051411
1.051433
1.051435
1.051426
1.051420
1.051414
1.051415
1.051373
1.051370
1.051387
1.051435
1.051457
1.051458
1.051455
1.051455
1.051467
1.051477
1.051477
1.051479
1.051479
1.051473
1.051466
1.051427
1.051422
1.051419
1.051452
1.051458
1.051461
1.051462
1.051453
1.051454
1.051456
1.051472
1.051464
1.051459
1.051444
1.051428
1.051420
1.051427
1.051451
1.051466
1.051472
1.051475
1.051470
1.051473
1.051470
1.051476
1.051477
1.051476
1.051460
1.051442
1.051432
1.051435
1.051432
1.051434
1.051434
1.051431
1.051406
1.051385
1.051396
1.051426
1.051450
1.051433
1.051431
1.051435
1.051463
1.051471
1.051472
1.051470
1.051456
1.051459
1.051456
1.051453
1.051431
1.051404
1.051387
1.051371
1.051384
1.051403
1.051437
1.051451
1.051462
1.051457
1.051430
1.051409
1.051398
1.051417
1.051431
1.051450
1.051461
1.051456
1.051435
1.051428
1.051439
1.051462
1.051433
1.051422
1.051413
1.051448
1.051446
1.051449
1.051438
1.051449
1.051452
1.051456
1.051446
1.051434
1.051430
1.051444
1.051446
1.051456
1.051456
1.051469
1.051445
1.051432
1.051422
1.051447
1.051404
1.051375
1.051357
1.051391
1.051425
1.051443
1.051466
1.051456
1.051439
1.051404
1.051398
1.051388
1.051382
1.051381
1.051393
1.051425
1.051442
1.051459
1.051457
1.051438
1.051406
1.051400
1.051418
1.051448
1.051432
1.051424
1.051411
1.051432
1.051432
1.051441
1.051439
1.051435
1.051436
1.051441
1.051451
1.051444
1.051424
1.051430
1.051428
1.051451
1.051454
1.051446
1.051450
1.051450
1.051461
1.051462
1.051450
1.051453
1.051454
1.051443
1.051446
1.051445
1.051471
1.051476
1.051482
1.051484
1.051469
1.051457
1.051445
1.051448
1.051436
1.051440
1.051448
1.051470
1.051472
1.051477
1.051461
1.051456
1.051442
1.051440
1.051439
1.051449
1.051464
1.051470
1.051472
1.051475
1.051480
1.051483
1.051474
1.051473
1.051471
1.051481
1.051483
1.051461
1.051452
1.051446
1.051467
1.051459
1.051447
1.051430
1.051440
1.051454
1.051471
1.051478
1.051470
1.051470
1.051447
1.051449
1.051444
1.051457
1.051444
1.051419
1.051389
1.051398
1.051401
1.051423
1.051424
1.051413
1.051420
1.051410
1.051419
1.051422
1.051412
1.051423
1.051419
1.051439
1.051411
1.051393
1.051388
1.051420
1.051433
1.051443
1.051455
1.051472
1.051478
1.051467
1.051462
1.051458
1.051460
1.051464
1.051465
1.051472
1.051471
1.051472
1.051478
1.051483
1.051485
1.051483
1.051483
1.051482
1.051480
1.051480
1.051479
1.051477
1.051449
1.051438
1.051429
1.051432
1.051432
1.051428
1.051439
1.051438
1.051445
1.051448
1.051455
1.051456
1.051445
1.051441
1.051441
1.051456
1.051461
1.051472
1.051478
1.051481
1.051479
1.051479
1.051480
1.051484
1.051485
1.051487
1.051478
1.051472
1.051466
1.051452
1.051453
1.051452
1.051471
1.051472
1.051476
1.051479
1.051478
1.051478
1.051478
1.051484
1.051485
1.051481
1.051477
1.051476
1.051472
1.051451
1.051431
1.051421
1.051420
1.051402
1.051389
1.051392
1.051418
1.051440
1.051427
1.051433
1.051433
1.051459
1.051458
1.051456
1.051454
1.051449
1.051438
1.051438
1.051446
1.051462
1.051444
1.051436
1.051423
1.051433
1.051413
1.051420
1.051408
1.051411
1.051391
1.051382
1.051386
1.051406
1.051439
1.051462
1.051459
1.051450
1.051435
1.051419
1.051426
1.051429
1.051429
1.051430
1.051437
1.051465
1.051472
1.051480
1.051482
1.051485
1.051486
1.051485
1.051485
1.051474
1.051471
1.051466
1.051476
1.051460
1.051446
1.051426
1.051438
1.051452
1.051470
1.051477
1.051482
1.051483
1.051485
1.051485
1.051482
1.051482
1.051475
1.051464
1.051454
1.051447
1.051451
1.051446
1.051455
1.051444
1.051441
1.051431
1.051443
1.051452
1.051458
1.051463
1.051470
1.051479
1.051472
1.051470
1.051467
1.051472
1.051470
1.051464
1.051454
1.051456
1.051462
1.051476
1.051476
1.051471
1.051460
1.051459
1.051463
1.051467
1.051464
1.051464
1.051467
1.051465
1.051467
1.051464
1.051467
1.051455
1.051459
1.051456
1.051466
1.051467
1.051465
1.051458
1.051454
1.051463
1.051472
1.051473
1.051475
1.051476
1.051473
1.051453
1.051445
1.051449
1.051468
1.051469
1.051468
1.051461
1.051434
1.051428
1.051429
1.051460
1.051470
1.051460
1.051452
1.051443
1.051455
1.051457
1.051447
1.051439
1.051435
1.051445
1.051443
1.051445
1.051449
1.051463
1.051472
1.051476
1.051472
1.051467
1.051468
1.051474
1.051473
1.051474
1.051469
1.051476
1.051476
1.051483
1.051482
1.051483
1.051483
1.051473
1.051465
1.051462
1.051468
1.051467
1.051460
1.051454
1.051448
1.051436
1.051438
1.051444
1.051461
1.051469
1.051448
1.051443
1.051433
1.051452
1.051444
1.051448
1.051453
1.051459
1.051462
1.051465
1.051476
1.051481
1.051477
1.051477
1.051472
1.051465
1.051463
1.051464
1.051467
1.051461
1.051454
1.051461
1.051452
1.051449
1.051438
1.051441
1.051449
1.051452
1.051447
1.051443
1.051435
1.051451
1.051456
1.051473
1.051469
1.051462
1.051447
1.051439
1.051440
1.051452
1.051461
1.051459
1.051452
1.051456
1.051466
1.051468
1.051459
1.051457
1.051462
1.051468
1.051454
1.051454
1.051454
1.051460
1.051457
1.051459
1.051464
1.051464
1.051465
1.051468
1.051475
1.051474
1.051475
1.051464
1.051465
1.051462
1.051464
1.051453
1.051449
1.051446
1.051457
1.051447
1.051435
1.051408
1.051393
1.051395
1.051390
1.051387
1.051376
1.051401
1.051427
1.051453
1.051454
1.051459
1.051465
1.051477
1.051481
1.051484
1.051486
1.051487
1.051487
1.051481
1.051480
1.051478
1.051484
1.051485
1.051486
1.051484
1.051476
1.051474
1.051468
1.051464
1.051450
1.051453
1.051452
1.051460
1.051458
1.051468
1.051472
1.051462
1.051451
1.051445
1.051444
1.051447
1.051447
1.051456
1.051464
1.051467
1.051468
1.051452
1.051454
1.051453
1.051469
1.051473
1.051481
1.051474
1.051475
1.051474
1.051482
1.051484
1.051486
1.051480
1.051455
1.051442
1.051441
1.051462
1.051473
1.051479
1.051467
1.051461
1.051456
1.051466
1.051465
1.051460
1.051445
1.051447
1.051453
1.051467
1.051462
1.051465
1.051458
1.051465
1.051465
1.051464
1.051442
1.051426
1.051431
1.051450
1.051465
1.051471
1.051472
1.051463
1.051460
1.051462
1.051472
1.051478
1.051473
1.051461
1.051453
1.051458
1.051467
1.051473
1.051468
1.051452
1.051449
1.051449
1.051461
1.051455
1.051458
1.051451
1.051459
1.051463
1.051466
1.051468
1.051465
1.051469
1.051470
1.051475
1.051473
1.051469
1.051468
1.051466
1.051461
1.051447
1.051439
1.051441
1.051446
1.051460
1.051468
1.051477
1.051481
1.051483
1.051485
1.051483
1.051482
1.051478
1.051473
1.051436
1.051424
1.051414
1.051437
1.051446
1.051460
1.051473
1.051479
1.051479
1.051480
1.051479
1.051478
1.051466
1.051465
1.051455
1.051461
1.051460
1.051473
1.051478
1.051482
1.051485
1.051486
1.051476
1.051457
1.051427
1.051427
1.051431
1.051455
1.051456
1.051467
1.051470
1.051478
1.051476
1.051474
1.051460
1.051455
1.051447
1.051459
1.051460
1.051471
1.051473
1.051478
1.051479
1.051471
1.051466
1.051463
1.051471
1.051469
1.051463
1.051457
1.051453
1.051435
1.051425
1.051424
1.051442
1.051449
1.051457
1.051462
1.051473
1.051467
1.051467
1.051466
1.051478
1.051474
1.051471
1.051463
1.051461
1.051455
1.051458
1.051463
1.051467
1.051469
1.051472
1.051479
1.051482
1.051481
1.051482
1.051481
1.051484
1.051469
1.051463
1.051460
1.051473
1.051467
1.051465
1.051463
1.051473
1.051476
1.051479
1.051472
1.051461
1.051443
1.051429
1.051429
1.051435
1.051452
1.051452
1.051450
1.051449
1.051460
1.051474
1.051479
1.051483
1.051485
1.051479
1.051478
1.051477
1.051483
1.051485
1.051478
1.051466
1.051447
1.051449
1.051442
1.051450
1.051449
1.051459
1.051457
1.051459
1.051465
1.051474
1.051478
1.051476
1.051470
1.051464
1.051462
1.051469
1.051473
1.051479
1.051478
1.051480
1.051480
1.051485
1.051486
1.051487
1.051487
1.051484
1.051474
1.051470
1.051470
1.051476
1.051466
1.051460
1.051456
1.051466
1.051459
1.051462
1.051462
1.051473
1.051465
1.051462
1.051463
1.051473
1.051476
1.051470
1.051467
1.051466
1.051465
1.051465
1.051444
1.051441
1.051439
1.051453
1.051461
1.051466
1.051476
1.051476
1.051478
1.051478
1.051473
1.051471
1.051469
1.051479
1.051480
1.051483
1.051484
1.051484
1.051486
1.051487
1.051484
1.051482
1.051478
1.051477
1.051475
1.051473
1.051468
1.051454
1.051446
1.051449
1.051463
1.051475
1.051472
1.051470
1.051464
1.051463
1.051466
1.051468
1.051473
1.051472
1.051462
1.051462
1.051463
1.051477
1.051469
1.051469
1.051467
1.051479
1.051478
1.051476
1.051467
1.051466
1.051468
1.051477
1.051480
1.051480
1.051475
1.051473
1.051470
1.051473
1.051475
1.051480
1.051483
1.051484
1.051485
1.051485
1.051474
1.051470
1.051463
1.051459
1.051456
1.051455
1.051463
1.051467
1.051463
1.051460
1.051456
1.051463
1.051467
1.051464
1.051462
1.051464
1.051471
1.051477
1.051475
1.051463
1.051460
1.051448
1.051449
1.051439
1.051450
1.051456
1.051467
1.051473
1.051479
1.051482
1.051482
1.051480
1.051471
1.051464
1.051462
1.051468
1.051470
1.051469
1.051467
1.051469
1.051474
1.051476
1.051472
1.051470
1.051472
1.051478
1.051481
1.051483
1.051484
1.051480
1.051470
1.051464
1.051465
1.051474
1.051468
1.051465
1.051463
1.051474
1.051479
1.051482
1.051485
1.051482
1.051482
1.051482
1.051485
1.051483
1.051483
1.051483
1.051485
1.051473
1.051471
1.051458
1.051461
1.051456
1.051466
1.051473
1.051480
1.051479
1.051477
1.051476
1.051476
1.051469
1.051466
1.051468
1.051477
1.051478
1.051479
1.051470
1.051466
1.051465
1.051463
1.051465
1.051465
1.051477
1.051479
1.051480
1.051480
1.051481
1.051482
1.051478
1.051471
1.051465
1.051463
1.051465
1.051465
1.051466
1.051469
1.051476
1.051481
1.051484
1.051485
1.051486
1.051482
1.051475
1.051462
1.051455
1.051444
1.051450
1.051456
1.051465
1.051469
1.051469
1.051468
1.051467
1.051469
1.051478
1.051480
1.051478
1.051478
1.051470
1.051468
1.051462
1.051461
1.051465
1.051470
1.051476
1.051473
1.051465
1.051463
1.051467
1.051466
1.051468
1.051465
1.051471
1.051469
1.051468
1.051468
1.051471
1.051476
1.051481
1.051484
1.051485
1.051480
1.051473
1.051462
1.051460
1.051464
1.051471
1.051465
1.051455
1.051446
1.051448
1.051447
1.051447
1.051443
1.051439
1.051446
1.051457
1.051464
1.051465
1.051466
1.051472
1.051472
1.051465
1.051466
1.051469
1.051470
1.051458
1.051455
1.051452
1.051455
1.051456
1.051464
1.051475
1.051477
1.051481
1.051476
1.051477
1.051475
1.051479
1.051480
1.051478
1.051477
1.051471
1.051471
1.051473
1.051478
1.051477
1.051474
1.051465
1.051462
1.051462
1.051465
1.051465
1.051466
1.051471
1.051477
1.051480
1.051478
1.051470
1.051468
1.051468
1.051476
1.051474
1.051466
1.051459
1.051460
1.051469
1.051473
1.051476
1.051475
1.051474
1.051462
1.051462
1.051466
1.051478
1.051479
1.051482
1.051479
1.051481
1.051481
1.051484
1.051484
1.051484
1.051483
1.051479
1.051478
1.051475
1.051473
1.051472
1.051468
1.051458
1.051448
1.051446
1.051458
1.051465
1.051469
1.051467
1.051471
1.051473
1.051478
1.051480
1.051483
1.051483
1.051482
1.051483
1.051484
1.051478
1.051478
1.051475
1.051481
1.051479
1.051481
1.051480
1.051479
1.051479
1.051480
1.051483
1.051481
1.051475
1.051473
1.051473
1.051474
1.051461
1.051458
1.051452
1.051452
1.051452
1.051451
1.051458
1.051451
1.051455
1.051455
1.051460
1.051463
1.051456
1.051457
1.051458
1.051473
1.051478
1.051482
1.051483
1.051482
1.051474
1.051459
1.051453
1.051456
1.051467
1.051466
1.051465
1.051460
1.051461
1.051462
1.051466
1.051472
1.051476
1.051477
1.051472
1.051464
1.051457
1.051456
1.051458
1.051462
1.051466
1.051466
1.051470
1.051473
1.051479
1.051481
1.051477
1.051475
1.051473
1.051478
1.051473
1.051470
1.051464
1.051466
1.051460
1.051458
1.051457
1.051461
1.051468
1.051470
1.051474
1.051475
1.051480
1.051482
1.051484
1.051485
1.051485
1.051486
1.051487
1.051486
1.051474
1.051461
1.051452
1.051459
1.051465
1.051470
1.051475
1.051480
1.051479
1.051474
1.051469
1.051472
1.051477
1.051477
1.051478
1.051478
1.051483
1.051479
1.051479
1.051478
1.051481
1.051480
1.051480
1.051484
1.051485
1.051485
1.051483
1.051477
1.051469
1.051459
1.051454
1.051455
1.051464
1.051467
1.051467
1.051465
1.051470
1.051475
1.051472
1.051472
1.051467
1.051472
1.051474
1.051477
1.051476
1.051476
1.051475
1.051473
1.051470
1.051472
1.051474
1.051471
1.051475
1.051475
1.051479
1.051479
1.051480
1.051478
1.051477
1.051475
1.051480
1.051482
1.051482
1.051481
1.051478
1.051476
1.051465
1.051452
1.051449
1.051456
1.051459
1.051463
1.051464
1.051473
1.051470
1.051471
1.051466
1.051465
1.051461
1.051462
1.051468
1.051474
1.051479
1.051481
1.051478
1.051479
1.051472
1.051472
1.051472
1.051476
1.051473
1.051470
1.051469
1.051469
1.051465
1.051463
1.051461
1.051462
1.051462
1.051470
1.051477
1.051482
1.051480
1.051469
1.051466
1.051466
1.051477
1.051479
1.051477
1.051471
1.051467
1.051472
1.051478
1.051483
1.051485
1.051485
1.051483
1.051481
1.051480
1.051477
1.051477
1.051473
1.051474
1.051474
1.051468
1.051460
1.051457
1.051466
1.051476
1.051479
1.051474
1.051470
1.051469
1.051476
1.051480
1.051481
1.051480
1.051476
1.051473
1.051474
1.051476
1.051467
1.051466
1.051462
1.051469
1.051469
1.051474
1.051479
1.051475
1.051472
1.051472
1.051478
1.051481
1.051477
1.051475
1.051475
1.051480
1.051483
1.051485
1.051485
1.051483
1.051474
1.051473
1.051465
1.051463
1.051452
1.051459
1.051466
1.051477
1.051476
1.051478
1.051478
1.051483
1.051482
1.051479
1.051474
1.051469
1.051461
1.051460
1.051459
1.051466
1.051470
1.051477
1.051478
1.051472
1.051471
1.051473
1.051480
1.051483
1.051483
1.051482
1.051480
1.051478
1.051479
1.051481
1.051484
1.051483
1.051483
1.051484
1.051486
1.051481
1.051480
1.051478
1.051483
1.051482
1.051484
1.051485
1.051484
1.051484
1.051483
1.051484
1.051480
1.051480
1.051481
1.051484
1.051476
1.051462
1.051453
1.051452
1.051457
1.051460
1.051467
1.051474
1.051481
1.051484
1.051481
1.051475
1.051466
1.051468
1.051469
1.051472
1.051465
1.051466
1.051464
1.051470
1.051468
1.051475
1.051477
1.051478
1.051476
1.051475
1.051471
1.051474
1.051474
1.051482
1.051484
1.051483
1.051482
1.051482
1.051483
1.051478
1.051475
1.051475
1.051473
1.051473
1.051470
1.051469
1.051470
1.051471
1.051478
1.051479
1.051481
1.051480
1.051480
1.051483
1.051485
1.051485
1.051484
1.051477
1.051470
1.051465
1.051469
1.051475
1.051481
1.051481
1.051476
1.051471
1.051469
1.051474
1.051478
1.051483
1.051484
1.051478
1.051474
1.051467
1.051463
1.051464
1.051469
1.051479
1.051479
1.051476
1.051474
1.051476
1.051480
1.051478
1.051478
1.051478
1.051484
1.051482
1.051482
1.051480
1.051482
1.051481
1.051483
1.051484
1.051486
1.051486
1.051479
1.051477
1.051474
1.051473
1.051467
1.051468
1.051472
1.051472
1.051473
1.051466
1.051466
1.051465
1.051475
1.051477
1.051479
1.051479
1.051483
1.051484
1.051482
1.051473
1.051468
1.051469
1.051476
1.051482
1.051480
1.051481
1.051481
1.051485
1.051486
1.051485
1.051485
1.051485
1.051484
1.051480
1.051480
1.051481
1.051485
1.051485
1.051486
1.051486
1.051487
1.051487
1.051483
1.051479
1.051473
1.051474
1.051476
1.051480
1.051481
1.051480
1.051475
1.051475
1.051474
1.051475
1.051475
1.051477
1.051476
1.051463
1.051455
1.051453
1.051462
1.051464
1.051466
1.051471
1.051476
1.051475
1.051475
1.051472
1.051476
1.051477
1.051479
1.051478
1.051475
1.051475
1.051470
1.051470
1.051466
1.051472
1.051474
1.051479
1.051478
1.051478
1.051480
1.051484
1.051484
1.051485
1.051485
1.051477
1.051474
1.051470
1.051476
1.051478
1.051481
1.051484
1.051485
1.051475
1.051471
1.051466
1.051473
1.051468
1.051470
1.051472
1.051479
1.051475
1.051477
1.051477
1.051481
1.051475
1.051472
1.051468
1.051469
1.051467
1.051468
1.051472
1.051477
1.051482
1.051482
1.051482
1.051483
1.051482
1.051484
1.051472
1.051462
1.051450
1.051458
1.051464
1.051474
1.051476
1.051481
1.051482
1.051481
1.051477
1.051473
1.051475
1.051477
1.051482
1.051483
1.051485
1.051482
1.051481
1.051479
1.051482
1.051483
1.051485
1.051483
1.051482
1.051480
1.051480
1.051481
1.051483
1.051484
1.051483
1.051476
1.051465
1.051464
1.051461
1.051462
1.051463
1.051466
1.051472
1.051472
1.051477
1.051476
1.051470
1.051460
1.051452
1.051455
1.051461
1.051469
1.051472
1.051476
1.051478
1.051479
1.051475
1.051471
1.051469
1.051472
1.051478
1.051481
1.051483
1.051484
1.051486
1.051484
1.051483
1.051481
1.051479
1.051479
1.051480
1.051484
1.051483
1.051484
1.051483
1.051475
1.051467
1.051460
1.051462
1.051469
1.051475
1.051481
1.051484
1.051485
1.051486
1.051486
1.051484
1.051480
1.051477
1.051476
1.051474
1.051475
1.051477
1.051480
1.051481
1.051482
1.051484
1.051480
1.051478
1.051477
1.051478
1.051474
1.051471
1.051473
1.051477
1.051481
1.051482
1.051473
1.051470
1.051465
1.051471
1.051471
1.051467
1.051466
1.051467
1.051476
1.051472
1.051469
1.051468
1.051476
1.051474
1.051469
1.051462
1.051467
1.051470
1.051474
1.051473
1.051476
1.051479
1.051481
1.051476
1.051476
1.051475
1.051471
1.051463
1.051456
1.051463
1.051470
1.051478
1.051471
1.051466
1.051465
1.051471
1.051463
1.051456
1.051454
1.051466
1.051472
1.051475
1.051466
1.051459
1.051454
1.051463
1.051466
1.051473
1.051473
1.051470
1.051468
1.051468
1.051467
1.051466
1.051465
1.051472
1.051473
1.051476
1.051475
1.051477
1.051477
1.051481
1.051481
1.051476
1.051471
1.051467
1.051466
1.051465
1.051464
1.051460
1.051465
1.051461
1.051467
1.051467
1.051478
1.051479
1.051476
1.051474
1.051476
1.051480
1.051481
1.051481
1.051480
1.051478
1.051476
1.051476
1.051481
1.051484
1.051486
1.051486
1.051482
1.051480
1.051471
1.051463
1.051453
1.051458
1.051465
1.051476
1.051481
1.051481
1.051482
1.051483
1.051483
1.051476
1.051466
1.051464
1.051467
1.051475
1.051477
1.051472
1.051470
1.051466
1.051469
1.051472
1.051478
1.051481
1.051482
1.051482
1.051484
1.051486
1.051484
1.051484
1.051484
1.051486
1.051482
1.051468
1.051462
1.051463
1.051474
1.051471
1.051471
1.051472
1.051480
1.051481
1.051483
1.051484
1.051481
1.051476
1.051471
1.051473
1.051476
1.051479
1.051479
1.051480
1.051478
1.051480
1.051475
1.051475
1.051473
1.051473
1.051471
1.051467
1.051465
1.051466
1.051469
1.051471
1.051463
1.051463
1.051466
1.051476
1.051473
1.051471
1.051470
1.051472
1.051472
1.051464
1.051457
1.051452
1.051459
1.051470
1.051472
1.051476
1.051476
1.051476
1.051472
1.051472
1.051475
1.051477
1.051472
1.051466
1.051461
1.051462
1.051466
1.051472
1.051475
1.051472
1.051472
1.051472
1.051479
1.051480
1.051484
1.051485
1.051483
1.051473
1.051470
1.051470
1.051478
1.051480
1.051484
1.051478
1.051472
1.051465
1.051462
1.051461
1.051458
1.051465
1.051469
1.051478
1.051480
1.051480
1.051479
1.051468
1.051464
1.051463
1.051474
1.051474
1.051466
1.051456
1.051451
1.051453
1.051459
1.051465
1.051467
1.051471
1.051474
1.051478
1.051477
1.051477
1.051480
1.051480
1.051479
1.051476
1.051474
1.051474
1.051470
1.051461
1.051460
1.051459
1.051468
1.051467
1.051474
1.051470
1.051468
1.051461
1.051459
1.051459
1.051464
1.051474
1.051477
1.051475
1.051473
1.051475
1.051480
1.051484
1.051477
1.051472
1.051466
1.051463
1.051463
1.051464
1.051473
1.051476
1.051480
1.051481
1.051484
1.051485
1.051482
1.051476
1.051468
1.051469
1.051473
1.051481
1.051481
1.051479
1.051479
1.051480
1.051484
1.051486
1.051483
1.051477
1.051470
1.051470
1.051470
1.051476
1.051477
1.051475
1.051470
1.051470
1.051476
1.051480
1.051478
1.051478
1.051479
1.051480
1.051472
1.051468
1.051468
1.051475
1.051477
1.051470
1.051465
1.051463
1.051464
1.051466
1.051462
1.051462
1.051458
1.051463
1.051469
1.051476
1.051479
1.051477
1.051476
1.051470
1.051466
1.051456
1.051449
1.051454
1.051463
1.051471
1.051469
1.051468
1.051472
1.051477
1.051480
1.051482
1.051484
1.051481
1.051479
1.051476
1.051477
1.051476
1.051479
1.051482
1.051484
1.051485
1.051485
1.051486
1.051486
1.051480
1.051468
1.051462
1.051465
1.051475
1.051479
1.051480
1.051478
1.051477
1.051470
1.051470
1.051471
1.051478
1.051471
1.051471
1.051466
1.051466
1.051467
1.051472
1.051480
1.051483
1.051481
1.051479
1.051476
1.051476
1.051474
1.051473
1.051464
1.051459
1.051457
1.051463
1.051470
1.051474
1.051479
1.051478
1.051478
1.051479
1.051480
1.051482
1.051476
1.051476
1.051475
1.051481
1.051484
1.051484
1.051480
1.051480
1.051471
1.051470
1.051467
1.051467
1.051469
1.051472
1.051480
1.051472
1.051469
1.051465
1.051472
1.051477
1.051481
1.051484
1.051485
1.051482
1.051478
1.051474
1.051475
1.051478
1.051481
1.051482
1.051482
1.051483
1.051485
1.051485
1.051485
1.051485
1.051487
1.051482
1.051478
1.051474
1.051477
1.051479
1.051481
1.051476
1.051474
1.051469
1.051467
1.051466
1.051470
1.051474
1.051478
1.051474
1.051465
1.051463
1.051463
1.051472
1.051472
1.051475
1.051478
1.051481
1.051482
1.051473
1.051473
1.051471
1.051472
1.051472
1.051471
1.051473
1.051463
1.051460
1.051459
1.051467
1.051472
1.051479
1.051482
1.051482
1.051482
1.051483
1.051486
1.051486
1.051487
1.051486
1.051481
1.051476
1.051473
1.051476
1.051479
1.051473
1.051467
1.051462
1.051465
1.051470
1.051475
1.051481
1.051479
1.051480
1.051480
1.051479
1.051478
1.051477
1.051482
1.051484
1.051486
1.051483
1.051482
1.051478
1.051475
1.051475
1.051477
1.051482
1.051480
1.051478
1.051477
1.051480
1.051479
1.051472
1.051459
1.051454
1.051455
1.051463
1.051471
1.051477
1.051481
1.051483
1.051480
1.051479
1.051476
1.051479
1.051476
1.051478
1.051478
1.051478
1.051479
1.051477
1.051482
1.051483
1.051481
1.051478
1.051474
1.051476
1.051476
1.051479
1.051480
1.051479
1.051474
1.051462
1.051457
1.051459
1.051470
1.051473
1.051475
1.051477
1.051481
1.051477
1.051475
1.051472
1.051477
1.051480
1.051482
1.051484
1.051485
1.051481
1.051480
1.051478
1.051481
1.051477
1.051470
1.051469
1.051473
1.051480
1.051483
1.051484
1.051485
1.051482
1.051476
1.051472
1.051470
1.051466
1.051468
1.051470
1.051476
1.051478
1.051478
1.051480
1.051476
1.051476
1.051477
1.051480
1.051483
1.051484
1.051479
1.051476
1.051472
1.051477
1.051478
1.051474
1.051472
1.051474
1.051473
1.051474
1.051467
1.051460
1.051458
1.051463
1.051477
1.051481
1.051475
1.051472
1.051468
1.051474
1.051473
1.051472
1.051474
1.051477
1.051482
1.051480
1.051479
1.051475
1.051473
1.051472
1.051470
1.051471
1.051464
1.051462
1.051466
1.051472
1.051476
1.051472
1.051471
1.051473
1.051478
1.051481
1.051483
1.051484
1.051481
1.051481
1.051481
1.051485
1.051483
1.051483
1.051483
1.051486
1.051486
1.051487
1.051482
1.051481
1.051479
1.051481
1.051481
1.051477
1.051480
1.051479
1.051483
1.051475
1.051473
1.051473
1.051473
1.051470
1.051465
1.051464
1.051467
1.051464
1.051467
1.051467
1.051468
1.051455
1.051448
1.051451
1.051468
1.051474
1.051475
1.051467
1.051465
1.051458
1.051465
1.051466
1.051476
1.051473
1.051473
1.051470
1.051471
1.051473
1.051474
1.051478
1.051479
1.051483
1.051485
1.051486
1.051487
1.051487
1.051487
1.051487
1.051488
1.051488
1.051487
1.051487
1.051487
1.051487
1.051478
1.051468
1.051457
1.051462
1.051460
1.051463
1.051463
1.051472
1.051478
1.051480
1.051478
1.051474
1.051472
1.051474
1.051478
1.051482
1.051483
1.051482
1.051480
1.051479
1.051475
1.051476
1.051475
1.051477
1.051471
1.051469
1.051471
1.051475
1.051480
1.051480
1.051480
1.051476
1.051476
1.051474
1.051477
1.051479
1.051483
1.051483
1.051483
1.051484
1.051485
1.051482
1.051474
1.051467
1.051466
1.051468
1.051472
1.051475
1.051480
1.051481
1.051483
1.051482
1.051474
1.051465
1.051461
1.051466
1.051473
1.051480
1.051482
1.051482
1.051481
1.051479
1.051478
1.051477
1.051479
1.051481
1.051479
1.051479
1.051475
1.051475
1.051471
1.051459
1.051456
1.051453
1.051465
1.051468
1.051469
1.051464
1.051460
1.051463
1.051468
1.051472
1.051470
1.051471
1.051475
1.051480
1.051484
1.051478
1.051476
1.051470
1.051474
1.051473
1.051478
1.051479
1.051479
1.051479
1.051480
1.051485
1.051485
1.051485
1.051485
1.051485
1.051485
1.051475
1.051468
1.051466
1.051475
1.051481
1.051484
1.051485
1.051484
1.051484
1.051483
1.051484
1.051484
1.051477
1.051477
1.051476
1.051480
1.051477
1.051473
1.051469
1.051468
1.051468
1.051472
1.051476
1.051479
1.051474
1.051470
1.051462
1.051465
1.051466
1.051474
1.051478
1.051481
1.051481
1.051480
1.051477
1.051475
1.051473
1.051476
1.051479
1.051483
1.051483
1.051483
1.051480
1.051473
1.051470
1.051471
1.051479
1.051481
1.051482
1.051483
1.051486
1.051486
1.051487
1.051487
1.051483
1.051482
1.051482
1.051484
1.051483
1.051476
1.051470
1.051466
1.051467
1.051472
1.051476
1.051482
1.051480
1.051477
1.051466
1.051460
1.051461
1.051467
1.051468
1.051464
1.051456
1.051458
1.051462
1.051473
1.051477
1.051477
1.051472
1.051464
1.051457
1.051462
1.051469
1.051478
1.051476
1.051476
1.051474
1.051477
1.051470
1.051471
1.051468
1.051472
1.051467
1.051468
1.051470
1.051476
1.051479
1.051483
1.051484
1.051486
1.051487
1.051485
1.051485
1.051484
1.051480
1.051468
1.051461
1.051463
1.051471
1.051475
1.051478
1.051474
1.051473
1.051469
1.051471
1.051474
1.051477
1.051482
1.051484
1.051477
1.051477
1.051475
1.051482
1.051482
1.051476
1.051466
1.051458
1.051458
1.051467
1.051475
1.051478
1.051471
1.051465
1.051465
1.051473
1.051480
1.051483
1.051484
1.051479
1.051475
1.051466
1.051466
1.051467
1.051459
1.051461
1.051460
1.051467
1.051464
1.051466
1.051474
1.051476
1.051467
1.051467
1.051468
1.051477
1.051471
1.051469
1.051461
1.051458
1.051448
1.051448
1.051452
1.051462
1.051470
1.051469
1.051472
1.051474
1.051479
1.051478
1.051475
1.051477
1.051480
1.051484
1.051479
1.051475
1.051471
1.051476
1.051480
1.051482
1.051476
1.051470
1.051468
1.051474
1.051480
1.051483
1.051485
1.051482
1.051481
1.051480
1.051482
1.051482
1.051483
1.051486
1.051485
1.051481
1.051478
1.051476
1.051478
1.051480
1.051480
1.051478
1.051478
1.051480
1.051484
1.051476
1.051475
1.051473
1.051481
1.051481
1.051480
1.051479
1.051480
1.051483
1.051482
1.051482
1.051481
1.051482
1.051480
1.051477
1.051476
1.051476
1.051479
1.051476
1.051478
1.051478
1.051483
1.051483
1.051484
1.051485
1.051484
1.051484
1.051472
1.051463
1.051455
1.051461
1.051468
1.051474
1.051481
1.051483
1.051484
1.051484
1.051483
1.051481
1.051481
1.051481
1.051482
1.051480
1.051481
1.051481
1.051482
1.051481
1.051480
1.051481
1.051483
1.051485
1.051486
1.051487
1.051487
1.051487
1.051477
1.051474
1.051470
1.051476
1.051478
1.051477
1.051475
1.051466
1.051467
1.051471
1.051478
1.051477
1.051472
1.051473
1.051461
1.051458
1.051455
1.051469
1.051477
1.051482
1.051484
1.051479
1.051478
1.051476
1.051478
1.051470
1.051470
1.051471
1.051478
1.051474
1.051476
1.051476
1.051479
1.051477
1.051470
1.051464
1.051458
1.051464
1.051468
1.051475
1.051476
1.051477
1.051479
1.051481
1.051484
1.051485
1.051486
1.051486
1.051486
1.051484
1.051481
1.051481
1.051478
1.051467
1.051462
1.051461
1.051473
1.051477
1.051480
1.051481
1.051482
1.051485
1.051486
1.051487
1.051485
1.051483
1.051480
1.051481
1.051479
1.051477
1.051472
1.051472
1.051470
1.051474
1.051478
1.051480
1.051480
1.051481
1.051481
1.051477
1.051474
1.051474
1.051480
1.051483
1.051485
1.051485
1.051484
1.051481
1.051469
1.051461
1.051453
1.051459
1.051467
1.051476
1.051481
1.051477
1.051474
1.051472
1.051479
1.051480
1.051478
1.051477
1.051479
1.051484
1.051484
1.051479
1.051472
1.051466
1.051463
1.051467
1.051473
1.051477
1.051473
1.051474
1.051473
1.051472
1.051462
1.051463
1.051465
1.051472
1.051473
1.051477
1.051482
1.051484
1.051486
1.051479
1.051476
1.051474
1.051479
1.051473
1.051473
1.051472
1.051480
1.051477
1.051473
1.051469
1.051471
1.051474
1.051476
1.051473
1.051463
1.051462
1.051465
1.051475
1.051475
1.051478
1.051478
1.051482
1.051481
1.051482
1.051481
1.051483
1.051485
1.051479
1.051477
1.051472
1.051476
1.051474
1.051476
1.051471
1.051465
1.051450
1.051454
1.051461
1.051476
1.051480
1.051478
1.051478
1.051477
1.051477
1.051476
1.051469
1.051470
1.051464
1.051471
1.051475
1.051481
1.051484
1.051485
1.051482
1.051479
1.051476
1.051479
1.051478
1.051477
1.051476
1.051478
1.051483
1.051485
1.051486
1.051487
1.051487
1.051483
1.051480
1.051478
1.051481
1.051483
1.051484
1.051485
1.051479
1.051477
1.051476
1.051481
1.051476
1.051469
1.051463
1.051465
1.051471
1.051469
1.051468
1.051463
1.051470
1.051475
1.051482
1.051483
1.051480
1.051476
1.051472
1.051472
1.051473
1.051476
1.051480
1.051483
1.051485
1.051486
1.051487
1.051487
1.051487
1.051487
1.051488
1.051488
1.051488
1.051488
1.051488
1.051488
1.051488
1.051488
1.051488
1.051488
1.051488
1.051488
1.051488
1.051488
1.051488
1.051488
1.051488
1.051488
1.051488
1.051488
1.051488
1.051488
1.051488
1.051488
1.051488
1.051488
1.051488
1.051488
1.051488
1.051488
1.051488
1.051488
1.051488
1.051488
1.051488
1.051488
1.051488
1.051488
1.051488
1.051488
1.051488
1.051488
1.051488
1.051488
1.051488
1.051488
1.051488
1.051488
1.051488
1.051488
1.051488
1.051488
1.051488
1.051488
1.051488
1.051488
1.051488
1.051488
1.051488
1.051488
1.051488
1.051488
1.051488
1.051488
1.051488
1.051488
1.051488
1.051488
1.051488
1.051488
1.051488
1.051488
1.051488
1.051488
1.051488
1.051488
1.051488
1.051488
1.051488
1.051488
1.051488
1.051488
1.051488
1.051488
1.051488
1.051488
1.051488
1.051488
1.051488
1.051488
1.051488
1.051488
1.051488
1.051488
1.051488
1.051488
1.051488
1.051488
1.051488
1.051488
1.051488
1.051488
1.051488
1.051488
1.051488
1.051488
1.051488
1.051488
1.051488
1.051488
1.051488
1.051488
1.051488
1.051488
1.051488
1.051488
1.051488
1.051488
1.051488
1.051488
1.051488
1.051488
1.051488
1.051488
1.051488
1.051488
1.051488
1.051488
1.051488
1.051488
1.051488
1.051488
1.051488
1.051488
1.051488
1.051488
1.051488
1.051488
1.051488
