кэВ    имп*м^2/с
0.022318
0.003898
0.009899
0.007678
0.008018
0.005822
0.005968
0.006178
0.006642
0.007225
0.007861
0.008470
0.009011
0.009482
0.009890
0.010231
0.010473
0.010601
0.010609
0.010508
0.010309
0.010025
0.009703
0.009398
0.009169
0.009041
0.008994
0.008993
0.008989
0.008959
0.008879
0.008743
0.008551
0.008317
0.008050
0.007755
0.007433
0.007093
0.006808
0.009013
0.008682
0.008791
0.009578
0.011317
0.010656
0.013736
0.018594
0.025147
0.033416
0.043564
0.055745
0.069867
0.085874
0.103924
0.124466
0.147510
0.163685
0.188611
0.214479
0.240914
0.267960
0.294914
0.322249
0.349997
0.377970
0.405840
0.433071
0.458447
0.481248
0.500634
0.516342
0.528248
0.536838
0.542476
0.545797
0.547173
0.547650
0.547401
0.546746
0.545598
0.544270
0.542708
0.541249
0.539025
0.536162
0.532222
0.527374
0.522155
0.517214
0.514557
0.510840
0.509929
0.510233
0.511897
0.514781
0.518624
0.523365
0.528998
0.535540
0.542286
0.549375
0.556413
0.563567
0.570673
0.577904
0.585565
0.591671
0.598605
0.605802
0.613552
0.621331
0.628920
0.636855
0.645292
0.652671
0.659879
0.665068
0.669966
0.674875
0.680413
0.686731
0.693417
0.699721
0.706073
0.711336
0.715572
0.719101
0.721522
0.724148
0.727018
0.729931
0.732740
0.734849
0.736197
0.736823
0.737162
0.737605
0.738069
0.739301
0.738412
0.737478
0.736152
0.735076
0.735108
0.733664
0.733629
0.733306
0.733450
0.733474
0.733377
0.732294
0.730795
0.729235
0.726716
0.725387
0.722851
0.721482
0.720422
0.719279
0.717687
0.715637
0.713509
0.711844
0.710796
0.709890
0.708819
0.707459
0.706131
0.703900
0.702127
0.702217
0.699707
0.699075
0.698531
0.698711
0.699050
0.699906
0.700897
0.702543
0.704322
0.706827
0.709902
0.713003
0.716350
0.717994
0.719442
0.719537
0.719041
0.718432
0.716568
0.714213
0.710542
0.706241
0.702289
0.695687
0.690208
0.685254
0.680187
0.674579
0.667632
0.659847
0.651822
0.644025
0.636563
0.629435
0.622705
0.615324
0.608349
0.600997
0.594244
0.586276
0.579463
0.572954
0.566613
0.560262
0.554036
0.548876
0.541974
0.536309
0.531549
0.526350
0.521392
0.516359
0.510904
0.505208
0.499184
0.493762
0.488397
0.483448
0.477958
0.472954
0.467658
0.462507
0.457489
0.452853
0.447068
0.442947
0.438609
0.434173
0.430439
0.426755
0.421771
0.417439
0.413434
0.408928
0.404433
0.399835
0.395439
0.390971
0.385775
0.380350
0.374552
0.368974
0.363713
0.359225
0.354598
0.350654
0.346660
0.342532
0.339348
0.335361
0.331302
0.327273
0.323263
0.319450
0.315966
0.312503
0.309050
0.305498
0.302055
0.298282
0.295175
0.292186
0.289208
0.286245
0.284301
0.280384
0.281216
0.274803
0.272003
0.269323
0.266679
0.264157
0.264137
0.258501
0.255736
0.252903
0.250017
0.247221
0.244620
0.242128
0.239944
0.237291
0.234934
0.232955
0.231365
0.228991
0.227031
0.232662
0.230284
0.228094
0.217162
0.214695
0.213182
0.210242
0.208172
0.205854
0.203602
0.201712
0.209084
0.207472
0.206070
0.204718
0.203238
0.201559
0.199688
0.197692
0.195662
0.193714
0.191970
0.190558
0.189452
0.188507
0.187461
0.186195
0.184716
0.183161
0.181614
0.180108
0.178625
0.177185
0.175850
0.174750
0.173948
0.173440
0.173059
0.172698
0.172242
0.171616
0.170829
0.169901
0.168793
0.167609
0.166403
0.165319
0.164355
0.163543
0.162816
0.162191
0.161566
0.160878
0.160049
0.159138
0.158223
0.157377
0.156591
0.155888
0.155279
0.154787
0.154334
0.153824
0.153135
0.152323
0.151560
0.151111
0.151035
0.151274
0.151583
0.151805
0.151784
0.151514
0.151035
0.150420
0.149691
0.148737
0.147729
0.146567
0.145493
0.144580
0.143916
0.143456
0.143138
0.142832
0.142395
0.141752
0.140930
0.140057
0.139320
0.138814
0.138596
0.138539
0.138575
0.138609
0.138697
0.138848
0.139067
0.139306
0.139507
0.139687
0.139814
0.139893
0.139840
0.139688
0.139508
0.139425
0.139461
0.139518
0.139487
0.139301
0.139033
0.138731
0.138440
0.138083
0.137610
0.137008
0.136414
0.135931
0.135631
0.135405
0.135245
0.135050
0.134890
0.134681
0.134503
0.134317
0.134175
0.134074
0.134029
0.134106
0.134255
0.134501
0.134728
0.134966
0.135133
0.135250
0.135233
0.135085
0.134767
0.134348
0.133896
0.133539
0.133289
0.133086
0.132785
0.132343
0.131734
0.131026
0.130219
0.129409
0.128621
0.127940
0.127327
0.126776
0.126196
0.125583
0.124903
0.124182
0.123378
0.122507
0.121568
0.120598
0.119616
0.118630
0.117620
0.116522
0.115240
0.113718
0.111970
0.110105
0.108211
0.106320
0.104416
0.102467
0.100491
0.098468
0.096365
0.094098
0.091637
0.089008
0.086265
0.083456
0.080617
0.077846
0.075251
0.072919
0.070835
0.068969
0.067245
0.065626
0.064167
0.062951
0.062049
0.061387
0.060859
0.060317
0.059762
0.059196
0.058667
0.058110
0.057561
0.057064
0.056752
0.056633
0.056691
0.056792
0.056828
0.056637
0.056188
0.055505
0.054766
0.054119
0.053674
0.053390
0.053161
0.052859
0.052396
0.051708
0.050843
0.049887
0.049010
0.048335
0.047866
0.047526
0.047167
0.046769
0.046337
0.045961
0.045637
0.045388
0.045195
0.045048
0.044904
0.044749
0.044596
0.044467
0.044374
0.044283
0.044154
0.043942
0.043636
0.043308
0.043006
0.042785
0.042592
0.042419
0.042240
0.042068
0.041904
0.041729
0.041556
0.041379
0.041218
0.041061
0.040951
0.040904
0.040922
0.040921
0.040869
0.040753
0.040656
0.040568
0.040514
0.040432
0.040321
0.040139
0.039917
0.039683
0.039513
0.039408
0.039375
0.039357
0.039378
0.039460
0.039661
0.039933
0.040200
0.040336
0.040330
0.040163
0.039909
0.039587
0.039245
0.038903
0.038561
0.038249
0.037951
0.037674
0.037443
0.037297
0.037293
0.037378
0.037492
0.037521
0.037463
0.037316
0.037141
0.036983
0.036929
0.037005
0.037197
0.037421
0.037628
0.037788
0.037939
0.038136
0.038433
0.038807
0.039176
0.039439
0.039589
0.039648
0.039685
0.039717
0.039805
0.039974
0.040249
0.040630
0.041140
0.041820
0.042665
0.043659
0.044763
0.045995
0.047292
0.048630
0.049925
0.051187
0.052420
0.053651
0.054866
0.055983
0.056942
0.057731
0.058437
0.059195
0.060075
0.061086
0.062241
0.063705
0.065672
0.068242
0.071426
0.075233
0.079796
0.085233
0.091732
0.099477
0.108636
0.119328
0.131806
0.146591
0.164119
0.184346
0.206817
0.231061
0.256661
0.282795
0.308061
0.330695
0.349042
0.361789
0.367999
0.367052
0.358715
0.343363
0.322141
0.296525
0.267911
0.237488
0.206611
0.176715
0.148980
0.124070
0.102287
0.083659
0.068051
0.055158
0.044692
0.036316
0.029688
0.024410
0.020185
0.016792
0.014107
0.012005
0.010375
0.009100
0.008090
0.007269
0.006613
0.006089
0.005689
0.006492
0.006152
0.005920
0.005757
0.005627
0.005534
0.005486
0.005505
0.005572
0.005648
0.005677
0.005643
0.005584
0.005564
0.005612
0.005704
0.005781
0.005805
0.005774
0.005723
0.005661
0.005576
0.005430
0.005246
0.005064
0.004945
0.004889
0.004891
0.004923
0.004958
0.004990
0.005015
0.005062
0.005113
0.005156
0.005147
0.005076
0.004943
0.004790
0.004657
0.004569
0.004520
0.004495
0.004494
0.004496
0.004505
0.004500
0.004514
0.004530
0.004556
0.004567
0.004609
0.004690
0.004815
0.004905
0.004951
0.004932
0.004896
0.004834
0.004767
0.004692
0.004620
0.004556
0.004510
0.004482
0.004471
0.004476
0.004526
0.004621
0.004751
0.004840
0.004870
0.004837
0.004785
0.004699
0.004576
0.004414
0.004265
0.004164
0.004128
0.004129
0.004141
0.004133
0.004092
0.004027
0.003951
0.003893
0.003850
0.003820
0.003786
0.003748
0.003703
0.003669
0.003653
0.003675
0.003736
0.003822
0.003905
0.003957
0.003982
0.003981
0.003967
0.003933
0.003894
0.003855
0.003834
0.003848
0.003916
0.004044
0.004190
0.004317
0.004390
0.004428
0.004439
0.004444
0.004431
0.004405
0.004356
0.004278
0.004162
0.004012
0.003859
0.003720
0.003625
0.003573
0.003593
0.003664
0.003765
0.003846
0.003883
0.003876
0.003847
0.003827
0.003828
0.003860
0.003919
0.003993
0.004052
0.004053
0.003988
0.003878
0.003776
0.003709
0.003672
0.003638
0.003597
0.003527
0.003420
0.003256
0.003088
0.002959
0.002902
0.002881
0.002849
0.002803
0.002757
0.002737
0.002713
0.002677
0.002629
0.002611
0.002653
0.002770
0.002953
0.003182
0.003415
0.003600
0.003705
0.003734
0.003719
0.003686
0.003652
0.003628
0.003607
0.003579
0.003500
0.003368
0.003198
0.003062
0.003012
0.003079
0.003220
0.003373
0.003477
0.003501
0.003464
0.003395
0.003358
0.003360
0.003398
0.003432
0.003446
0.003444
0.003428
0.003413
0.003382
0.003349
0.003325
0.003342
0.003394
0.003443
0.003454
0.003419
0.003372
0.003331
0.003310
0.003293
0.003283
0.003262
0.003253
0.003261
0.003323
0.003410
0.003515
0.003595
0.003652
0.003669
0.003650
0.003593
0.003509
0.003423
0.003366
0.003354
0.003378
0.003399
0.003397
0.003386
0.003390
0.003406
0.003399
0.003342
0.003248
0.003151
0.003088
0.003076
0.003102
0.003138
0.003138
0.003090
0.002996
0.002904
0.002835
0.002800
0.002792
0.002807
0.002855
0.002925
0.003010
0.003089
0.003149
0.003191
0.003214
0.003241
0.003272
0.003332
0.003416
0.003530
0.003639
0.003730
0.003794
0.003843
0.003879
0.003890
0.003893
0.003907
0.003978
0.004086
0.004207
0.004297
0.004356
0.004403
0.004466
0.004561
0.004668
0.004757
0.004798
0.004780
0.004721
0.004634
0.004565
0.004515
0.004485
0.004420
0.004300
0.004134
0.003971
0.003845
0.003756
0.003694
0.003653
0.003624
0.003600
0.003560
0.003519
0.003490
0.003499
0.003521
0.003538
0.003528
0.003517
0.003519
0.003561
0.003636
0.003731
0.003820
0.003876
0.003886
0.003837
0.003758
0.003677
0.003631
0.003608
0.003570
0.003502
0.003419
0.003367
0.003333
0.003297
0.003218
0.003123
0.003045
0.003024
0.003044
0.003076
0.003081
0.003053
0.003012
0.002989
0.003005
0.003048
0.003098
0.003133
0.003166
0.003221
0.003309
0.003414
0.003493
0.003534
0.003533
0.003524
0.003524
0.003553
0.003593
0.003625
0.003632
0.003618
0.003593
0.003565
0.003542
0.003534
0.003548
0.003595
0.003658
0.003721
0.003748
0.003734
0.003674
0.003590
0.003511
0.003459
0.003444
0.003453
0.003472
0.003499
0.003535
0.003580
0.003641
0.003708
0.003773
0.003809
0.003813
0.003778
0.003716
0.003632
0.003554
0.003489
0.003458
0.003444
0.003458
0.003473
0.003486
0.003465
0.003411
0.003328
0.003251
0.003200
0.003185
0.003172
0.003139
0.003067
0.002979
0.002893
0.002842
0.002834
0.002871
0.002926
0.002980
0.003008
0.003007
0.002969
0.002905
0.002815
0.002712
0.002606
0.002516
0.002452
0.002401
0.002339
0.002237
0.002090
0.001900
0.001682
0.001458
0.001253
0.001089
0.000978
0.000926
0.000935
0.000993
0.001090
0.001196
0.001320
0.001462
0.001658
0.001901
0.002187
0.002473
0.002744
0.002982
0.003189
0.003365
0.003521
0.003660
0.003781
0.003862
0.003886
0.003851
0.003787
0.003723
0.003673
0.003619
0.003550
0.003462
0.003384
0.003342
0.003354
0.003408
0.003475
0.003531
0.003564
0.003577
0.003569
0.003546
0.003517
0.003495
0.003493
0.003507
0.003524
0.003524
0.003503
0.003483
0.003488
0.003542
0.003626
0.003708
0.003742
0.003721
0.003666
0.003615
0.003570
0.003523
0.003452
0.003374
0.003302
0.003260
0.003252
0.003278
0.003333
0.003408
0.003498
0.003588
0.003660
0.003689
0.003671
0.003610
0.003524
0.003420
0.003322
0.003250
0.003229
0.003244
0.003286
0.003341
0.003417
0.003506
0.003586
0.003623
0.003607
0.003547
0.003463
0.003374
0.003284
0.003200
0.003123
0.003063
0.003010
0.002955
0.002879
0.002777
0.002659
0.002547
0.002456
0.002387
0.002330
0.002274
0.002213
0.002141
0.002070
0.002009
0.001987
0.002005
0.002065
0.002140
0.002214
0.002280
0.002340
0.002416
0.002505
0.002608
0.002706
0.002799
0.002875
0.002926
0.002948
0.002953
0.002962
0.002987
0.003022
0.003053
0.003070
0.003084
0.003098
0.003111
0.003100
0.003065
0.003005
0.002948
0.002897
0.002864
0.002828
0.002785
0.002722
0.002641
0.002540
0.002423
0.002310
0.002220
0.002176
0.002175
0.002210
0.002244
0.002256
0.002229
0.002176
0.002103
0.002030
0.001963
0.001914
0.001875
0.001844
0.001821
0.001808
0.001801
0.001785
0.001761
0.001742
0.001737
0.001745
0.001758
0.001782
0.001818
0.001863
0.001908
0.001948
0.001981
0.002000
0.002005
0.002002
0.001996
0.001992
0.001978
0.001948
0.001904
0.001861
0.001834
0.001820
0.001822
0.001834
0.001861
0.001889
0.001912
0.001920
0.001927
0.001931
0.001933
0.001922
0.001905
0.001881
0.001853
0.001823
0.001792
0.001763
0.001738
0.001723
0.001708
0.001687
0.001653
0.001616
0.001579
0.001552
0.001534
0.001531
0.001532
0.001529
0.001516
0.001502
0.001487
0.001472
0.001448
0.001425
0.001413
0.001432
0.001471
0.001513
0.001526
0.001505
0.001459
0.001418
0.001383
0.001355
0.001317
0.001274
0.001229
0.001199
0.001186
0.001199
0.001227
0.001260
0.001267
0.001246
0.001204
0.001186
0.001209
0.001279
0.001366
0.001447
0.001501
0.001527
0.001538
0.001553
0.001581
0.001611
0.001623
0.001614
0.001590
0.001568
0.001554
0.001565
0.001597
0.001644
0.001685
0.001704
0.001698
0.001674
0.001646
0.001622
0.001595
0.001549
0.001481
0.001407
0.001361
0.001364
0.001413
0.001486
0.001554
0.001600
0.001621
0.001626
0.001623
0.001607
0.001576
0.001528
0.001479
0.001440
0.001427
0.001442
0.001487
0.001558
0.001636
0.001698
0.001714
0.001681
0.001618
0.001554
0.001513
0.001489
0.001473
0.001448
0.001411
0.001361
0.001307
0.001259
0.001228
0.001215
0.001216
0.001232
0.001260
0.001303
0.001347
0.001385
0.001408
0.001413
0.001405
0.001398
0.001408
0.001426
0.001432
0.001417
0.001393
0.001386
0.001408
0.001448
0.001491
0.001527
0.001562
0.001606
0.001662
0.001722
0.001763
0.001768
0.001731
0.001680
0.001646
0.001654
0.001702
0.001769
0.001830
0.001868
0.001883
0.001892
0.001923
0.001974
0.002041
0.002108
0.002184
0.002277
0.002386
0.002497
0.002602
0.002698
0.002795
0.002901
0.003020
0.003142
0.003263
0.003379
0.003499
0.003608
0.003686
0.003709
0.003676
0.003606
0.003521
0.003426
0.003310
0.003160
0.002974
0.002758
0.002528
0.002294
0.002074
0.001882
0.001727
0.001611
0.001514
0.001429
0.001342
0.001258
0.001178
0.001117
0.001084
0.001076
0.001080
0.001092
0.001112
0.001145
0.001181
0.001216
0.001238
0.001253
0.001254
0.001252
0.001244
0.001231
0.001201
0.001156
0.001102
0.001057
0.001030
0.001027
0.001037
0.001047
0.001044
0.001019
0.000978
0.000933
0.000909
0.000911
0.000933
0.000958
0.000975
0.000976
0.000958
0.000920
0.000872
0.000829
0.000813
0.000825
0.000858
0.000887
0.000907
0.000913
0.000917
0.000917
0.000915
0.000903
0.000881
0.000854
0.000836
0.000832
0.000843
0.000859
0.000875
0.000883
0.000886
0.000877
0.000860
0.000837
0.000817
0.000803
0.000793
0.000776
0.000752
0.000723
0.000703
0.000687
0.000680
0.000676
0.000688
0.000712
0.000751
0.000784
0.000802
0.000802
0.000801
0.000811
0.000822
0.000827
0.000818
0.000810
0.000801
0.000797
0.000795
0.000805
0.000836
0.000878
0.000923
0.000950
0.000962
0.000954
0.000941
0.000926
0.000925
0.000941
0.000974
0.001014
0.001054
0.001097
0.001151
0.001214
0.001276
0.001320
0.001349
0.001374
0.001415
0.001470
0.001531
0.001589
0.001636
0.001671
0.001680
0.001678
0.001672
0.001686
0.001706
0.001726
0.001726
0.001711
0.001668
0.001615
0.001556
0.001506
0.001456
0.001398
0.001324
0.001253
0.001201
0.001182
0.001187
0.001197
0.001183
0.001136
0.001057
0.000965
0.000876
0.000797
0.000731
0.000678
0.000638
0.000610
0.000591
0.000582
0.000585
0.000600
0.000626
0.000652
0.000672
0.000674
0.000657
0.000620
0.000584
0.000559
0.000559
0.000575
0.000601
0.000617
0.000621
0.000610
0.000597
0.000581
0.000569
0.000556
0.000545
0.000532
0.000514
0.000491
0.000468
0.000453
0.000444
0.000441
0.000444
0.000459
0.000491
0.000529
0.000558
0.000571
0.000573
0.000576
0.000585
0.000594
0.000597
0.000584
0.000558
0.000521
0.000488
0.000466
0.000465
0.000487
0.000529
0.000568
0.000593
0.000601
0.000600
0.000592
0.000574
0.000541
0.000502
0.000466
0.000446
0.000441
0.000448
0.000460
0.000464
0.000458
0.000450
0.000459
0.000491
0.000539
0.000583
0.000614
0.000627
0.000623
0.000602
0.000572
0.000540
0.000508
0.000477
0.000449
0.000431
0.000425
0.000434
0.000453
0.000480
0.000503
0.000521
0.000531
0.000544
0.000554
0.000561
0.000556
0.000544
0.000533
0.000530
0.000535
0.000546
0.000565
0.000591
0.000628
0.000664
0.000693
0.000707
0.000717
0.000727
0.000747
0.000769
0.000785
0.000784
0.000764
0.000724
0.000682
0.000649
0.000637
0.000637
0.000643
0.000648
0.000652
0.000650
0.000637
0.000616
0.000589
0.000564
0.000545
0.000542
0.000559
0.000596
0.000645
0.000690
0.000713
0.000713
0.000700
0.000702
0.000723
0.000762
0.000796
0.000819
0.000821
0.000814
0.000796
0.000776
0.000748
0.000718
0.000685
0.000660
0.000645
0.000647
0.000660
0.000683
0.000700
0.000708
0.000706
0.000706
0.000714
0.000728
0.000739
0.000736
0.000719
0.000693
0.000659
0.000619
0.000573
0.000531
0.000502
0.000491
0.000495
0.000502
0.000498
0.000485
0.000469
0.000462
0.000461
0.000465
0.000479
0.000512
0.000562
0.000611
0.000643
0.000653
0.000655
0.000657
0.000664
0.000668
0.000668
0.000662
0.000652
0.000642
0.000633
0.000628
0.000625
0.000624
0.000628
0.000643
0.000665
0.000688
0.000702
0.000704
0.000693
0.000673
0.000648
0.000619
0.000591
0.000565
0.000544
0.000527
0.000515
0.000509
0.000506
0.000499
0.000478
0.000446
0.000413
0.000397
0.000401
0.000418
0.000435
0.000454
0.000475
0.000500
0.000524
0.000549
0.000574
0.000601
0.000624
0.000643
0.000652
0.000642
0.000616
0.000575
0.000540
0.000518
0.000519
0.000537
0.000567
0.000594
0.000613
0.000617
0.000602
0.000569
0.000521
0.000476
0.000448
0.000442
0.000444
0.000447
0.000448
0.000462
0.000489
0.000523
0.000547
0.000558
0.000559
0.000558
0.000553
0.000543
0.000524
0.000502
0.000480
0.000463
0.000446
0.000436
0.000430
0.000441
0.000457
0.000480
0.000497
0.000510
0.000513
0.000509
0.000492
0.000470
0.000452
0.000452
0.000474
0.000501
0.000524
0.000533
0.000539
0.000537
0.000529
0.000511
0.000495
0.000492
0.000498
0.000502
0.000492
0.000471
0.000444
0.000424
0.000421
0.000439
0.000473
0.000499
0.000508
0.000497
0.000487
0.000495
0.000521
0.000554
0.000575
0.000577
0.000557
0.000526
0.000489
0.000455
0.000424
0.000401
0.000382
0.000369
0.000355
0.000343
0.000330
0.000318
0.000305
0.000295
0.000290
0.000296
0.000311
0.000335
0.000363
0.000401
0.000447
0.000498
0.000543
0.000573
0.000583
0.000575
0.000552
0.000520
0.000486
0.000458
0.000443
0.000440
0.000439
0.000427
0.000406
0.000381
0.000359
0.000342
0.000328
0.000315
0.000311
0.000316
0.000338
0.000366
0.000395
0.000409
0.000409
0.000395
0.000379
0.000364
0.000350
0.000336
0.000325
0.000329
0.000356
0.000402
0.000447
0.000477
0.000488
0.000490
0.000488
0.000482
0.000473
0.000467
0.000474
0.000493
0.000515
0.000528
0.000529
0.000520
0.000504
0.000485
0.000464
0.000442
0.000421
0.000402
0.000387
0.000379
0.000380
0.000391
0.000412
0.000436
0.000462
0.000479
0.000490
0.000486
0.000473
0.000448
0.000424
0.000400
0.000387
0.000377
0.000376
0.000377
0.000385
0.000398
0.000420
0.000440
0.000457
0.000464
0.000469
0.000472
0.000477
0.000479
0.000479
0.000476
0.000473
0.000469
0.000461
0.000449
0.000436
0.000428
0.000429
0.000437
0.000448
0.000451
0.000443
0.000426
0.000406
0.000393
0.000387
0.000391
0.000405
0.000424
0.000440
0.000446
0.000440
0.000431
0.000427
0.000428
0.000426
0.000416
0.000395
0.000376
0.000362
0.000354
0.000348
0.000345
0.000344
0.000345
0.000341
0.000338
0.000338
0.000348
0.000364
0.000385
0.000409
0.000433
0.000451
0.000457
0.000452
0.000444
0.000449
0.000465
0.000488
0.000507
0.000522
0.000531
0.000533
0.000526
0.000512
0.000495
0.000474
0.000453
0.000431
0.000412
0.000396
0.000388
0.000386
0.000389
0.000391
0.000393
0.000391
0.000389
0.000393
0.000407
0.000431
0.000460
0.000482
0.000490
0.000483
0.000469
0.000456
0.000447
0.000435
0.000417
0.000395
0.000379
0.000374
0.000383
0.000393
0.000400
0.000396
0.000387
0.000374
0.000361
0.000350
0.000340
0.000330
0.000317
0.000306
0.000296
0.000293
0.000297
0.000307
0.000317
0.000323
0.000323
0.000321
0.000325
0.000342
0.000366
0.000389
0.000399
0.000398
0.000390
0.000385
0.000381
0.000374
0.000362
0.000347
0.000334
0.000325
0.000313
0.000294
0.000270
0.000252
0.000250
0.000269
0.000307
0.000347
0.000382
0.000399
0.000408
0.000404
0.000390
0.000366
0.000340
0.000317
0.000299
0.000282
0.000266
0.000251
0.000237
0.000225
0.000218
0.000220
0.000225
0.000231
0.000229
0.000230
0.000236
0.000254
0.000278
0.000303
0.000324
0.000345
0.000361
0.000372
0.000372
0.000364
0.000354
0.000352
0.000357
0.000367
0.000374
0.000378
0.000376
0.000367
0.000349
0.000326
0.000304
0.000294
0.000298
0.000316
0.000339
0.000360
0.000375
0.000388
0.000404
0.000420
0.000440
0.000461
0.000482
0.000495
0.000490
0.000466
0.000432
0.000402
0.000377
0.000357
0.000337
0.000324
0.000324
0.000337
0.000360
0.000385
0.000412
0.000435
0.000452
0.000459
0.000455
0.000447
0.000444
0.000446
0.000444
0.000430
0.000405
0.000380
0.000359
0.000342
0.000323
0.000305
0.000288
0.000280
0.000277
0.000284
0.000301
0.000324
0.000342
0.000348
0.000339
0.000326
0.000315
0.000311
0.000317
0.000328
0.000340
0.000349
0.000354
0.000352
0.000347
0.000340
0.000342
0.000351
0.000364
0.000372
0.000374
0.000377
0.000380
0.000385
0.000383
0.000374
0.000359
0.000344
0.000336
0.000341
0.000366
0.000402
0.000438
0.000455
0.000449
0.000424
0.000394
0.000370
0.000362
0.000367
0.000380
0.000394
0.000403
0.000412
0.000420
0.000422
0.000407
0.000379
0.000340
0.000307
0.000285
0.000283
0.000296
0.000320
0.000344
0.000358
0.000359
0.000349
0.000339
0.000332
0.000323
0.000309
0.000286
0.000260
0.000233
0.000213
0.000204
0.000219
0.000251
0.000289
0.000311
0.000318
0.000316
0.000317
0.000325
0.000336
0.000348
0.000354
0.000355
0.000346
0.000331
0.000309
0.000287
0.000266
0.000247
0.000231
0.000223
0.000228
0.000249
0.000274
0.000295
0.000305
0.000309
0.000306
0.000298
0.000281
0.000261
0.000241
0.000224
0.000208
0.000194
0.000184
0.000182
0.000193
0.000211
0.000232
0.000247
0.000259
0.000268
0.000279
0.000285
0.000286
0.000280
0.000269
0.000256
0.000245
0.000242
0.000252
0.000273
0.000299
0.000319
0.000329
0.000331
0.000325
0.000317
0.000307
0.000300
0.000295
0.000295
0.000298
0.000304
0.000311
0.000316
0.000314
0.000303
0.000281
0.000251
0.000217
0.000184
0.000155
0.000135
0.000129
0.000143
0.000172
0.000210
0.000238
0.000251
0.000245
0.000235
0.000232
0.000245
0.000266
0.000287
0.000296
0.000296
0.000292
0.000289
0.000285
0.000280
0.000273
0.000267
0.000265
0.000262
0.000264
0.000264
0.000270
0.000277
0.000289
0.000299
0.000305
0.000301
0.000294
0.000287
0.000287
0.000292
0.000304
0.000314
0.000321
0.000318
0.000308
0.000291
0.000273
0.000254
0.000239
0.000227
0.000222
0.000224
0.000230
0.000234
0.000233
0.000227
0.000220
0.000214
0.000211
0.000213
0.000218
0.000226
0.000234
0.000241
0.000243
0.000238
0.000227
0.000222
0.000229
0.000247
0.000265
0.000274
0.000269
0.000252
0.000224
0.000194
0.000169
0.000158
0.000160
0.000173
0.000191
0.000205
0.000211
0.000210
0.000207
0.000206
0.000205
0.000203
0.000197
0.000189
0.000183
0.000179
0.000180
0.000189
0.000210
0.000233
0.000249
0.000249
0.000241
0.000235
0.000243
0.000262
0.000288
0.000309
0.000321
0.000319
0.000310
0.000294
0.000277
0.000260
0.000246
0.000240
0.000239
0.000244
0.000249
0.000250
0.000246
0.000244
0.000246
0.000256
0.000266
0.000273
0.000270
0.000259
0.000238
0.000215
0.000195
0.000187
0.000193
0.000214
0.000234
0.000247
0.000246
0.000235
0.000219
0.000208
0.000203
0.000203
0.000205
0.000207
0.000209
0.000210
0.000214
0.000219
0.000226
0.000234
0.000243
0.000255
0.000263
0.000269
0.000265
0.000260
0.000249
0.000237
0.000221
0.000207
0.000192
0.000177
0.000164
0.000162
0.000172
0.000190
0.000207
0.000219
0.000226
0.000232
0.000240
0.000251
0.000264
0.000276
0.000283
0.000285
0.000283
0.000280
0.000280
0.000282
0.000283
0.000278
0.000271
0.000269
0.000281
0.000305
0.000337
0.000366
0.000385
0.000394
0.000392
0.000385
0.000375
0.000370
0.000369
0.000373
0.000375
0.000368
0.000351
0.000327
0.000306
0.000291
0.000288
0.000289
0.000294
0.000292
0.000281
0.000257
0.000228
0.000200
0.000182
0.000173
0.000173
0.000185
0.000201
0.000222
0.000240
0.000258
0.000272
0.000287
0.000305
0.000325
0.000340
0.000344
0.000337
0.000325
0.000316
0.000318
0.000335
0.000367
0.000403
0.000432
0.000443
0.000435
0.000414
0.000386
0.000350
0.000315
0.000286
0.000272
0.000268
0.000268
0.000269
0.000271
0.000276
0.000282
0.000284
0.000281
0.000277
0.000286
0.000311
0.000348
0.000380
0.000393
0.000387
0.000373
0.000366
0.000366
0.000368
0.000363
0.000351
0.000335
0.000322
0.000308
0.000294
0.000277
0.000263
0.000253
0.000250
0.000248
0.000246
0.000242
0.000238
0.000233
0.000229
0.000225
0.000223
0.000220
0.000220
0.000217
0.000212
0.000203
0.000195
0.000190
0.000188
0.000191
0.000199
0.000214
0.000226
0.000230
0.000220
0.000200
0.000177
0.000156
0.000141
0.000136
0.000138
0.000147
0.000162
0.000189
0.000228
0.000270
0.000307
0.000333
0.000348
0.000351
0.000341
0.000321
0.000292
0.000259
0.000223
0.000192
0.000176
0.000173
0.000183
0.000194
0.000205
0.000211
0.000216
0.000219
0.000221
0.000222
0.000218
0.000207
0.000190
0.000172
0.000155
0.000140
0.000130
0.000131
0.000152
0.000195
0.000252
0.000297
0.000315
0.000301
0.000269
0.000233
0.000205
0.000187
0.000183
0.000189
0.000203
0.000217
0.000224
0.000225
0.000220
0.000220
0.000226
0.000235
0.000241
0.000241
0.000234
0.000221
0.000209
0.000204
0.000212
0.000235
0.000267
0.000299
0.000319
0.000330
0.000332
0.000331
0.000327
0.000323
0.000313
0.000298
0.000274
0.000247
0.000223
0.000211
0.000213
0.000230
0.000253
0.000273
0.000281
0.000276
0.000262
0.000242
0.000219
0.000193
0.000170
0.000153
0.000144
0.000141
0.000143
0.000152
0.000168
0.000188
0.000209
0.000229
0.000241
0.000244
0.000238
0.000228
0.000214
0.000196
0.000174
0.000150
0.000127
0.000107
0.000094
0.000092
0.000102
0.000120
0.000143
0.000167
0.000195
0.000222
0.000244
0.000254
0.000252
0.000243
0.000234
0.000230
0.000234
0.000249
0.000270
0.000293
0.000304
0.000308
0.000304
0.000300
0.000296
0.000294
0.000295
0.000299
0.000301
0.000295
0.000286
0.000275
0.000267
0.000261
0.000255
0.000245
0.000230
0.000210
0.000188
0.000168
0.000158
0.000157
0.000165
0.000178
0.000193
0.000208
0.000221
0.000235
0.000252
0.000275
0.000301
0.000328
0.000350
0.000362
0.000359
0.000343
0.000323
0.000310
0.000306
0.000317
0.000336
0.000361
0.000379
0.000390
0.000388
0.000383
0.000373
0.000364
0.000355
0.000348
0.000338
0.000329
0.000321
0.000323
0.000335
0.000351
0.000358
0.000352
0.000336
0.000317
0.000302
0.000291
0.000291
0.000295
0.000295
0.000281
0.000259
0.000232
0.000208
0.000187
0.000171
0.000166
0.000173
0.000190
0.000211
0.000233
0.000252
0.000262
0.000263
0.000254
0.000240
0.000223
0.000208
0.000195
0.000189
0.000192
0.000209
0.000234
0.000260
0.000279
0.000289
0.000288
0.000277
0.000259
0.000241
0.000229
0.000225
0.000221
0.000216
0.000211
0.000215
0.000221
0.000227
0.000223
0.000218
0.000215
0.000220
0.000234
0.000254
0.000277
0.000295
0.000309
0.000320
0.000329
0.000337
0.000338
0.000333
0.000318
0.000297
0.000274
0.000253
0.000240
0.000234
0.000235
0.000239
0.000247
0.000255
0.000259
0.000260
0.000254
0.000242
0.000223
0.000202
0.000183
0.000172
0.000166
0.000163
0.000162
0.000163
0.000170
0.000191
0.000224
0.000260
0.000283
0.000288
0.000278
0.000261
0.000243
0.000228
0.000220
0.000222
0.000229
0.000235
0.000241
0.000249
0.000267
0.000294
0.000326
0.000349
0.000358
0.000347
0.000323
0.000289
0.000253
0.000219
0.000195
0.000181
0.000180
0.000183
0.000188
0.000188
0.000184
0.000174
0.000162
0.000152
0.000144
0.000137
0.000130
0.000128
0.000133
0.000144
0.000160
0.000182
0.000210
0.000242
0.000271
0.000292
0.000305
0.000314
0.000313
0.000306
0.000289
0.000276
0.000265
0.000259
0.000249
0.000237
0.000220
0.000204
0.000192
0.000189
0.000190
0.000196
0.000203
0.000212
0.000229
0.000259
0.000311
0.000380
0.000456
0.000528
0.000594
0.000663
0.000727
0.000774
0.000789
0.000777
0.000754
0.000731
0.000713
0.000696
0.000683
0.000675
0.000671
0.000670
0.000672
0.000678
0.000686
0.000691
0.000689
0.000677
0.000659
0.000644
0.000648
0.000676
0.000717
0.000754
0.000776
0.000790
0.000797
0.000805
0.000806
0.000805
0.000799
0.000790
0.000775
0.000756
0.000740
0.000734
0.000739
0.000751
0.000761
0.000761
0.000751
0.000732
0.000706
0.000677
0.000646
0.000620
0.000602
0.000594
0.000599
0.000618
0.000655
0.000701
0.000742
0.000767
0.000776
0.000776
0.000773
0.000773
0.000771
0.000767
0.000757
0.000738
0.000709
0.000672
0.000634
0.000602
0.000581
0.000571
0.000570
0.000575
0.000585
0.000599
0.000620
0.000646
0.000673
0.000693
0.000704
0.000710
0.000710
0.000706
0.000698
0.000692
0.000690
0.000698
0.000712
0.000727
0.000739
0.000740
0.000734
0.000728
0.000729
0.000732
0.000732
0.000726
0.000719
0.000719
0.000727
0.000748
0.000776
0.000811
0.000844
0.000866
0.000867
0.000845
0.000806
0.000765
0.000732
0.000715
0.000712
0.000718
0.000725
0.000728
0.000732
0.000734
0.000739
0.000738
0.000734
0.000726
0.000718
0.000708
0.000698
0.000685
0.000678
0.000678
0.000689
0.000702
0.000710
0.000704
0.000689
0.000675
0.000675
0.000691
0.000715
0.000741
0.000762
0.000785
0.000811
0.000842
0.000874
0.000898
0.000907
0.000895
0.000866
0.000830
0.000800
0.000781
0.000773
0.000771
0.000769
0.000764
0.000761
0.000765
0.000783
0.000806
0.000824
0.000828
0.000828
0.000834
0.000844
0.000852
0.000859
0.000867
0.000879
0.000888
0.000892
0.000884
0.000867
0.000833
0.000788
0.000740
0.000705
0.000691
0.000698
0.000714
0.000729
0.000741
0.000752
0.000763
0.000768
0.000765
0.000754
0.000742
0.000733
0.000724
0.000718
0.000714
0.000720
0.000733
0.000752
0.000776
0.000808
0.000844
0.000878
0.000901
0.000909
0.000903
0.000888
0.000870
0.000853
0.000840
0.000829
0.000825
0.000826
0.000833
0.000837
0.000838
0.000834
0.000828
0.000820
0.000804
0.000783
0.000762
0.000746
0.000735
0.000731
0.000731
0.000729
0.000719
0.000704
0.000694
0.000694
0.000706
0.000722
0.000744
0.000774
0.000817
0.000864
0.000903
0.000919
0.000906
0.000871
0.000830
0.000801
0.000790
0.000793
0.000797
0.000795
0.000783
0.000767
0.000753
0.000746
0.000745
0.000745
0.000739
0.000729
0.000717
0.000713
0.000718
0.000728
0.000738
0.000742
0.000739
0.000729
0.000718
0.000709
0.000703
0.000700
0.000698
0.000700
0.000706
0.000717
0.000738
0.000767
0.000803
0.000836
0.000857
0.000859
0.000843
0.000815
0.000784
0.000758
0.000744
0.000744
0.000759
0.000786
0.000817
0.000844
0.000858
0.000859
0.000846
0.000831
0.000817
0.000811
0.000812
0.000822
0.000840
0.000853
0.000854
0.000835
0.000812
0.000794
0.000796
0.000813
0.000827
0.000819
0.000781
0.000725
0.000672
0.000633
0.000618
0.000621
0.000640
0.000665
0.000696
0.000728
0.000757
0.000772
0.000773
0.000760
0.000747
0.000737
0.000731
0.000724
0.000719
0.000721
0.000732
0.000746
0.000754
0.000755
0.000750
0.000741
0.000729
0.000719
0.000715
0.000716
0.000718
0.000716
0.000710
0.000703
0.000696
0.000690
0.000684
0.000679
0.000680
0.000690
0.000706
0.000726
0.000744
0.000762
0.000781
0.000803
0.000819
0.000825
0.000819
0.000809
0.000800
0.000797
0.000798
0.000807
0.000827
0.000860
0.000900
0.000937
0.000962
0.000971
0.000969
0.000963
0.000949
0.000927
0.000890
0.000846
0.000803
0.000770
0.000751
0.000741
0.000740
0.000743
0.000753
0.000766
0.000786
0.000807
0.000826
0.000838
0.000844
0.000843
0.000837
0.000829
0.000827
0.000829
0.000834
0.000834
0.000832
0.000831
0.000837
0.000844
0.000847
0.000840
0.000827
0.000812
0.000797
0.000783
0.000772
0.000759
0.000741
0.000714
0.000685
0.000662
0.000651
0.000655
0.000669
0.000685
0.000694
0.000693
0.000682
0.000670
0.000670
0.000690
0.000730
0.000779
0.000826
0.000863
0.000892
0.000918
0.000947
0.000969
0.000978
0.000967
0.000949
0.000922
0.000888
0.000839
0.000784
0.000734
0.000701
0.000689
0.000695
0.000710
0.000722
0.000723
0.000707
0.000679
0.000646
0.000622
0.000614
0.000623
0.000647
0.000676
0.000708
0.000728
0.000729
0.000712
0.000688
0.000673
0.000668
0.000676
0.000685
0.000701
0.000717
0.000734
0.000742
0.000744
0.000739
0.000724
0.000701
0.000674
0.000653
0.000648
0.000662
0.000691
0.000720
0.000745
0.000762
0.000778
0.000789
0.000795
0.000797
0.000796
0.000788
0.000766
0.000733
0.000700
0.000680
0.000679
0.000690
0.000707
0.000724
0.000745
0.000769
0.000799
0.000831
0.000854
0.000867
0.000864
0.000856
0.000839
0.000818
0.000804
0.000808
0.000827
0.000847
0.000858
0.000854
0.000841
0.000824
0.000806
0.000790
0.000777
0.000771
0.000770
0.000775
0.000785
0.000791
0.000789
0.000778
0.000761
0.000741
0.000718
0.000699
0.000689
0.000700
0.000732
0.000781
0.000829
0.000858
0.000853
0.000826
0.000794
0.000775
0.000757
0.000736
0.000702
0.000673
0.000651
0.000643
0.000639
0.000640
0.000646
0.000652
0.000655
0.000657
0.000667
0.000686
0.000710
0.000734
0.000765
0.000806
0.000854
0.000897
0.000920
0.000922
0.000901
0.000869
0.000831
0.000799
0.000779
0.000780
0.000799
0.000827
0.000857
0.000877
0.000885
0.000879
0.000861
0.000834
0.000800
0.000765
0.000736
0.000723
0.000722
0.000727
0.000731
0.000735
0.000738
0.000735
0.000720
0.000693
0.000667
0.000652
0.000652
0.000662
0.000676
0.000689
0.000700
0.000702
0.000696
0.000683
0.000677
0.000688
0.000719
0.000761
0.000794
0.000810
0.000807
0.000799
0.000800
0.000817
0.000849
0.000888
0.000919
0.000927
0.000906
0.000868
0.000832
0.000814
0.000812
0.000819
0.000820
0.000809
0.000787
0.000761
0.000737
0.000717
0.000699
0.000680
0.000668
0.000673
0.000699
0.000742
0.000782
0.000806
0.000812
0.000814
0.000822
0.000835
0.000847
0.000852
0.000851
0.000841
0.000823
0.000795
0.000765
0.000742
0.000735
0.000741
0.000752
0.000755
0.000747
0.000731
0.000719
0.000713
0.000714
0.000723
0.000735
0.000750
0.000761
0.000765
0.000760
0.000745
0.000734
0.000729
0.000738
0.000753
0.000769
0.000777
0.000784
0.000794
0.000812
0.000827
0.000831
0.000820
0.000806
0.000797
0.000797
0.000800
0.000806
0.000805
0.000803
0.000799
0.000803
0.000813
0.000822
0.000822
0.000816
0.000806
0.000793
0.000778
0.000766
0.000763
0.000765
0.000770
0.000771
0.000775
0.000781
0.000787
0.000787
0.000785
0.000783
0.000788
0.000798
0.000805
0.000807
0.000803
0.000800
0.000796
0.000796
0.000797
0.000804
0.000816
0.000837
0.000862
0.000886
0.000894
0.000884
0.000855
0.000824
0.000795
0.000781
0.000783
0.000801
0.000821
0.000830
0.000820
0.000797
0.000771
0.000753
0.000743
0.000738
0.000733
0.000726
0.000720
0.000714
0.000709
0.000706
0.000704
0.000706
0.000709
0.000711
0.000714
0.000712
0.000703
0.000688
0.000675
0.000674
0.000687
0.000715
0.000747
0.000776
0.000793
0.000800
0.000801
0.000803
0.000812
0.000821
0.000824
0.000814
0.000794
0.000771
0.000755
0.000738
0.000727
0.000721
0.000733
0.000754
0.000778
0.000792
0.000802
0.000805
0.000806
0.000802
0.000791
0.000769
0.000741
0.000712
0.000691
0.000680
0.000679
0.000687
0.000702
0.000726
0.000749
0.000770
0.000780
0.000786
0.000794
0.000808
0.000826
0.000837
0.000840
0.000833
0.000821
0.000801
0.000779
0.000757
0.000739
0.000724
0.000710
0.000698
0.000691
0.000696
0.000708
0.000718
0.000713
0.000699
0.000683
0.000681
0.000694
0.000724
0.000755
0.000780
0.000784
0.000776
0.000754
0.000733
0.000715
0.000714
0.000729
0.000758
0.000789
0.000813
0.000827
0.000835
0.000839
0.000841
0.000837
0.000832
0.000824
0.000819
0.000815
0.000822
0.000837
0.000857
0.000873
0.000886
0.000891
0.000885
0.000860
0.000827
0.000801
0.000802
0.000830
0.000868
0.000894
0.000895
0.000872
0.000837
0.000798
0.000766
0.000743
0.000731
0.000722
0.000714
0.000707
0.000711
0.000725
0.000746
0.000762
0.000770
0.000769
0.000761
0.000751
0.000748
0.000754
0.000763
0.000767
0.000762
0.000755
0.000751
0.000755
0.000764
0.000772
0.000771
0.000759
0.000739
0.000718
0.000700
0.000687
0.000678
0.000672
0.000664
0.000657
0.000650
0.000644
0.000637
0.000636
0.000644
0.000669
0.000701
0.000732
0.000750
0.000757
0.000758
0.000764
0.000777
0.000791
0.000792
0.000777
0.000751
0.000727
0.000706
0.000696
0.000690
0.000689
0.000687
0.000692
0.000707
0.000738
0.000771
0.000797
0.000803
0.000790
0.000758
0.000719
0.000684
0.000662
0.000654
0.000659
0.000668
0.000682
0.000689
0.000687
0.000671
0.000651
0.000634
0.000633
0.000642
0.000654
0.000660
0.000660
0.000658
0.000652
0.000642
0.000634
0.000641
0.000668
0.000710
0.000752
0.000787
0.000805
0.000805
0.000790
0.000780
0.000783
0.000805
0.000827
0.000843
0.000845
0.000840
0.000825
0.000807
0.000785
0.000766
0.000749
0.000741
0.000740
0.000751
0.000764
0.000775
0.000772
0.000756
0.000734
0.000720
0.000723
0.000745
0.000775
0.000797
0.000791
0.000744
0.000659
0.000550
0.000435
0.000328
0.000239
0.000169
0.000117
0.000079
0.000053
0.000035
0.000022
0.000014
0.000009
0.000006
0.000004
0.000002
0.000001
0.000001
0.000001
0.000000
0.000000
0.000000
0.000000
0.000000
0.000000
0.000000
0.000000
0.000000
0.000000
0.000000
0.000000
0.000000
0.000000
0.000000
0.000000
0.000000
0.000000
0.000000
0.000000
0.000000
0.000000
0.000000
0.000000
0.000000
0.000000
0.000000
0.000000
0.000000
0.000000
0.000000
0.000000
0.000000
0.000000
0.000000
0.000000
0.000000
0.000000
0.000000
0.000000
0.000000
0.000000
0.000000
0.000000
0.000000
0.000000
0.000000
0.000000
0.000000
0.000000
0.000000
0.000000
0.000000
0.000000
0.000000
0.000000
0.000000
0.000000
0.000000
0.000000
0.000000
0.000000
0.000000
0.000000
0.000000
0.000000
0.000000
0.000000
0.000000
0.000000
0.000000
0.000000
0.000000
0.000000
0.000000
0.000000
0.000000
0.000000
0.000000
0.000000
0.000000
0.000000
0.000000
0.000000
0.000000
0.000000
0.000000
0.000000
0.000000
0.000000
0.000000
0.000000
0.000000
0.000000
0.000000
0.000000
0.000000
0.000000
0.000000
0.000000
0.000000
0.000000
0.000000
0.000000
0.000000
0.000000
0.000000
0.000000
0.000000
0.000000
0.000000
0.000000
0.000000
0.000000
0.000000
0.000000
0.000000
0.000000
0.000000
0.000000
0.000000
0.000000
0.000000
0.000000
0.000000
0.000000
0.000000
0.000000
