0.025604
0.009929
0.012011
0.009929
0.008998
0.005087
0.005021
0.004833
0.004558
0.004436
0.004604
0.004928
0.005304
0.005787
0.006390
0.006964
0.007397
0.007569
0.007565
0.007422
0.007179
0.006679
0.006015
0.005347
0.004854
0.004496
0.004276
0.004249
0.004390
0.004581
0.004892
0.005452
0.006261
0.007077
0.007811
0.008438
0.009180
0.009920
0.010656
0.013757
0.013091
0.013390
0.015092
0.018216
0.020334
0.023566
0.027084
0.031111
0.035707
0.040925
0.046582
0.052253
0.057302
0.061641
0.065682
0.070286
0.076285
0.083742
0.091355
0.097492
0.102064
0.106115
0.110837
0.116066
0.121571
0.127003
0.132903
0.138997
0.145086
0.150376
0.154587
0.157537
0.159392
0.160684
0.161782
0.163038
0.164521
0.166564
0.169295
0.172484
0.175774
0.178527
0.180863
0.183076
0.186236
0.189912
0.193436
0.194996
0.194698
0.192881
0.191119
0.190013
0.190401
0.192392
0.195973
0.200749
0.206312
0.212446
0.218339
0.223072
0.225283
0.225103
0.223433
0.221886
0.221486
0.222866
0.226156
0.230681
0.235917
0.241493
0.247695
0.254049
0.259703
0.263909
0.267040
0.269826
0.272753
0.276110
0.279896
0.284119
0.288589
0.293416
0.298557
0.303807
0.308401
0.311931
0.314378
0.316589
0.319185
0.322477
0.325791
0.328049
0.328246
0.326426
0.324054
0.323105
0.324553
0.327816
0.331093
0.332911
0.332610
0.330822
0.328891
0.327711
0.327475
0.327214
0.326583
0.325377
0.324433
0.324240
0.325264
0.327075
0.328943
0.329951
0.329770
0.328879
0.328056
0.327838
0.327849
0.327420
0.326134
0.324199
0.322248
0.320812
0.320053
0.319664
0.319312
0.319191
0.319485
0.320863
0.323342
0.327307
0.332104
0.337288
0.341993
0.345704
0.348367
0.349826
0.350754
0.351244
0.352195
0.353688
0.355650
0.357515
0.358818
0.359621
0.360031
0.360156
0.359907
0.359224
0.358346
0.357094
0.355274
0.352816
0.350526
0.348857
0.347470
0.345110
0.341253
0.336017
0.330411
0.325171
0.321123
0.318112
0.315863
0.313595
0.310762
0.306843
0.301310
0.294585
0.287443
0.281519
0.276881
0.273519
0.270512
0.267861
0.265125
0.262444
0.260070
0.258968
0.259175
0.259947
0.259490
0.257238
0.253560
0.249742
0.246435
0.243550
0.241033
0.238781
0.236937
0.234884
0.231923
0.227770
0.223108
0.218811
0.215035
0.210856
0.205742
0.199601
0.193350
0.187858
0.183414
0.179773
0.176244
0.172640
0.169123
0.165828
0.162462
0.158589
0.154462
0.150993
0.149131
0.148936
0.149712
0.150282
0.149959
0.148836
0.147880
0.147879
0.148659
0.149088
0.148371
0.146672
0.145099
0.144545
0.145262
0.146845
0.148659
0.150412
0.152128
0.153887
0.155854
0.158005
0.160463
0.162717
0.164156
0.164227
0.163294
0.161877
0.160311
0.158228
0.155198
0.151181
0.146918
0.143429
0.141478
0.140789
0.140778
0.140574
0.139779
0.138268
0.136390
0.134531
0.132746
0.130848
0.128352
0.125312
0.121987
0.119235
0.117206
0.115645
0.113693
0.111013
0.107832
0.104834
0.102755
0.101722
0.101719
0.102235
0.103049
0.103781
0.104500
0.104951
0.105160
0.104570
0.103062
0.100528
0.097495
0.094532
0.092045
0.090510
0.089883
0.089880
0.089881
0.089405
0.088363
0.086646
0.084772
0.083198
0.082517
0.082630
0.083356
0.084482
0.085928
0.087312
0.088502
0.089237
0.089769
0.089920
0.090028
0.089915
0.089586
0.088642
0.087189
0.085594
0.084501
0.084145
0.084220
0.084183
0.083770
0.083156
0.082535
0.082140
0.082001
0.082056
0.082106
0.082095
0.082216
0.082471
0.082661
0.082512
0.082210
0.082220
0.082807
0.083830
0.084810
0.085272
0.085005
0.084154
0.083278
0.082602
0.082188
0.081688
0.081188
0.080689
0.080449
0.080468
0.080639
0.080732
0.080680
0.080272
0.079468
0.078353
0.077263
0.076357
0.075683
0.075084
0.074466
0.073793
0.073115
0.072541
0.072224
0.071982
0.071776
0.071589
0.071709
0.072117
0.072819
0.073597
0.074299
0.074781
0.075144
0.075362
0.075444
0.075193
0.074651
0.073710
0.072575
0.071602
0.071406
0.072160
0.073459
0.074463
0.074767
0.074390
0.073726
0.073086
0.072903
0.073366
0.074389
0.075401
0.075797
0.075513
0.074875
0.074482
0.074450
0.074778
0.075266
0.075850
0.076487
0.077114
0.077905
0.078790
0.079839
0.080567
0.080717
0.080052
0.078902
0.077698
0.076892
0.076462
0.076080
0.075375
0.074443
0.073720
0.073638
0.073989
0.074468
0.074699
0.074774
0.074659
0.074641
0.074693
0.074658
0.074235
0.073576
0.073116
0.073152
0.073612
0.074016
0.074324
0.074449
0.074695
0.074820
0.074715
0.074033
0.072719
0.070698
0.068341
0.066034
0.064285
0.063120
0.062580
0.062397
0.062269
0.061665
0.060129
0.057825
0.055204
0.052958
0.051115
0.049721
0.048516
0.047491
0.046262
0.044664
0.042618
0.040495
0.038664
0.037497
0.037083
0.037227
0.037523
0.037627
0.037568
0.037505
0.037436
0.037052
0.036125
0.034789
0.033540
0.032531
0.031813
0.031327
0.031348
0.031736
0.032286
0.032632
0.032780
0.032676
0.032447
0.032102
0.031915
0.031902
0.032012
0.031937
0.031519
0.030694
0.029642
0.028599
0.027736
0.026985
0.026200
0.025536
0.025196
0.025244
0.025324
0.025387
0.025380
0.025499
0.025694
0.026141
0.026683
0.027160
0.027184
0.026792
0.026138
0.025544
0.025164
0.025069
0.025218
0.025565
0.026050
0.026622
0.027120
0.027381
0.027339
0.027178
0.027135
0.027258
0.027323
0.027231
0.026907
0.026501
0.026044
0.025666
0.025451
0.025463
0.025695
0.025982
0.026295
0.026500
0.026488
0.026153
0.025567
0.024857
0.024310
0.024045
0.024070
0.024155
0.024123
0.023937
0.023815
0.024125
0.024895
0.025851
0.026506
0.026663
0.026385
0.025855
0.025287
0.024817
0.024543
0.024413
0.024350
0.024327
0.024358
0.024565
0.024932
0.025443
0.025841
0.026032
0.025967
0.025850
0.025751
0.025726
0.025847
0.026075
0.026255
0.026169
0.025856
0.025440
0.025112
0.024963
0.025073
0.025512
0.026145
0.026818
0.027253
0.027280
0.026771
0.026022
0.025434
0.025239
0.025443
0.025949
0.026733
0.027586
0.028412
0.029218
0.030135
0.031003
0.031642
0.032002
0.032259
0.032517
0.032951
0.033596
0.034489
0.035357
0.036065
0.036523
0.037005
0.037789
0.038946
0.040313
0.041836
0.043506
0.045395
0.047508
0.049801
0.052370
0.055548
0.059521
0.064325
0.069864
0.075980
0.082552
0.089878
0.098998
0.110884
0.125763
0.142863
0.161177
0.180104
0.199159
0.217866
0.235235
0.250237
0.261586
0.268201
0.269081
0.263924
0.253041
0.237543
0.218580
0.197185
0.174295
0.151059
0.128730
0.108081
0.089554
0.073247
0.059333
0.047775
0.038476
0.031216
0.025715
0.021618
0.018477
0.016074
0.014212
0.012797
0.011594
0.010548
0.009614
0.008879
0.008333
0.007988
0.007725
0.007414
0.009446
0.008625
0.008108
0.007959
0.007993
0.007993
0.007886
0.007745
0.007652
0.007614
0.007648
0.007705
0.007713
0.007619
0.007485
0.007349
0.007207
0.007047
0.006936
0.006935
0.006964
0.006943
0.006885
0.006865
0.006910
0.006972
0.007000
0.007025
0.007111
0.007276
0.007436
0.007510
0.007447
0.007296
0.007106
0.006908
0.006691
0.006482
0.006327
0.006248
0.006233
0.006227
0.006216
0.006262
0.006370
0.006484
0.006482
0.006390
0.006234
0.006109
0.006014
0.005977
0.005986
0.006047
0.006100
0.006111
0.006092
0.006102
0.006139
0.006158
0.006151
0.006120
0.006104
0.006077
0.006051
0.006021
0.005997
0.005974
0.005944
0.005920
0.005863
0.005770
0.005696
0.005704
0.005750
0.005740
0.005712
0.005752
0.005866
0.005932
0.005958
0.005981
0.006020
0.005991
0.005893
0.005774
0.005717
0.005705
0.005696
0.005619
0.005482
0.005293
0.005085
0.004977
0.005066
0.005265
0.005390
0.005461
0.005496
0.005545
0.005560
0.005600
0.005695
0.005830
0.005899
0.005884
0.005864
0.005886
0.005903
0.005836
0.005730
0.005633
0.005616
0.005583
0.005520
0.005438
0.005443
0.005495
0.005528
0.005444
0.005301
0.005193
0.005212
0.005349
0.005495
0.005561
0.005475
0.005271
0.005012
0.004841
0.004808
0.004901
0.005076
0.005313
0.005572
0.005820
0.005991
0.005999
0.005802
0.005489
0.005187
0.004972
0.004858
0.004835
0.004861
0.004934
0.005013
0.005075
0.005016
0.004819
0.004505
0.004243
0.004127
0.004127
0.004141
0.004148
0.004226
0.004312
0.004300
0.004105
0.003897
0.003794
0.003858
0.004024
0.004259
0.004568
0.004918
0.005183
0.005232
0.005065
0.004783
0.004520
0.004400
0.004430
0.004464
0.004396
0.004261
0.004142
0.004084
0.004127
0.004320
0.004636
0.004938
0.005089
0.005057
0.004922
0.004715
0.004522
0.004391
0.004358
0.004345
0.004323
0.004309
0.004391
0.004610
0.004838
0.004994
0.005102
0.005240
0.005424
0.005558
0.005606
0.005530
0.005346
0.005068
0.004838
0.004733
0.004696
0.004591
0.004414
0.004234
0.004090
0.004031
0.004087
0.004248
0.004428
0.004596
0.004717
0.004811
0.004819
0.004733
0.004585
0.004530
0.004645
0.004814
0.004865
0.004768
0.004638
0.004642
0.004713
0.004743
0.004645
0.004487
0.004332
0.004250
0.004220
0.004166
0.004044
0.003894
0.003783
0.003726
0.003720
0.003771
0.003869
0.003996
0.004143
0.004334
0.004543
0.004750
0.004947
0.005186
0.005451
0.005736
0.005935
0.006022
0.005968
0.005839
0.005684
0.005540
0.005490
0.005520
0.005643
0.005739
0.005806
0.005793
0.005771
0.005699
0.005652
0.005643
0.005716
0.005825
0.005929
0.006000
0.006012
0.006021
0.006046
0.006111
0.006121
0.006051
0.005893
0.005754
0.005696
0.005726
0.005773
0.005760
0.005680
0.005553
0.005419
0.005339
0.005334
0.005387
0.005454
0.005495
0.005491
0.005438
0.005347
0.005228
0.005104
0.004971
0.004835
0.004763
0.004833
0.005013
0.005184
0.005238
0.005146
0.004988
0.004862
0.004816
0.004836
0.004860
0.004837
0.004764
0.004680
0.004608
0.004613
0.004625
0.004635
0.004547
0.004456
0.004385
0.004404
0.004471
0.004575
0.004680
0.004721
0.004655
0.004499
0.004365
0.004342
0.004443
0.004576
0.004653
0.004645
0.004631
0.004639
0.004640
0.004605
0.004546
0.004478
0.004378
0.004269
0.004248
0.004355
0.004463
0.004465
0.004379
0.004340
0.004380
0.004490
0.004611
0.004726
0.004826
0.004907
0.004932
0.004869
0.004732
0.004555
0.004408
0.004315
0.004273
0.004258
0.004267
0.004317
0.004408
0.004517
0.004645
0.004744
0.004802
0.004753
0.004656
0.004552
0.004519
0.004553
0.004661
0.004775
0.004862
0.004860
0.004839
0.004796
0.004750
0.004655
0.004527
0.004388
0.004311
0.004310
0.004318
0.004279
0.004177
0.004041
0.003890
0.003760
0.003693
0.003755
0.003913
0.004089
0.004195
0.004235
0.004210
0.004140
0.004015
0.003874
0.003742
0.003675
0.003709
0.003825
0.003904
0.003827
0.003585
0.003284
0.002983
0.002663
0.002293
0.001931
0.001647
0.001463
0.001384
0.001416
0.001590
0.001842
0.002107
0.002401
0.002813
0.003357
0.003959
0.004476
0.004858
0.005068
0.005170
0.005171
0.005143
0.005149
0.005228
0.005359
0.005469
0.005540
0.005519
0.005438
0.005332
0.005253
0.005140
0.004965
0.004733
0.004547
0.004429
0.004415
0.004441
0.004444
0.004383
0.004349
0.004449
0.004691
0.004954
0.005075
0.005017
0.004840
0.004648
0.004491
0.004403
0.004397
0.004463
0.004549
0.004639
0.004712
0.004802
0.004891
0.004961
0.004965
0.004949
0.004931
0.004938
0.004905
0.004857
0.004780
0.004723
0.004694
0.004715
0.004766
0.004825
0.004880
0.004933
0.004997
0.005068
0.005115
0.005140
0.005115
0.005010
0.004818
0.004599
0.004432
0.004333
0.004290
0.004298
0.004364
0.004476
0.004622
0.004796
0.004950
0.005042
0.005049
0.004986
0.004871
0.004750
0.004642
0.004554
0.004442
0.004282
0.004068
0.003840
0.003655
0.003509
0.003379
0.003222
0.003037
0.002852
0.002719
0.002670
0.002677
0.002667
0.002642
0.002606
0.002614
0.002676
0.002780
0.002905
0.003033
0.003171
0.003287
0.003416
0.003568
0.003733
0.003857
0.003941
0.004029
0.004153
0.004270
0.004340
0.004343
0.004333
0.004331
0.004335
0.004344
0.004390
0.004473
0.004545
0.004559
0.004522
0.004458
0.004382
0.004309
0.004263
0.004249
0.004238
0.004198
0.004083
0.003887
0.003614
0.003336
0.003133
0.003054
0.003078
0.003157
0.003228
0.003223
0.003105
0.002882
0.002640
0.002465
0.002365
0.002300
0.002247
0.002225
0.002237
0.002235
0.002210
0.002176
0.002170
0.002157
0.002125
0.002101
0.002136
0.002220
0.002331
0.002467
0.002627
0.002752
0.002761
0.002664
0.002546
0.002490
0.002505
0.002533
0.002542
0.002546
0.002594
0.002669
0.002715
0.002657
0.002546
0.002448
0.002423
0.002434
0.002455
0.002453
0.002447
0.002414
0.002373
0.002356
0.002398
0.002434
0.002430
0.002378
0.002313
0.002243
0.002189
0.002163
0.002161
0.002182
0.002222
0.002280
0.002315
0.002323
0.002270
0.002167
0.002068
0.002031
0.002023
0.002003
0.001968
0.001926
0.001867
0.001845
0.001900
0.002032
0.002148
0.002214
0.002206
0.002164
0.002069
0.001936
0.001771
0.001632
0.001540
0.001496
0.001479
0.001488
0.001535
0.001636
0.001727
0.001755
0.001717
0.001691
0.001698
0.001744
0.001793
0.001842
0.001893
0.001960
0.002045
0.002134
0.002227
0.002301
0.002347
0.002337
0.002267
0.002156
0.002058
0.002045
0.002156
0.002370
0.002602
0.002751
0.002772
0.002680
0.002558
0.002449
0.002355
0.002225
0.002072
0.001961
0.001943
0.001966
0.001991
0.002020
0.002075
0.002183
0.002319
0.002438
0.002470
0.002406
0.002278
0.002131
0.002003
0.001913
0.001877
0.001893
0.001946
0.002018
0.002056
0.002041
0.001960
0.001849
0.001740
0.001688
0.001717
0.001810
0.001939
0.002053
0.002145
0.002166
0.002103
0.001973
0.001878
0.001869
0.001919
0.001984
0.002033
0.002067
0.002070
0.002056
0.002038
0.002023
0.002000
0.001966
0.001956
0.001984
0.002016
0.002051
0.002081
0.002121
0.002133
0.002144
0.002161
0.002211
0.002269
0.002363
0.002514
0.002727
0.002904
0.002977
0.002919
0.002783
0.002643
0.002534
0.002492
0.002558
0.002667
0.002720
0.002682
0.002635
0.002621
0.002644
0.002672
0.002718
0.002786
0.002917
0.003132
0.003409
0.003672
0.003864
0.003999
0.004139
0.004335
0.004560
0.004774
0.004954
0.005117
0.005243
0.005312
0.005333
0.005300
0.005207
0.005042
0.004872
0.004689
0.004469
0.004158
0.003791
0.003422
0.003117
0.002861
0.002622
0.002405
0.002241
0.002114
0.001997
0.001890
0.001784
0.001652
0.001521
0.001476
0.001497
0.001501
0.001431
0.001362
0.001342
0.001376
0.001454
0.001559
0.001666
0.001692
0.001621
0.001472
0.001340
0.001263
0.001230
0.001221
0.001239
0.001258
0.001227
0.001146
0.001073
0.001064
0.001067
0.001056
0.001044
0.001086
0.001178
0.001307
0.001437
0.001517
0.001509
0.001463
0.001467
0.001551
0.001651
0.001716
0.001715
0.001658
0.001554
0.001455
0.001393
0.001369
0.001380
0.001382
0.001381
0.001387
0.001430
0.001492
0.001579
0.001652
0.001644
0.001518
0.001317
0.001152
0.001093
0.001095
0.001087
0.001065
0.001081
0.001111
0.001113
0.001076
0.001021
0.000965
0.000919
0.000908
0.000930
0.000986
0.001051
0.001138
0.001207
0.001236
0.001217
0.001193
0.001209
0.001259
0.001303
0.001308
0.001305
0.001315
0.001328
0.001333
0.001317
0.001296
0.001274
0.001291
0.001342
0.001431
0.001488
0.001534
0.001540
0.001529
0.001501
0.001508
0.001549
0.001603
0.001642
0.001665
0.001688
0.001729
0.001771
0.001814
0.001866
0.001963
0.002086
0.002198
0.002253
0.002254
0.002229
0.002197
0.002170
0.002169
0.002228
0.002329
0.002409
0.002427
0.002412
0.002365
0.002301
0.002250
0.002276
0.002334
0.002349
0.002272
0.002118
0.001908
0.001692
0.001535
0.001493
0.001502
0.001491
0.001421
0.001297
0.001140
0.000985
0.000873
0.000827
0.000843
0.000892
0.000936
0.000967
0.000967
0.000941
0.000897
0.000879
0.000932
0.001021
0.001077
0.001055
0.000986
0.000943
0.001002
0.001130
0.001264
0.001328
0.001309
0.001225
0.001138
0.001071
0.001039
0.001022
0.001019
0.000994
0.000950
0.000893
0.000847
0.000818
0.000798
0.000789
0.000792
0.000797
0.000803
0.000810
0.000844
0.000910
0.000975
0.001019
0.001068
0.001119
0.001118
0.001044
0.000918
0.000808
0.000773
0.000787
0.000773
0.000716
0.000644
0.000597
0.000593
0.000639
0.000702
0.000734
0.000712
0.000673
0.000629
0.000600
0.000599
0.000642
0.000702
0.000744
0.000744
0.000725
0.000690
0.000646
0.000632
0.000702
0.000829
0.000931
0.000964
0.000941
0.000890
0.000849
0.000821
0.000801
0.000754
0.000688
0.000615
0.000579
0.000619
0.000711
0.000809
0.000870
0.000880
0.000812
0.000723
0.000677
0.000720
0.000794
0.000877
0.000925
0.000953
0.000945
0.000912
0.000878
0.000894
0.000993
0.001110
0.001190
0.001190
0.001165
0.001163
0.001216
0.001272
0.001290
0.001244
0.001167
0.001065
0.000959
0.000859
0.000806
0.000824
0.000887
0.000947
0.000975
0.000980
0.000970
0.000923
0.000839
0.000747
0.000689
0.000682
0.000697
0.000716
0.000738
0.000781
0.000807
0.000802
0.000763
0.000740
0.000735
0.000786
0.000900
0.001019
0.001073
0.001063
0.001019
0.000980
0.000946
0.000916
0.000892
0.000904
0.000965
0.001049
0.001128
0.001248
0.001433
0.001607
0.001646
0.001529
0.001309
0.001113
0.000961
0.000888
0.000878
0.000920
0.000949
0.000937
0.000879
0.000820
0.000763
0.000750
0.000787
0.000891
0.000985
0.001035
0.001034
0.001018
0.000992
0.000954
0.000927
0.000945
0.001018
0.001093
0.001144
0.001135
0.001103
0.001070
0.001062
0.001049
0.001020
0.000996
0.000989
0.000999
0.000994
0.000983
0.000990
0.001028
0.001072
0.001096
0.001085
0.001032
0.000942
0.000856
0.000814
0.000821
0.000819
0.000779
0.000694
0.000603
0.000548
0.000545
0.000574
0.000625
0.000685
0.000736
0.000764
0.000756
0.000708
0.000652
0.000617
0.000630
0.000654
0.000689
0.000711
0.000732
0.000733
0.000730
0.000740
0.000805
0.000895
0.000948
0.000918
0.000823
0.000698
0.000582
0.000491
0.000446
0.000460
0.000548
0.000712
0.000875
0.000987
0.001040
0.001050
0.001003
0.000909
0.000794
0.000701
0.000655
0.000661
0.000672
0.000649
0.000608
0.000598
0.000673
0.000784
0.000871
0.000901
0.000906
0.000900
0.000871
0.000793
0.000675
0.000589
0.000587
0.000635
0.000686
0.000725
0.000776
0.000812
0.000826
0.000800
0.000761
0.000737
0.000760
0.000817
0.000848
0.000826
0.000780
0.000792
0.000857
0.000926
0.000948
0.000956
0.000961
0.000972
0.000970
0.000977
0.001014
0.001038
0.001006
0.000896
0.000766
0.000644
0.000577
0.000556
0.000574
0.000620
0.000679
0.000729
0.000728
0.000725
0.000738
0.000769
0.000793
0.000788
0.000754
0.000705
0.000668
0.000626
0.000585
0.000571
0.000614
0.000655
0.000680
0.000686
0.000692
0.000684
0.000656
0.000611
0.000561
0.000515
0.000479
0.000463
0.000488
0.000565
0.000696
0.000859
0.001019
0.001120
0.001122
0.001043
0.000938
0.000877
0.000838
0.000801
0.000743
0.000681
0.000626
0.000595
0.000573
0.000540
0.000497
0.000456
0.000433
0.000428
0.000442
0.000484
0.000549
0.000636
0.000709
0.000751
0.000733
0.000665
0.000549
0.000428
0.000339
0.000321
0.000338
0.000356
0.000400
0.000541
0.000773
0.001000
0.001131
0.001126
0.001025
0.000871
0.000708
0.000577
0.000533
0.000576
0.000634
0.000713
0.000838
0.000940
0.000970
0.000921
0.000857
0.000799
0.000771
0.000767
0.000748
0.000719
0.000688
0.000693
0.000725
0.000775
0.000789
0.000762
0.000704
0.000653
0.000600
0.000537
0.000467
0.000421
0.000410
0.000445
0.000509
0.000579
0.000598
0.000574
0.000547
0.000576
0.000636
0.000687
0.000710
0.000740
0.000759
0.000768
0.000765
0.000756
0.000746
0.000737
0.000732
0.000726
0.000714
0.000684
0.000642
0.000618
0.000657
0.000733
0.000783
0.000791
0.000785
0.000796
0.000824
0.000888
0.000970
0.001019
0.000992
0.000915
0.000832
0.000774
0.000728
0.000698
0.000714
0.000775
0.000838
0.000863
0.000873
0.000875
0.000884
0.000879
0.000861
0.000837
0.000836
0.000843
0.000835
0.000791
0.000739
0.000701
0.000701
0.000724
0.000758
0.000756
0.000709
0.000626
0.000564
0.000605
0.000760
0.000931
0.001054
0.001120
0.001135
0.001099
0.001011
0.000903
0.000809
0.000779
0.000802
0.000802
0.000751
0.000662
0.000613
0.000613
0.000622
0.000626
0.000664
0.000717
0.000749
0.000754
0.000745
0.000734
0.000716
0.000690
0.000668
0.000668
0.000730
0.000875
0.001095
0.001259
0.001295
0.001182
0.001034
0.000909
0.000855
0.000839
0.000854
0.000850
0.000835
0.000804
0.000762
0.000705
0.000648
0.000621
0.000618
0.000617
0.000585
0.000532
0.000480
0.000462
0.000476
0.000488
0.000497
0.000521
0.000564
0.000584
0.000590
0.000597
0.000628
0.000647
0.000641
0.000613
0.000581
0.000549
0.000528
0.000523
0.000525
0.000508
0.000469
0.000419
0.000379
0.000367
0.000392
0.000470
0.000599
0.000728
0.000817
0.000857
0.000881
0.000884
0.000872
0.000828
0.000756
0.000657
0.000572
0.000535
0.000556
0.000594
0.000615
0.000605
0.000584
0.000582
0.000595
0.000614
0.000604
0.000573
0.000505
0.000433
0.000389
0.000412
0.000452
0.000478
0.000483
0.000497
0.000505
0.000499
0.000491
0.000519
0.000576
0.000634
0.000673
0.000710
0.000732
0.000724
0.000666
0.000580
0.000484
0.000418
0.000410
0.000456
0.000533
0.000618
0.000711
0.000802
0.000886
0.000926
0.000900
0.000828
0.000769
0.000790
0.000827
0.000814
0.000728
0.000625
0.000529
0.000464
0.000423
0.000413
0.000429
0.000470
0.000537
0.000617
0.000700
0.000764
0.000803
0.000798
0.000750
0.000678
0.000610
0.000577
0.000557
0.000542
0.000518
0.000518
0.000545
0.000573
0.000574
0.000542
0.000505
0.000485
0.000474
0.000460
0.000445
0.000458
0.000495
0.000504
0.000507
0.000524
0.000574
0.000646
0.000717
0.000770
0.000804
0.000824
0.000830
0.000818
0.000791
0.000753
0.000710
0.000669
0.000637
0.000618
0.000614
0.000616
0.000618
0.000635
0.000663
0.000661
0.000613
0.000551
0.000514
0.000514
0.000516
0.000504
0.000499
0.000505
0.000508
0.000496
0.000463
0.000428
0.000403
0.000409
0.000445
0.000493
0.000541
0.000596
0.000648
0.000682
0.000668
0.000612
0.000532
0.000460
0.000416
0.000401
0.000418
0.000467
0.000544
0.000587
0.000585
0.000563
0.000590
0.000699
0.000855
0.000963
0.000952
0.000840
0.000678
0.000518
0.000385
0.000305
0.000287
0.000301
0.000300
0.000295
0.000306
0.000351
0.000418
0.000471
0.000512
0.000554
0.000609
0.000641
0.000639
0.000612
0.000570
0.000526
0.000478
0.000433
0.000399
0.000376
0.000386
0.000433
0.000481
0.000486
0.000460
0.000432
0.000415
0.000399
0.000375
0.000337
0.000293
0.000245
0.000211
0.000196
0.000216
0.000278
0.000344
0.000380
0.000371
0.000342
0.000321
0.000408
0.000554
0.000646
0.000641
0.000569
0.000501
0.000482
0.000522
0.000585
0.000635
0.000651
0.000652
0.000654
0.000657
0.000667
0.000686
0.000676
0.000613
0.000526
0.000453
0.000424
0.000448
0.000517
0.000584
0.000608
0.000570
0.000491
0.000407
0.000332
0.000270
0.000210
0.000160
0.000128
0.000138
0.000189
0.000261
0.000322
0.000366
0.000385
0.000394
0.000393
0.000402
0.000431
0.000471
0.000497
0.000506
0.000504
0.000513
0.000517
0.000512
0.000503
0.000492
0.000485
0.000459
0.000442
0.000455
0.000490
0.000487
0.000472
0.000474
0.000485
0.000478
0.000421
0.000326
0.000257
0.000292
0.000381
0.000475
0.000569
0.000637
0.000665
0.000647
0.000594
0.000511
0.000442
0.000434
0.000483
0.000522
0.000516
0.000465
0.000404
0.000351
0.000311
0.000283
0.000268
0.000283
0.000331
0.000397
0.000444
0.000469
0.000463
0.000440
0.000398
0.000344
0.000298
0.000276
0.000285
0.000303
0.000332
0.000348
0.000334
0.000288
0.000229
0.000190
0.000202
0.000263
0.000342
0.000404
0.000432
0.000436
0.000458
0.000514
0.000568
0.000597
0.000581
0.000538
0.000479
0.000422
0.000384
0.000364
0.000388
0.000463
0.000583
0.000670
0.000694
0.000645
0.000569
0.000495
0.000457
0.000452
0.000473
0.000487
0.000493
0.000472
0.000436
0.000392
0.000355
0.000331
0.000327
0.000347
0.000375
0.000385
0.000368
0.000345
0.000357
0.000404
0.000451
0.000494
0.000512
0.000497
0.000451
0.000408
0.000396
0.000421
0.000468
0.000523
0.000548
0.000529
0.000486
0.000473
0.000479
0.000480
0.000462
0.000455
0.000460
0.000468
0.000460
0.000421
0.000376
0.000344
0.000385
0.000477
0.000551
0.000587
0.000610
0.000621
0.000561
0.000459
0.000338
0.000270
0.000255
0.000261
0.000264
0.000269
0.000266
0.000267
0.000339
0.000506
0.000677
0.000747
0.000712
0.000604
0.000485
0.000406
0.000389
0.000429
0.000501
0.000564
0.000568
0.000529
0.000490
0.000503
0.000555
0.000598
0.000596
0.000551
0.000491
0.000479
0.000517
0.000547
0.000559
0.000528
0.000465
0.000418
0.000454
0.000532
0.000580
0.000608
0.000628
0.000636
0.000618
0.000573
0.000520
0.000464
0.000413
0.000367
0.000343
0.000348
0.000377
0.000394
0.000378
0.000325
0.000269
0.000244
0.000241
0.000227
0.000223
0.000259
0.000315
0.000375
0.000421
0.000456
0.000477
0.000487
0.000475
0.000449
0.000413
0.000383
0.000385
0.000429
0.000496
0.000562
0.000603
0.000632
0.000669
0.000716
0.000738
0.000711
0.000658
0.000594
0.000528
0.000484
0.000499
0.000530
0.000535
0.000511
0.000532
0.000606
0.000662
0.000661
0.000611
0.000569
0.000557
0.000592
0.000651
0.000703
0.000700
0.000658
0.000611
0.000596
0.000595
0.000574
0.000519
0.000455
0.000437
0.000467
0.000500
0.000502
0.000495
0.000483
0.000482
0.000494
0.000522
0.000545
0.000566
0.000575
0.000572
0.000556
0.000532
0.000481
0.000415
0.000345
0.000288
0.000231
0.000177
0.000161
0.000191
0.000242
0.000289
0.000348
0.000397
0.000431
0.000438
0.000427
0.000395
0.000348
0.000286
0.000230
0.000206
0.000214
0.000235
0.000256
0.000338
0.000448
0.000551
0.000611
0.000639
0.000636
0.000621
0.000599
0.000571
0.000528
0.000462
0.000380
0.000309
0.000271
0.000281
0.000305
0.000328
0.000343
0.000369
0.000390
0.000383
0.000358
0.000334
0.000321
0.000308
0.000291
0.000267
0.000237
0.000213
0.000208
0.000252
0.000378
0.000577
0.000746
0.000820
0.000772
0.000659
0.000519
0.000392
0.000298
0.000255
0.000239
0.000236
0.000253
0.000293
0.000327
0.000320
0.000321
0.000403
0.000541
0.000642
0.000673
0.000645
0.000596
0.000568
0.000570
0.000589
0.000602
0.000634
0.000702
0.000800
0.000868
0.000881
0.000820
0.000714
0.000605
0.000533
0.000490
0.000441
0.000370
0.000298
0.000269
0.000334
0.000454
0.000547
0.000581
0.000558
0.000513
0.000474
0.000447
0.000424
0.000389
0.000345
0.000302
0.000296
0.000334
0.000374
0.000401
0.000425
0.000463
0.000511
0.000562
0.000595
0.000592
0.000543
0.000469
0.000392
0.000335
0.000296
0.000267
0.000233
0.000201
0.000182
0.000179
0.000197
0.000251
0.000338
0.000425
0.000488
0.000525
0.000552
0.000591
0.000626
0.000652
0.000668
0.000685
0.000675
0.000672
0.000742
0.000887
0.000985
0.000982
0.000885
0.000780
0.000708
0.000663
0.000597
0.000512
0.000433
0.000397
0.000413
0.000469
0.000547
0.000622
0.000676
0.000692
0.000666
0.000599
0.000513
0.000425
0.000362
0.000336
0.000345
0.000390
0.000476
0.000575
0.000652
0.000681
0.000675
0.000657
0.000654
0.000655
0.000637
0.000616
0.000582
0.000539
0.000499
0.000471
0.000445
0.000408
0.000392
0.000509
0.000699
0.000866
0.000927
0.000927
0.000885
0.000838
0.000792
0.000805
0.000854
0.000891
0.000865
0.000810
0.000747
0.000710
0.000700
0.000703
0.000676
0.000605
0.000511
0.000436
0.000390
0.000368
0.000363
0.000359
0.000338
0.000308
0.000272
0.000249
0.000228
0.000218
0.000228
0.000256
0.000299
0.000350
0.000399
0.000440
0.000459
0.000434
0.000370
0.000308
0.000303
0.000348
0.000398
0.000431
0.000474
0.000524
0.000570
0.000598
0.000612
0.000611
0.000583
0.000524
0.000464
0.000440
0.000465
0.000496
0.000499
0.000466
0.000436
0.000420
0.000410
0.000363
0.000296
0.000245
0.000306
0.000451
0.000584
0.000667
0.000692
0.000672
0.000622
0.000556
0.000499
0.000467
0.000463
0.000464
0.000451
0.000434
0.000436
0.000468
0.000501
0.000514
0.000495
0.000468
0.000457
0.000461
0.000455
0.000426
0.000377
0.000321
0.000264
0.000212
0.000163
0.000147
0.000173
0.000210
0.000241
0.000286
0.000346
0.000396
0.000416
0.000408
0.000378
0.000344
0.000325
0.000339
0.000362
0.000376
0.000379
0.000382
0.000386
0.000395
0.000401
0.000418
0.000463
0.000544
0.000615
0.000653
0.000646
0.000591
0.000502
0.000408
0.000338
0.000309
0.000304
0.000311
0.000319
0.000334
0.000332
0.000316
0.000287
0.000253
0.000225
0.000205
0.000195
0.000188
0.000193
0.000210
0.000233
0.000264
0.000304
0.000351
0.000401
0.000475
0.000569
0.000637
0.000660
0.000630
0.000576
0.000500
0.000432
0.000385
0.000380
0.000388
0.000387
0.000356
0.000317
0.000305
0.000349
0.000422
0.000483
0.000487
0.000445
0.000402
0.000424
0.000511
0.000598
0.000665
0.000721
0.000803
0.000913
0.001026
0.001106
0.001132
0.001118
0.001109
0.001122
0.001152
0.001176
0.001210
0.001245
0.001265
0.001227
0.001163
0.001138
0.001186
0.001238
0.001248
0.001209
0.001144
0.001067
0.001007
0.000993
0.001032
0.001090
0.001120
0.001093
0.001038
0.000994
0.000979
0.000979
0.000996
0.001022
0.001043
0.001058
0.001073
0.001103
0.001150
0.001183
0.001185
0.001161
0.001132
0.001100
0.001059
0.001020
0.000996
0.000973
0.000943
0.000902
0.000865
0.000847
0.000877
0.000952
0.001042
0.001109
0.001142
0.001131
0.001086
0.001038
0.001029
0.001056
0.001081
0.001076
0.001050
0.001020
0.001009
0.001021
0.001044
0.001064
0.001074
0.001081
0.001072
0.001046
0.001004
0.000972
0.000952
0.000956
0.000965
0.000968
0.000961
0.001004
0.001113
0.001262
0.001368
0.001402
0.001374
0.001328
0.001294
0.001260
0.001215
0.001143
0.001061
0.000988
0.000942
0.000935
0.000969
0.001033
0.001091
0.001122
0.001130
0.001174
0.001266
0.001366
0.001411
0.001389
0.001310
0.001209
0.001109
0.001038
0.001020
0.001037
0.001052
0.001039
0.001034
0.001059
0.001112
0.001150
0.001157
0.001125
0.001078
0.001024
0.000988
0.000973
0.000992
0.001036
0.001085
0.001125
0.001148
0.001166
0.001161
0.001140
0.001130
0.001154
0.001192
0.001193
0.001166
0.001156
0.001175
0.001190
0.001177
0.001153
0.001153
0.001192
0.001240
0.001255
0.001231
0.001185
0.001174
0.001208
0.001229
0.001182
0.001094
0.001024
0.001010
0.001002
0.000977
0.000928
0.000885
0.000859
0.000860
0.000874
0.000902
0.000952
0.001021
0.001093
0.001156
0.001200
0.001221
0.001220
0.001204
0.001171
0.001133
0.001090
0.001057
0.001032
0.001022
0.001027
0.001054
0.001094
0.001128
0.001144
0.001151
0.001148
0.001127
0.001090
0.001050
0.001032
0.001060
0.001141
0.001263
0.001379
0.001477
0.001550
0.001598
0.001570
0.001465
0.001294
0.001137
0.001052
0.001059
0.001109
0.001173
0.001234
0.001275
0.001292
0.001275
0.001225
0.001152
0.001081
0.001030
0.000992
0.000956
0.000915
0.000883
0.000869
0.000886
0.000937
0.001006
0.001071
0.001117
0.001160
0.001211
0.001265
0.001282
0.001269
0.001256
0.001269
0.001296
0.001316
0.001338
0.001365
0.001364
0.001333
0.001289
0.001289
0.001334
0.001370
0.001346
0.001254
0.001132
0.001017
0.000937
0.000906
0.000903
0.000900
0.000891
0.000892
0.000898
0.000880
0.000852
0.000843
0.000873
0.000921
0.000944
0.000936
0.000905
0.000876
0.000857
0.000871
0.000928
0.001011
0.001088
0.001148
0.001178
0.001183
0.001180
0.001205
0.001259
0.001279
0.001236
0.001128
0.001003
0.000898
0.000841
0.000833
0.000864
0.000933
0.001020
0.001104
0.001154
0.001167
0.001155
0.001150
0.001177
0.001229
0.001282
0.001292
0.001267
0.001224
0.001171
0.001117
0.001072
0.001075
0.001114
0.001150
0.001147
0.001108
0.001072
0.001065
0.001097
0.001145
0.001176
0.001177
0.001151
0.001125
0.001101
0.001073
0.001040
0.001009
0.000980
0.000966
0.000969
0.000986
0.000993
0.000987
0.000979
0.000995
0.001036
0.001088
0.001134
0.001152
0.001132
0.001077
0.001021
0.000982
0.000964
0.000957
0.000967
0.001019
0.001119
0.001245
0.001332
0.001368
0.001359
0.001351
0.001341
0.001325
0.001301
0.001261
0.001198
0.001103
0.001010
0.000954
0.000951
0.000977
0.001025
0.001088
0.001162
0.001214
0.001238
0.001246
0.001285
0.001366
0.001470
0.001532
0.001523
0.001462
0.001422
0.001410
0.001399
0.001350
0.001286
0.001215
0.001148
0.001086
0.001032
0.001001
0.000998
0.001032
0.001072
0.001117
0.001155
0.001185
0.001203
0.001211
0.001204
0.001184
0.001159
0.001140
0.001130
0.001113
0.001087
0.001074
0.001108
0.001187
0.001274
0.001335
0.001382
0.001423
0.001433
0.001369
0.001256
0.001147
0.001085
0.001028
0.000966
0.000912
0.000909
0.000956
0.001023
0.001064
0.001053
0.001004
0.000927
0.000865
0.000849
0.000888
0.000953
0.001032
0.001122
0.001206
0.001265
0.001282
0.001253
0.001206
0.001178
0.001210
0.001264
0.001299
0.001288
0.001243
0.001177
0.001100
0.001032
0.000990
0.000987
0.001017
0.001102
0.001232
0.001351
0.001391
0.001347
0.001249
0.001135
0.001050
0.001009
0.001003
0.001022
0.001057
0.001096
0.001107
0.001079
0.001033
0.001004
0.000999
0.001016
0.001040
0.001082
0.001137
0.001186
0.001179
0.001110
0.001010
0.000934
0.000922
0.000956
0.000992
0.001013
0.001044
0.001104
0.001178
0.001253
0.001303
0.001318
0.001286
0.001232
0.001180
0.001165
0.001184
0.001201
0.001169
0.001079
0.000966
0.000872
0.000826
0.000850
0.000905
0.000968
0.001029
0.001120
0.001209
0.001261
0.001239
0.001163
0.001076
0.001020
0.001001
0.000992
0.001002
0.001040
0.001100
0.001147
0.001167
0.001150
0.001101
0.001037
0.000998
0.001012
0.001062
0.001091
0.001078
0.001015
0.000929
0.000854
0.000843
0.000884
0.000934
0.000965
0.000976
0.000974
0.000978
0.001008
0.001064
0.001118
0.001138
0.001117
0.001082
0.001054
0.001030
0.000989
0.000935
0.000909
0.000950
0.001048
0.001137
0.001182
0.001166
0.001123
0.001073
0.001030
0.000980
0.000931
0.000913
0.000935
0.000976
0.001021
0.001070
0.001117
0.001144
0.001124
0.001085
0.001066
0.001087
0.001115
0.001128
0.001124
0.001115
0.001127
0.001145
0.001166
0.001175
0.001187
0.001180
0.001166
0.001148
0.001132
0.001113
0.001093
0.001087
0.001084
0.001060
0.001007
0.000943
0.000903
0.000889
0.000902
0.000910
0.000938
0.000948
0.000928
0.000898
0.000932
0.001015
0.001066
0.001030
0.000932
0.000842
0.000824
0.000875
0.000961
0.001045
0.001115
0.001151
0.001167
0.001167
0.001185
0.001239
0.001318
0.001397
0.001440
0.001440
0.001378
0.001295
0.001206
0.001158
0.001147
0.001166
0.001179
0.001173
0.001143
0.001100
0.001069
0.001071
0.001106
0.001151
0.001204
0.001262
0.001323
0.001372
0.001376
0.001327
0.001244
0.001184
0.001199
0.001332
0.001543
0.001744
0.001845
0.001846
0.001762
0.001633
0.001481
0.001334
0.001226
0.001186
0.001218
0.001258
0.001260
0.001207
0.001155
0.001113
0.001094
0.001079
0.001077
0.001088
0.001105
0.001114
0.001109
0.001094
0.001085
0.001068
0.001042
0.000996
0.000947
0.000911
0.000917
0.000964
0.001029
0.001090
0.001137
0.001160
0.001173
0.001172
0.001167
0.001145
0.001114
0.001073
0.001031
0.000993
0.000976
0.000986
0.001012
0.001030
0.001051
0.001093
0.001171
0.001258
0.001322
0.001366
0.001400
0.001432
0.001432
0.001393
0.001325
0.001267
0.001242
0.001243
0.001239
0.001231
0.001234
0.001253
0.001283
0.001318
0.001341
0.001320
0.001258
0.001192
0.001168
0.001193
0.001251
0.001299
0.001313
0.001280
0.001212
0.001129
0.001064
0.001038
0.001065
0.001126
0.001190
0.001227
0.001217
0.001163
0.001107
0.001067
0.001036
0.001019
0.001029
0.001055
0.001060
0.001046
0.001045
0.001080
0.001124
0.001139
0.001115
0.001076
0.001055
0.001060
0.001074
0.001071
0.001053
0.001045
0.001055
0.001084
0.001114
0.001158
0.001206
0.001255
0.001290
0.001329
0.001397
0.001502
0.001590
0.001629
0.001580
0.001491
0.001387
0.001322
0.001282
0.001250
0.001206
0.001155
0.001127
0.001141
0.001189
0.001243
0.001283
0.001313
0.001327
0.001310
0.001244
0.001144
0.001055
0.001011
0.000995
0.000993
0.001009
0.001045
0.001080
0.001091
0.001084
0.001065
0.001051
0.001049
0.001077
0.001128
0.001180
0.001230
0.001268
0.001278
0.001247
0.001204
0.001175
0.001171
0.001172
0.001167
0.001120
0.001030
0.000929
0.000891
0.000923
0.000957
0.000961
0.000947
0.000965
0.001021
0.001103
0.001168
0.001222
0.001259
0.001274
0.001247
0.001197
0.001175
0.001226
0.001323
0.001439
0.001547
0.001598
0.001547
0.001426
0.001294
0.001189
0.001114
0.001062
0.001046
0.001079
0.001153
0.001240
0.001315
0.001358
0.001341
0.001282
0.001236
0.001239
0.001244
0.001209
0.001127
0.001042
0.000996
0.001001
0.001028
0.001046
0.001042
0.001013
0.000972
0.000949
0.000988
0.001086
0.001174
0.001203
0.001168
0.001112
0.001071
0.001094
0.001135
0.001152
0.001117
0.001064
0.001019
0.000988
0.000980
0.000996
0.001016
0.001025
0.001022
0.001015
0.000996
0.000957
0.000923
0.000915
0.000946
0.000997
0.001049
0.001067
0.001042
0.000990
0.000938
0.000907
0.000897
0.000898
0.000915
0.000951
0.001001
0.001054
0.001110
0.001169
0.001209
0.001194
0.001098
0.000963
0.000894
0.000961
0.001067
0.001119
0.001121
0.001128
0.001147
0.001159
0.001139
0.001098
0.001056
0.001027
0.001024
0.001056
0.001132
0.001232
0.001312
0.001341
0.001314
0.001240
0.001130
0.001005
0.000887
0.000815
0.000801
0.000837
0.000884
0.000917
0.000930
0.000910
0.000863
0.000809
0.000779
0.000783
0.000813
0.000857
0.000911
0.000963
0.000994
0.000996
0.000982
0.000980
0.001024
0.001102
0.001180
0.001217
0.001209
0.001180
0.001135
0.001071
0.001013
0.001017
0.001065
0.001106
0.001129
0.001177
0.001259
0.001350
0.001410
0.001439
0.001412
0.001335
0.001231
0.001176
0.001191
0.001246
0.001276
0.001257
0.001193
0.001121
0.001068
0.001057
0.001095
0.001160
0.001196
0.001166
0.001064
0.000912
0.000738
0.000569
0.000421
0.000302
0.000211
0.000144
0.000097
0.000064
0.000042
0.000027
0.000017
0.000011
0.000007
0.000004
0.000003
0.000002
0.000001
0.000001
0.000000
0.000000
0.000000
0.000000
0.000000
0.000000
0.000000
0.000000
0.000000
0.000000
0.000000
0.000000
0.000000
0.000000
0.000000
0.000000
0.000000
0.000000
0.000000
0.000000
0.000000
0.000000
0.000000
0.000000
0.000000
0.000000
0.000000
0.000000
0.000000
0.000000
0.000000
0.000000
0.000000
0.000000
0.000000
0.000000
0.000000
0.000000
0.000000
0.000000
0.000000
0.000000
0.000000
0.000000
0.000000
0.000000
0.000000
0.000000
0.000000
0.000000
0.000000
0.000000
0.000000
0.000000
0.000000
0.000000
0.000000
0.000000
0.000000
0.000000
0.000000
0.000000
0.000000
0.000000
0.000000
0.000000
0.000000
0.000000
0.000000
0.000000
0.000000
0.000000
0.000000
0.000000
0.000000
0.000000
0.000000
0.000000
0.000000
0.000000
0.000000
0.000000
0.000000
0.000000
0.000000
0.000000
0.000000
0.000000
0.000000
0.000000
0.000000
0.000000
0.000000
0.000000
0.000000
0.000000
0.000000
0.000000
0.000000
0.000000
0.000000
0.000000
0.000000
0.000000
0.000000
0.000000
0.000000
0.000000
0.000000
0.000000
0.000000
0.000000
0.000000
0.000000
0.000000
0.000000
0.000000
0.000000
0.000000
0.000000
0.000000
0.000000
0.000000
0.000000
0.000000
0.000000
0.000000
