0.005135
0.014672
0.009813
0.008967
0.009296
0.013960
0.014723
0.015797
0.017072
0.018547
0.020113
0.021544
0.022746
0.023619
0.024251
0.024694
0.025090
0.025446
0.025767
0.025984
0.026104
0.026142
0.026153
0.026169
0.026175
0.026118
0.025923
0.025602
0.025233
0.024917
0.024719
0.024580
0.024420
0.024120
0.023640
0.022862
0.021673
0.019970
0.017802
0.010308
0.009450
0.009213
0.009931
0.011954
0.023169
0.033419
0.047883
0.067160
0.091369
0.120410
0.154500
0.193214
0.236228
0.283073
0.334329
0.389698
0.448725
0.510231
0.574033
0.639554
0.705879
0.771908
0.837658
0.903968
0.971289
1.039124
1.106030
1.169852
1.227606
1.276562
1.315182
1.343613
1.363000
1.374727
1.380490
1.382102
1.381782
1.380956
1.380321
1.379453
1.378252
1.376835
1.375582
1.373969
1.370832
1.364948
1.355855
1.344368
1.332010
1.321040
1.313226
1.309881
1.310956
1.315630
1.322482
1.330301
1.338577
1.347544
1.358239
1.371740
1.388281
1.406883
1.426253
1.445526
1.464404
1.482296
1.498964
1.514907
1.531133
1.547847
1.564618
1.581345
1.598685
1.616851
1.635212
1.652668
1.669244
1.685806
1.703178
1.721352
1.739209
1.756371
1.771829
1.785814
1.797316
1.806724
1.813773
1.819538
1.824792
1.830461
1.836830
1.843812
1.851452
1.859199
1.866355
1.872061
1.876498
1.880153
1.883157
1.885423
1.886505
1.886959
1.886191
1.884909
1.882719
1.881069
1.879586
1.879095
1.878853
1.879079
1.878355
1.876486
1.873027
1.869207
1.865253
1.861893
1.858789
1.856291
1.854245
1.852900
1.852007
1.851323
1.850457
1.849198
1.847531
1.845308
1.842731
1.839841
1.837387
1.835722
1.835428
1.836160
1.837953
1.840611
1.844572
1.849579
1.855924
1.863741
1.874031
1.886747
1.901413
1.916463
1.930889
1.944082
1.955801
1.965928
1.973911
1.979894
1.983086
1.982948
1.977886
1.968022
1.954244
1.938804
1.923306
1.908815
1.895359
1.882018
1.867376
1.850410
1.831872
1.812712
1.793843
1.774432
1.754887
1.735245
1.716380
1.697122
1.677131
1.656150
1.635416
1.615604
1.597200
1.580276
1.564522
1.549609
1.535175
1.521476
1.508356
1.494871
1.480326
1.464524
1.448481
1.432275
1.416362
1.400679
1.385861
1.371491
1.357198
1.342356
1.327301
1.312226
1.297437
1.283033
1.269210
1.256165
1.243464
1.231138
1.219062
1.207704
1.196846
1.186367
1.176136
1.166192
1.156330
1.146157
1.135166
1.123145
1.109775
1.094941
1.078929
1.062275
1.045944
1.030116
1.015248
1.000920
0.987041
0.972559
0.957194
0.940959
0.924918
0.909829
0.895831
0.882512
0.869000
0.854837
0.839424
0.823447
0.807710
0.793630
0.781269
0.770187
0.759066
0.747050
0.733866
0.720099
0.706655
0.694231
0.683022
0.673027
0.664068
0.655943
0.648244
0.640535
0.632548
0.624179
0.615574
0.607162
0.599388
0.592671
0.586905
0.581815
0.577166
0.572847
0.568921
0.565079
0.561125
0.556789
0.552269
0.547747
0.543572
0.539780
0.536563
0.533744
0.531136
0.528136
0.524192
0.518898
0.512660
0.506400
0.501107
0.496950
0.493381
0.489802
0.486044
0.482686
0.480282
0.479194
0.479049
0.479026
0.478636
0.477643
0.476535
0.475288
0.474003
0.472344
0.470233
0.467672
0.464815
0.461951
0.459309
0.457067
0.455371
0.454124
0.453176
0.452163
0.450745
0.448879
0.446749
0.444632
0.442451
0.440254
0.438100
0.436370
0.435310
0.434591
0.433904
0.432943
0.432120
0.431513
0.431170
0.430686
0.429869
0.428632
0.427046
0.425320
0.423718
0.422331
0.421158
0.419900
0.418503
0.416772
0.414860
0.412931
0.411501
0.410856
0.411020
0.411557
0.411885
0.411708
0.410995
0.410126
0.409251
0.408394
0.407213
0.405270
0.402634
0.399712
0.396952
0.395171
0.394556
0.395015
0.395633
0.395747
0.394948
0.393651
0.392247
0.391362
0.391047
0.391335
0.391704
0.391995
0.392171
0.392703
0.393943
0.395873
0.398011
0.399556
0.400362
0.400568
0.400701
0.400621
0.400104
0.399139
0.398173
0.397836
0.398220
0.399188
0.400178
0.400857
0.400826
0.400178
0.399055
0.397903
0.396922
0.396267
0.395718
0.395106
0.394263
0.393533
0.393048
0.393069
0.393246
0.393572
0.393792
0.393877
0.393835
0.393560
0.393455
0.393258
0.393157
0.392554
0.391559
0.390158
0.388930
0.388288
0.388457
0.389173
0.389963
0.390396
0.390326
0.389863
0.389211
0.388573
0.387896
0.386962
0.385405
0.383112
0.380231
0.377147
0.374137
0.371282
0.368569
0.366211
0.364621
0.363970
0.363733
0.362798
0.360499
0.356945
0.353119
0.349584
0.346485
0.343303
0.339652
0.335263
0.330264
0.325022
0.319974
0.315304
0.310673
0.305564
0.299533
0.292672
0.285200
0.277456
0.269597
0.261836
0.254199
0.246661
0.239034
0.231546
0.224301
0.217661
0.211290
0.205247
0.199084
0.193109
0.187226
0.181873
0.177044
0.173007
0.169680
0.167079
0.164993
0.163278
0.161648
0.159917
0.158150
0.156732
0.156076
0.156083
0.156393
0.156461
0.156131
0.155365
0.154383
0.153335
0.152411
0.151633
0.151097
0.150657
0.150220
0.149529
0.148513
0.147172
0.145614
0.143944
0.142219
0.140456
0.138737
0.137098
0.135572
0.133985
0.132337
0.130750
0.129565
0.128951
0.128830
0.128916
0.128897
0.128561
0.127805
0.126817
0.125953
0.125597
0.125683
0.125937
0.125901
0.125356
0.124235
0.122851
0.121503
0.120444
0.119582
0.119052
0.118882
0.119078
0.119341
0.119476
0.119439
0.119240
0.118911
0.118520
0.118151
0.117799
0.117293
0.116661
0.116014
0.115677
0.115698
0.116015
0.116420
0.116784
0.117137
0.117408
0.117645
0.117774
0.117905
0.118076
0.118318
0.118606
0.118832
0.119004
0.119043
0.119083
0.119024
0.118924
0.118558
0.117964
0.117129
0.116306
0.115625
0.115148
0.114753
0.114276
0.113567
0.112566
0.111317
0.110078
0.109051
0.108413
0.108021
0.107673
0.107223
0.106740
0.106528
0.106736
0.107430
0.108384
0.109373
0.110132
0.110545
0.110795
0.111167
0.111926
0.112847
0.113678
0.114193
0.114685
0.115417
0.116625
0.118103
0.119621
0.120874
0.121891
0.122859
0.124103
0.125899
0.128258
0.131226
0.134649
0.138641
0.143062
0.147798
0.152481
0.156818
0.160544
0.163646
0.166374
0.169170
0.172211
0.175452
0.178642
0.181801
0.184964
0.188355
0.192260
0.197292
0.204077
0.212824
0.223490
0.235914
0.250474
0.267664
0.288411
0.313652
0.344166
0.380418
0.423111
0.473659
0.533222
0.601774
0.678297
0.761750
0.850615
0.941673
1.029584
1.108251
1.172082
1.216885
1.239904
1.239373
1.214421
1.165788
1.096842
1.012410
0.917315
0.815540
0.711600
0.610123
0.515324
0.429570
0.354233
0.289504
0.235155
0.190169
0.153565
0.124100
0.100585
0.081785
0.066745
0.054804
0.045409
0.038026
0.032139
0.027319
0.023323
0.019996
0.017295
0.015137
0.013494
0.009366
0.008907
0.008602
0.008405
0.008255
0.008131
0.008022
0.007954
0.007949
0.007990
0.008027
0.008012
0.007982
0.007991
0.008068
0.008162
0.008207
0.008175
0.008073
0.007952
0.007822
0.007675
0.007467
0.007228
0.007010
0.006893
0.006878
0.006950
0.007060
0.007167
0.007248
0.007299
0.007349
0.007395
0.007433
0.007414
0.007313
0.007129
0.006925
0.006759
0.006664
0.006622
0.006606
0.006621
0.006640
0.006661
0.006636
0.006611
0.006578
0.006575
0.006574
0.006628
0.006723
0.006860
0.006947
0.006992
0.006977
0.006955
0.006911
0.006863
0.006807
0.006744
0.006679
0.006613
0.006554
0.006509
0.006482
0.006490
0.006521
0.006558
0.006560
0.006547
0.006537
0.006550
0.006532
0.006442
0.006279
0.006109
0.005987
0.005940
0.005943
0.005971
0.005988
0.005964
0.005902
0.005814
0.005741
0.005677
0.005618
0.005542
0.005454
0.005361
0.005292
0.005268
0.005311
0.005420
0.005560
0.005693
0.005776
0.005822
0.005831
0.005823
0.005782
0.005721
0.005644
0.005576
0.005550
0.005596
0.005733
0.005903
0.006054
0.006126
0.006142
0.006127
0.006118
0.006104
0.006077
0.006019
0.005924
0.005783
0.005607
0.005436
0.005288
0.005204
0.005171
0.005213
0.005290
0.005379
0.005436
0.005457
0.005453
0.005451
0.005474
0.005527
0.005612
0.005717
0.005819
0.005881
0.005861
0.005755
0.005594
0.005444
0.005334
0.005264
0.005204
0.005151
0.005067
0.004935
0.004721
0.004497
0.004323
0.004245
0.004210
0.004155
0.004079
0.004008
0.003975
0.003936
0.003880
0.003812
0.003799
0.003868
0.004034
0.004281
0.004597
0.004936
0.005219
0.005377
0.005391
0.005299
0.005164
0.005043
0.004979
0.004962
0.004955
0.004889
0.004747
0.004547
0.004386
0.004340
0.004457
0.004683
0.004919
0.005076
0.005102
0.005028
0.004899
0.004804
0.004771
0.004806
0.004859
0.004898
0.004915
0.004909
0.004905
0.004888
0.004876
0.004882
0.004938
0.005030
0.005092
0.005080
0.004997
0.004913
0.004856
0.004840
0.004822
0.004789
0.004718
0.004653
0.004620
0.004674
0.004788
0.004945
0.005086
0.005193
0.005248
0.005245
0.005192
0.005091
0.004970
0.004865
0.004813
0.004810
0.004820
0.004810
0.004795
0.004805
0.004843
0.004859
0.004812
0.004703
0.004585
0.004503
0.004476
0.004478
0.004472
0.004415
0.004309
0.004167
0.004051
0.003976
0.003944
0.003936
0.003957
0.004028
0.004145
0.004290
0.004437
0.004557
0.004647
0.004686
0.004707
0.004719
0.004781
0.004895
0.005061
0.005224
0.005352
0.005444
0.005519
0.005589
0.005623
0.005648
0.005678
0.005783
0.005933
0.006107
0.006246
0.006350
0.006430
0.006506
0.006594
0.006685
0.006765
0.006805
0.006782
0.006700
0.006580
0.006483
0.006428
0.006413
0.006363
0.006236
0.006044
0.005845
0.005687
0.005563
0.005459
0.005365
0.005283
0.005209
0.005130
0.005066
0.005032
0.005043
0.005068
0.005080
0.005063
0.005056
0.005085
0.005170
0.005283
0.005394
0.005468
0.005491
0.005471
0.005401
0.005314
0.005231
0.005190
0.005173
0.005127
0.005033
0.004904
0.004814
0.004740
0.004675
0.004555
0.004438
0.004353
0.004360
0.004424
0.004501
0.004531
0.004505
0.004447
0.004404
0.004404
0.004445
0.004502
0.004552
0.004606
0.004688
0.004804
0.004932
0.005025
0.005072
0.005058
0.005016
0.004965
0.004945
0.004945
0.004954
0.004948
0.004938
0.004937
0.004951
0.004977
0.005017
0.005072
0.005149
0.005233
0.005304
0.005327
0.005295
0.005212
0.005103
0.005003
0.004934
0.004902
0.004893
0.004898
0.004920
0.004970
0.005050
0.005160
0.005269
0.005351
0.005371
0.005338
0.005271
0.005197
0.005125
0.005074
0.005037
0.005031
0.005029
0.005052
0.005068
0.005077
0.005032
0.004943
0.004818
0.004707
0.004639
0.004613
0.004578
0.004493
0.004349
0.004188
0.004058
0.003995
0.004005
0.004066
0.004152
0.004236
0.004300
0.004319
0.004269
0.004152
0.003981
0.003800
0.003640
0.003532
0.003465
0.003407
0.003313
0.003156
0.002938
0.002671
0.002374
0.002070
0.001791
0.001564
0.001405
0.001326
0.001335
0.001414
0.001550
0.001704
0.001887
0.002103
0.002396
0.002760
0.003187
0.003620
0.004027
0.004376
0.004672
0.004923
0.005147
0.005349
0.005527
0.005648
0.005683
0.005620
0.005507
0.005392
0.005309
0.005224
0.005117
0.004968
0.004825
0.004717
0.004678
0.004695
0.004753
0.004823
0.004886
0.004928
0.004945
0.004946
0.004942
0.004943
0.004956
0.004985
0.005016
0.005035
0.005030
0.005033
0.005058
0.005131
0.005224
0.005313
0.005351
0.005342
0.005298
0.005265
0.005229
0.005183
0.005091
0.004985
0.004880
0.004820
0.004809
0.004851
0.004930
0.005028
0.005140
0.005253
0.005350
0.005400
0.005390
0.005322
0.005210
0.005059
0.004904
0.004774
0.004708
0.004696
0.004726
0.004785
0.004887
0.005023
0.005164
0.005257
0.005275
0.005224
0.005129
0.005014
0.004886
0.004761
0.004644
0.004546
0.004452
0.004350
0.004217
0.004048
0.003848
0.003641
0.003456
0.003306
0.003196
0.003113
0.003052
0.002987
0.002924
0.002861
0.002836
0.002850
0.002913
0.003006
0.003112
0.003221
0.003321
0.003433
0.003547
0.003679
0.003817
0.003968
0.004111
0.004224
0.004292
0.004327
0.004360
0.004409
0.004469
0.004514
0.004527
0.004517
0.004502
0.004496
0.004479
0.004447
0.004389
0.004334
0.004285
0.004251
0.004206
0.004144
0.004051
0.003927
0.003767
0.003576
0.003386
0.003228
0.003139
0.003112
0.003132
0.003150
0.003149
0.003110
0.003046
0.002951
0.002846
0.002746
0.002676
0.002631
0.002595
0.002560
0.002524
0.002495
0.002462
0.002436
0.002423
0.002430
0.002443
0.002453
0.002467
0.002503
0.002564
0.002645
0.002727
0.002790
0.002817
0.002806
0.002774
0.002743
0.002726
0.002715
0.002695
0.002666
0.002641
0.002637
0.002645
0.002657
0.002657
0.002656
0.002644
0.002628
0.002604
0.002599
0.002606
0.002625
0.002633
0.002631
0.002620
0.002601
0.002581
0.002552
0.002521
0.002489
0.002468
0.002450
0.002429
0.002393
0.002351
0.002305
0.002266
0.002233
0.002211
0.002192
0.002175
0.002154
0.002143
0.002135
0.002124
0.002088
0.002036
0.001990
0.001993
0.002041
0.002114
0.002153
0.002143
0.002083
0.002010
0.001932
0.001866
0.001799
0.001744
0.001698
0.001675
0.001675
0.001708
0.001758
0.001809
0.001821
0.001790
0.001726
0.001686
0.001702
0.001781
0.001890
0.001994
0.002068
0.002110
0.002136
0.002170
0.002218
0.002265
0.002283
0.002272
0.002236
0.002207
0.002195
0.002227
0.002298
0.002392
0.002471
0.002512
0.002507
0.002471
0.002429
0.002394
0.002358
0.002294
0.002197
0.002088
0.002011
0.001992
0.002029
0.002100
0.002175
0.002235
0.002276
0.002302
0.002317
0.002305
0.002260
0.002180
0.002095
0.002029
0.002007
0.002028
0.002088
0.002177
0.002269
0.002332
0.002333
0.002271
0.002176
0.002091
0.002042
0.002024
0.002020
0.002007
0.001978
0.001927
0.001863
0.001797
0.001750
0.001727
0.001727
0.001755
0.001807
0.001879
0.001954
0.002020
0.002065
0.002076
0.002059
0.002039
0.002045
0.002071
0.002084
0.002063
0.002019
0.001989
0.001995
0.002036
0.002091
0.002150
0.002211
0.002287
0.002375
0.002467
0.002527
0.002532
0.002482
0.002413
0.002374
0.002388
0.002447
0.002517
0.002563
0.002567
0.002544
0.002529
0.002562
0.002649
0.002773
0.002911
0.003065
0.003241
0.003432
0.003624
0.003798
0.003958
0.004119
0.004294
0.004490
0.004685
0.004867
0.005026
0.005176
0.005308
0.005400
0.005425
0.005377
0.005279
0.005156
0.005020
0.004850
0.004629
0.004348
0.004022
0.003677
0.003337
0.003024
0.002752
0.002526
0.002342
0.002179
0.002034
0.001898
0.001776
0.001666
0.001586
0.001547
0.001543
0.001550
0.001554
0.001560
0.001582
0.001617
0.001666
0.001708
0.001735
0.001727
0.001701
0.001661
0.001623
0.001574
0.001519
0.001461
0.001416
0.001387
0.001371
0.001367
0.001366
0.001364
0.001343
0.001307
0.001267
0.001253
0.001273
0.001319
0.001370
0.001409
0.001425
0.001410
0.001362
0.001292
0.001219
0.001175
0.001169
0.001197
0.001226
0.001245
0.001244
0.001241
0.001238
0.001239
0.001234
0.001217
0.001190
0.001162
0.001149
0.001157
0.001176
0.001201
0.001218
0.001226
0.001217
0.001195
0.001171
0.001153
0.001145
0.001139
0.001121
0.001087
0.001042
0.001004
0.000974
0.000960
0.000956
0.000978
0.001018
0.001071
0.001109
0.001123
0.001112
0.001098
0.001097
0.001104
0.001109
0.001105
0.001106
0.001109
0.001117
0.001123
0.001138
0.001170
0.001209
0.001255
0.001281
0.001298
0.001291
0.001283
0.001272
0.001281
0.001308
0.001351
0.001399
0.001449
0.001515
0.001605
0.001714
0.001821
0.001901
0.001958
0.002007
0.002073
0.002150
0.002229
0.002301
0.002359
0.002399
0.002400
0.002382
0.002363
0.002382
0.002419
0.002464
0.002480
0.002467
0.002411
0.002337
0.002256
0.002191
0.002124
0.002038
0.001921
0.001794
0.001684
0.001617
0.001588
0.001583
0.001563
0.001510
0.001418
0.001304
0.001183
0.001068
0.000971
0.000896
0.000848
0.000820
0.000808
0.000806
0.000811
0.000824
0.000843
0.000866
0.000891
0.000901
0.000889
0.000849
0.000801
0.000761
0.000750
0.000767
0.000803
0.000831
0.000846
0.000841
0.000831
0.000815
0.000804
0.000791
0.000780
0.000764
0.000741
0.000709
0.000678
0.000655
0.000642
0.000638
0.000644
0.000667
0.000707
0.000748
0.000775
0.000780
0.000778
0.000786
0.000805
0.000824
0.000829
0.000809
0.000769
0.000720
0.000679
0.000648
0.000633
0.000635
0.000654
0.000679
0.000701
0.000716
0.000725
0.000729
0.000719
0.000691
0.000651
0.000608
0.000575
0.000560
0.000564
0.000577
0.000585
0.000582
0.000577
0.000592
0.000637
0.000702
0.000765
0.000808
0.000826
0.000821
0.000801
0.000771
0.000739
0.000705
0.000667
0.000628
0.000598
0.000585
0.000597
0.000629
0.000678
0.000721
0.000754
0.000769
0.000781
0.000788
0.000793
0.000783
0.000768
0.000756
0.000758
0.000770
0.000785
0.000803
0.000827
0.000865
0.000903
0.000934
0.000945
0.000945
0.000948
0.000967
0.000996
0.001025
0.001037
0.001023
0.000981
0.000929
0.000882
0.000857
0.000842
0.000834
0.000833
0.000840
0.000849
0.000843
0.000822
0.000786
0.000748
0.000713
0.000694
0.000698
0.000732
0.000788
0.000850
0.000889
0.000899
0.000887
0.000886
0.000907
0.000952
0.000997
0.001031
0.001047
0.001052
0.001044
0.001023
0.000988
0.000949
0.000913
0.000891
0.000885
0.000901
0.000934
0.000979
0.001014
0.001027
0.001013
0.000986
0.000966
0.000962
0.000965
0.000965
0.000950
0.000924
0.000882
0.000829
0.000766
0.000711
0.000670
0.000656
0.000662
0.000679
0.000684
0.000675
0.000663
0.000657
0.000657
0.000659
0.000673
0.000712
0.000776
0.000843
0.000887
0.000897
0.000890
0.000884
0.000888
0.000897
0.000903
0.000904
0.000899
0.000895
0.000891
0.000890
0.000887
0.000883
0.000882
0.000890
0.000904
0.000918
0.000924
0.000923
0.000913
0.000896
0.000874
0.000844
0.000808
0.000768
0.000733
0.000707
0.000693
0.000691
0.000693
0.000689
0.000665
0.000625
0.000582
0.000562
0.000565
0.000586
0.000606
0.000631
0.000656
0.000684
0.000705
0.000726
0.000750
0.000782
0.000815
0.000841
0.000851
0.000833
0.000791
0.000729
0.000674
0.000633
0.000625
0.000646
0.000696
0.000751
0.000796
0.000813
0.000801
0.000760
0.000702
0.000645
0.000606
0.000588
0.000579
0.000569
0.000563
0.000577
0.000612
0.000659
0.000699
0.000726
0.000738
0.000745
0.000742
0.000729
0.000705
0.000680
0.000657
0.000640
0.000619
0.000603
0.000593
0.000603
0.000616
0.000631
0.000633
0.000636
0.000638
0.000641
0.000634
0.000620
0.000612
0.000624
0.000666
0.000709
0.000741
0.000746
0.000741
0.000721
0.000694
0.000662
0.000640
0.000635
0.000639
0.000638
0.000618
0.000585
0.000544
0.000509
0.000496
0.000512
0.000553
0.000591
0.000613
0.000613
0.000614
0.000628
0.000663
0.000707
0.000741
0.000756
0.000745
0.000716
0.000674
0.000630
0.000587
0.000552
0.000523
0.000504
0.000487
0.000475
0.000461
0.000449
0.000433
0.000421
0.000416
0.000427
0.000449
0.000484
0.000523
0.000573
0.000628
0.000682
0.000720
0.000735
0.000729
0.000711
0.000684
0.000653
0.000617
0.000579
0.000543
0.000515
0.000493
0.000471
0.000451
0.000434
0.000423
0.000417
0.000413
0.000407
0.000406
0.000412
0.000434
0.000457
0.000479
0.000479
0.000467
0.000443
0.000421
0.000401
0.000381
0.000360
0.000347
0.000361
0.000413
0.000493
0.000571
0.000622
0.000641
0.000641
0.000630
0.000615
0.000599
0.000593
0.000605
0.000629
0.000652
0.000660
0.000648
0.000624
0.000595
0.000569
0.000547
0.000529
0.000512
0.000497
0.000487
0.000486
0.000500
0.000524
0.000557
0.000586
0.000610
0.000616
0.000614
0.000595
0.000572
0.000540
0.000515
0.000494
0.000487
0.000486
0.000493
0.000498
0.000512
0.000536
0.000573
0.000604
0.000623
0.000624
0.000620
0.000617
0.000619
0.000614
0.000602
0.000579
0.000553
0.000522
0.000491
0.000464
0.000449
0.000452
0.000473
0.000510
0.000546
0.000570
0.000575
0.000564
0.000549
0.000538
0.000538
0.000549
0.000569
0.000589
0.000599
0.000594
0.000578
0.000568
0.000572
0.000587
0.000594
0.000586
0.000561
0.000536
0.000514
0.000498
0.000485
0.000479
0.000478
0.000479
0.000473
0.000468
0.000468
0.000482
0.000504
0.000532
0.000562
0.000592
0.000614
0.000620
0.000613
0.000608
0.000624
0.000656
0.000694
0.000723
0.000744
0.000753
0.000751
0.000734
0.000708
0.000678
0.000645
0.000611
0.000576
0.000545
0.000520
0.000507
0.000500
0.000503
0.000507
0.000517
0.000523
0.000531
0.000543
0.000564
0.000594
0.000629
0.000657
0.000669
0.000666
0.000655
0.000647
0.000643
0.000634
0.000614
0.000585
0.000563
0.000554
0.000561
0.000569
0.000573
0.000565
0.000551
0.000531
0.000510
0.000492
0.000473
0.000459
0.000442
0.000429
0.000415
0.000405
0.000398
0.000400
0.000407
0.000414
0.000418
0.000417
0.000419
0.000432
0.000455
0.000480
0.000496
0.000502
0.000500
0.000498
0.000491
0.000477
0.000454
0.000431
0.000418
0.000414
0.000408
0.000392
0.000367
0.000346
0.000343
0.000366
0.000414
0.000466
0.000514
0.000545
0.000566
0.000569
0.000556
0.000526
0.000491
0.000459
0.000432
0.000406
0.000381
0.000357
0.000333
0.000312
0.000296
0.000296
0.000303
0.000314
0.000315
0.000316
0.000320
0.000338
0.000360
0.000386
0.000407
0.000432
0.000450
0.000461
0.000454
0.000441
0.000429
0.000432
0.000445
0.000463
0.000479
0.000493
0.000502
0.000501
0.000483
0.000455
0.000423
0.000403
0.000401
0.000420
0.000450
0.000479
0.000504
0.000523
0.000543
0.000563
0.000585
0.000613
0.000643
0.000666
0.000664
0.000636
0.000592
0.000550
0.000512
0.000479
0.000449
0.000430
0.000430
0.000442
0.000459
0.000474
0.000488
0.000500
0.000507
0.000506
0.000496
0.000485
0.000483
0.000496
0.000508
0.000508
0.000492
0.000473
0.000458
0.000445
0.000425
0.000404
0.000383
0.000373
0.000375
0.000388
0.000411
0.000434
0.000448
0.000445
0.000430
0.000412
0.000399
0.000401
0.000416
0.000441
0.000468
0.000488
0.000501
0.000501
0.000492
0.000474
0.000462
0.000455
0.000456
0.000455
0.000451
0.000448
0.000450
0.000454
0.000455
0.000451
0.000440
0.000429
0.000424
0.000433
0.000463
0.000507
0.000556
0.000585
0.000585
0.000556
0.000512
0.000467
0.000430
0.000406
0.000393
0.000394
0.000408
0.000439
0.000473
0.000500
0.000497
0.000468
0.000420
0.000377
0.000349
0.000344
0.000356
0.000377
0.000400
0.000414
0.000420
0.000421
0.000426
0.000434
0.000438
0.000428
0.000399
0.000361
0.000320
0.000290
0.000277
0.000293
0.000325
0.000358
0.000370
0.000363
0.000346
0.000337
0.000342
0.000358
0.000379
0.000397
0.000409
0.000412
0.000407
0.000393
0.000373
0.000349
0.000323
0.000299
0.000283
0.000284
0.000304
0.000331
0.000356
0.000371
0.000382
0.000385
0.000378
0.000356
0.000325
0.000289
0.000255
0.000224
0.000199
0.000187
0.000192
0.000216
0.000248
0.000280
0.000301
0.000321
0.000341
0.000366
0.000384
0.000391
0.000385
0.000372
0.000356
0.000342
0.000340
0.000351
0.000373
0.000396
0.000416
0.000427
0.000433
0.000434
0.000433
0.000426
0.000419
0.000411
0.000401
0.000391
0.000384
0.000382
0.000383
0.000380
0.000370
0.000348
0.000317
0.000279
0.000239
0.000201
0.000171
0.000155
0.000158
0.000176
0.000200
0.000218
0.000227
0.000226
0.000224
0.000230
0.000246
0.000265
0.000280
0.000287
0.000293
0.000301
0.000314
0.000324
0.000328
0.000323
0.000309
0.000294
0.000280
0.000279
0.000284
0.000296
0.000308
0.000322
0.000334
0.000341
0.000339
0.000334
0.000330
0.000338
0.000354
0.000376
0.000391
0.000395
0.000383
0.000362
0.000336
0.000312
0.000291
0.000277
0.000271
0.000274
0.000283
0.000293
0.000298
0.000294
0.000285
0.000273
0.000261
0.000250
0.000243
0.000239
0.000244
0.000255
0.000273
0.000285
0.000287
0.000278
0.000267
0.000262
0.000266
0.000274
0.000282
0.000282
0.000270
0.000246
0.000217
0.000192
0.000178
0.000175
0.000182
0.000194
0.000207
0.000218
0.000226
0.000236
0.000248
0.000260
0.000265
0.000260
0.000246
0.000225
0.000203
0.000188
0.000190
0.000209
0.000237
0.000259
0.000265
0.000258
0.000244
0.000237
0.000245
0.000273
0.000309
0.000340
0.000353
0.000349
0.000329
0.000302
0.000275
0.000253
0.000237
0.000226
0.000222
0.000221
0.000225
0.000233
0.000245
0.000261
0.000282
0.000298
0.000309
0.000308
0.000300
0.000282
0.000261
0.000242
0.000234
0.000238
0.000254
0.000271
0.000286
0.000288
0.000282
0.000270
0.000263
0.000263
0.000269
0.000275
0.000277
0.000278
0.000277
0.000279
0.000283
0.000289
0.000297
0.000308
0.000325
0.000336
0.000337
0.000321
0.000299
0.000273
0.000249
0.000224
0.000204
0.000185
0.000171
0.000163
0.000171
0.000193
0.000222
0.000244
0.000254
0.000257
0.000262
0.000273
0.000291
0.000311
0.000328
0.000338
0.000340
0.000338
0.000336
0.000340
0.000348
0.000357
0.000360
0.000359
0.000361
0.000372
0.000389
0.000406
0.000416
0.000418
0.000414
0.000406
0.000399
0.000391
0.000384
0.000372
0.000362
0.000350
0.000335
0.000317
0.000300
0.000295
0.000299
0.000314
0.000328
0.000340
0.000342
0.000331
0.000306
0.000274
0.000243
0.000221
0.000211
0.000214
0.000232
0.000256
0.000282
0.000296
0.000303
0.000302
0.000300
0.000303
0.000309
0.000318
0.000325
0.000330
0.000335
0.000345
0.000362
0.000387
0.000420
0.000453
0.000480
0.000493
0.000494
0.000482
0.000463
0.000434
0.000402
0.000374
0.000359
0.000351
0.000344
0.000334
0.000325
0.000321
0.000321
0.000319
0.000312
0.000306
0.000312
0.000342
0.000393
0.000443
0.000471
0.000470
0.000452
0.000432
0.000412
0.000391
0.000364
0.000343
0.000329
0.000326
0.000323
0.000316
0.000303
0.000293
0.000290
0.000294
0.000301
0.000308
0.000312
0.000315
0.000313
0.000311
0.000303
0.000295
0.000281
0.000269
0.000254
0.000240
0.000227
0.000217
0.000215
0.000218
0.000229
0.000240
0.000254
0.000260
0.000257
0.000239
0.000215
0.000190
0.000170
0.000159
0.000161
0.000172
0.000184
0.000196
0.000214
0.000244
0.000278
0.000309
0.000327
0.000336
0.000336
0.000332
0.000322
0.000308
0.000284
0.000257
0.000231
0.000221
0.000223
0.000235
0.000245
0.000253
0.000258
0.000260
0.000257
0.000250
0.000243
0.000234
0.000224
0.000210
0.000197
0.000183
0.000169
0.000157
0.000157
0.000182
0.000238
0.000313
0.000375
0.000404
0.000390
0.000353
0.000307
0.000267
0.000237
0.000219
0.000214
0.000218
0.000228
0.000235
0.000240
0.000242
0.000253
0.000271
0.000294
0.000312
0.000318
0.000312
0.000298
0.000283
0.000275
0.000282
0.000306
0.000342
0.000378
0.000401
0.000409
0.000405
0.000394
0.000381
0.000370
0.000357
0.000341
0.000319
0.000295
0.000275
0.000270
0.000278
0.000301
0.000326
0.000344
0.000351
0.000347
0.000335
0.000317
0.000292
0.000260
0.000230
0.000205
0.000190
0.000184
0.000185
0.000199
0.000219
0.000249
0.000280
0.000312
0.000334
0.000341
0.000335
0.000319
0.000299
0.000273
0.000243
0.000210
0.000178
0.000149
0.000130
0.000126
0.000139
0.000165
0.000196
0.000227
0.000260
0.000294
0.000323
0.000339
0.000341
0.000334
0.000322
0.000315
0.000312
0.000320
0.000336
0.000355
0.000369
0.000380
0.000385
0.000393
0.000396
0.000396
0.000390
0.000380
0.000367
0.000352
0.000340
0.000335
0.000337
0.000343
0.000344
0.000336
0.000313
0.000280
0.000243
0.000212
0.000194
0.000192
0.000201
0.000216
0.000234
0.000253
0.000271
0.000291
0.000315
0.000346
0.000375
0.000397
0.000407
0.000409
0.000400
0.000386
0.000369
0.000361
0.000361
0.000379
0.000407
0.000446
0.000477
0.000498
0.000501
0.000496
0.000478
0.000456
0.000431
0.000414
0.000399
0.000389
0.000379
0.000377
0.000385
0.000403
0.000418
0.000422
0.000417
0.000406
0.000395
0.000383
0.000376
0.000370
0.000364
0.000346
0.000321
0.000292
0.000265
0.000243
0.000227
0.000225
0.000236
0.000257
0.000280
0.000305
0.000330
0.000348
0.000355
0.000344
0.000325
0.000299
0.000275
0.000253
0.000240
0.000239
0.000259
0.000291
0.000325
0.000349
0.000358
0.000356
0.000343
0.000325
0.000307
0.000296
0.000293
0.000288
0.000280
0.000269
0.000265
0.000263
0.000263
0.000256
0.000251
0.000251
0.000263
0.000285
0.000313
0.000340
0.000358
0.000368
0.000373
0.000376
0.000378
0.000373
0.000361
0.000341
0.000315
0.000293
0.000278
0.000276
0.000279
0.000285
0.000290
0.000299
0.000310
0.000321
0.000326
0.000321
0.000304
0.000278
0.000248
0.000224
0.000211
0.000208
0.000211
0.000215
0.000221
0.000232
0.000256
0.000292
0.000331
0.000359
0.000368
0.000361
0.000345
0.000328
0.000313
0.000304
0.000302
0.000305
0.000309
0.000313
0.000318
0.000331
0.000350
0.000377
0.000400
0.000412
0.000404
0.000377
0.000338
0.000295
0.000257
0.000233
0.000221
0.000220
0.000220
0.000222
0.000220
0.000212
0.000200
0.000187
0.000180
0.000176
0.000173
0.000170
0.000172
0.000183
0.000202
0.000224
0.000249
0.000279
0.000314
0.000347
0.000374
0.000388
0.000391
0.000377
0.000351
0.000314
0.000282
0.000256
0.000244
0.000239
0.000237
0.000229
0.000218
0.000206
0.000204
0.000211
0.000226
0.000245
0.000270
0.000305
0.000357
0.000437
0.000536
0.000646
0.000748
0.000844
0.000939
0.001023
0.001078
0.001090
0.001071
0.001044
0.001024
0.001013
0.001002
0.000996
0.000991
0.000990
0.000989
0.000993
0.001001
0.001011
0.001015
0.001008
0.000986
0.000952
0.000918
0.000906
0.000925
0.000968
0.001013
0.001042
0.001053
0.001053
0.001052
0.001054
0.001063
0.001071
0.001074
0.001064
0.001047
0.001030
0.001024
0.001034
0.001053
0.001070
0.001073
0.001062
0.001041
0.001011
0.000975
0.000936
0.000898
0.000869
0.000852
0.000855
0.000880
0.000934
0.001001
0.001063
0.001100
0.001110
0.001106
0.001099
0.001101
0.001106
0.001108
0.001099
0.001076
0.001036
0.000984
0.000929
0.000882
0.000850
0.000833
0.000830
0.000835
0.000847
0.000866
0.000894
0.000928
0.000958
0.000977
0.000979
0.000973
0.000962
0.000955
0.000952
0.000960
0.000976
0.001003
0.001037
0.001067
0.001088
0.001089
0.001075
0.001053
0.001038
0.001031
0.001028
0.001023
0.001019
0.001025
0.001044
0.001079
0.001125
0.001181
0.001236
0.001275
0.001280
0.001251
0.001198
0.001139
0.001092
0.001066
0.001062
0.001066
0.001071
0.001068
0.001066
0.001068
0.001078
0.001080
0.001077
0.001065
0.001051
0.001029
0.001002
0.000967
0.000935
0.000914
0.000916
0.000932
0.000950
0.000954
0.000948
0.000943
0.000953
0.000982
0.001018
0.001051
0.001073
0.001090
0.001105
0.001126
0.001151
0.001175
0.001188
0.001182
0.001155
0.001117
0.001086
0.001072
0.001076
0.001087
0.001092
0.001080
0.001061
0.001048
0.001059
0.001083
0.001105
0.001112
0.001113
0.001117
0.001125
0.001129
0.001133
0.001147
0.001176
0.001211
0.001240
0.001249
0.001234
0.001191
0.001128
0.001061
0.001015
0.001001
0.001018
0.001048
0.001076
0.001098
0.001116
0.001132
0.001138
0.001133
0.001117
0.001100
0.001083
0.001060
0.001034
0.001010
0.000997
0.000997
0.001008
0.001031
0.001071
0.001125
0.001181
0.001225
0.001252
0.001256
0.001243
0.001218
0.001191
0.001170
0.001157
0.001153
0.001151
0.001152
0.001151
0.001150
0.001148
0.001144
0.001132
0.001103
0.001063
0.001019
0.000984
0.000965
0.000969
0.000987
0.001005
0.001008
0.000997
0.000988
0.000992
0.001010
0.001035
0.001068
0.001114
0.001180
0.001252
0.001313
0.001340
0.001326
0.001276
0.001217
0.001174
0.001158
0.001161
0.001164
0.001156
0.001134
0.001107
0.001079
0.001053
0.001027
0.000999
0.000975
0.000956
0.000945
0.000942
0.000946
0.000950
0.000953
0.000951
0.000949
0.000947
0.000951
0.000956
0.000962
0.000963
0.000964
0.000971
0.000988
0.001018
0.001060
0.001113
0.001172
0.001225
0.001258
0.001262
0.001235
0.001186
0.001128
0.001071
0.001027
0.001004
0.001011
0.001047
0.001101
0.001158
0.001200
0.001218
0.001209
0.001188
0.001166
0.001156
0.001157
0.001171
0.001191
0.001201
0.001194
0.001163
0.001131
0.001108
0.001114
0.001138
0.001160
0.001150
0.001101
0.001028
0.000959
0.000911
0.000894
0.000902
0.000932
0.000969
0.001012
0.001050
0.001080
0.001090
0.001084
0.001064
0.001047
0.001037
0.001034
0.001029
0.001023
0.001020
0.001027
0.001039
0.001048
0.001052
0.001052
0.001049
0.001039
0.001025
0.001014
0.001010
0.001011
0.001011
0.001008
0.001005
0.001002
0.000999
0.000995
0.000991
0.000992
0.001007
0.001032
0.001063
0.001088
0.001106
0.001114
0.001115
0.001106
0.001090
0.001073
0.001064
0.001064
0.001072
0.001086
0.001109
0.001147
0.001203
0.001267
0.001330
0.001374
0.001400
0.001407
0.001407
0.001392
0.001359
0.001300
0.001228
0.001160
0.001108
0.001075
0.001055
0.001048
0.001049
0.001063
0.001081
0.001106
0.001130
0.001151
0.001163
0.001167
0.001164
0.001158
0.001153
0.001155
0.001164
0.001176
0.001182
0.001186
0.001195
0.001215
0.001236
0.001246
0.001239
0.001218
0.001192
0.001164
0.001140
0.001118
0.001096
0.001065
0.001026
0.000984
0.000956
0.000947
0.000960
0.000981
0.000998
0.000998
0.000980
0.000949
0.000920
0.000913
0.000939
0.000997
0.001071
0.001138
0.001183
0.001212
0.001237
0.001272
0.001307
0.001332
0.001335
0.001327
0.001302
0.001264
0.001201
0.001127
0.001057
0.001011
0.000996
0.001007
0.001034
0.001057
0.001065
0.001046
0.001007
0.000958
0.000918
0.000901
0.000907
0.000932
0.000967
0.001003
0.001025
0.001024
0.000998
0.000960
0.000929
0.000906
0.000898
0.000899
0.000922
0.000956
0.000997
0.001026
0.001041
0.001039
0.001021
0.000994
0.000961
0.000935
0.000927
0.000944
0.000980
0.001022
0.001061
0.001092
0.001117
0.001128
0.001124
0.001111
0.001099
0.001084
0.001057
0.001016
0.000975
0.000947
0.000943
0.000957
0.000987
0.001021
0.001059
0.001099
0.001141
0.001176
0.001191
0.001182
0.001149
0.001105
0.001059
0.001023
0.001009
0.001022
0.001059
0.001102
0.001136
0.001154
0.001157
0.001143
0.001122
0.001098
0.001077
0.001060
0.001045
0.001035
0.001027
0.001019
0.001012
0.001007
0.001002
0.000996
0.000985
0.000977
0.000981
0.001011
0.001069
0.001145
0.001213
0.001245
0.001226
0.001175
0.001119
0.001083
0.001053
0.001023
0.000980
0.000949
0.000931
0.000931
0.000935
0.000941
0.000946
0.000943
0.000932
0.000923
0.000933
0.000966
0.001008
0.001045
0.001079
0.001120
0.001171
0.001225
0.001261
0.001275
0.001261
0.001231
0.001187
0.001145
0.001116
0.001113
0.001138
0.001178
0.001223
0.001253
0.001265
0.001253
0.001226
0.001188
0.001141
0.001091
0.001048
0.001024
0.001016
0.001015
0.001012
0.001010
0.001012
0.001012
0.001000
0.000972
0.000943
0.000924
0.000926
0.000941
0.000961
0.000975
0.000979
0.000970
0.000952
0.000932
0.000928
0.000949
0.000994
0.001044
0.001081
0.001094
0.001088
0.001081
0.001088
0.001119
0.001171
0.001234
0.001283
0.001301
0.001278
0.001232
0.001184
0.001160
0.001159
0.001172
0.001179
0.001169
0.001142
0.001106
0.001075
0.001047
0.001020
0.000993
0.000973
0.000979
0.001018
0.001080
0.001138
0.001174
0.001185
0.001189
0.001198
0.001213
0.001224
0.001222
0.001208
0.001183
0.001153
0.001118
0.001084
0.001062
0.001058
0.001068
0.001082
0.001085
0.001074
0.001055
0.001038
0.001029
0.001027
0.001035
0.001051
0.001072
0.001087
0.001084
0.001061
0.001025
0.000999
0.000992
0.001009
0.001031
0.001048
0.001051
0.001051
0.001059
0.001085
0.001113
0.001129
0.001123
0.001107
0.001089
0.001080
0.001074
0.001076
0.001074
0.001073
0.001073
0.001086
0.001107
0.001129
0.001140
0.001143
0.001141
0.001135
0.001123
0.001112
0.001110
0.001114
0.001118
0.001116
0.001119
0.001127
0.001136
0.001136
0.001127
0.001119
0.001119
0.001130
0.001141
0.001147
0.001144
0.001142
0.001139
0.001139
0.001138
0.001143
0.001156
0.001183
0.001216
0.001244
0.001249
0.001232
0.001195
0.001156
0.001122
0.001107
0.001112
0.001134
0.001156
0.001164
0.001147
0.001115
0.001077
0.001045
0.001023
0.001012
0.001008
0.001011
0.001016
0.001022
0.001023
0.001024
0.001026
0.001031
0.001040
0.001050
0.001059
0.001060
0.001048
0.001024
0.001000
0.000988
0.000996
0.001023
0.001061
0.001097
0.001122
0.001136
0.001143
0.001152
0.001166
0.001181
0.001189
0.001178
0.001151
0.001114
0.001078
0.001039
0.001005
0.000977
0.000975
0.000989
0.001016
0.001038
0.001058
0.001071
0.001085
0.001094
0.001093
0.001075
0.001044
0.001011
0.000988
0.000979
0.000984
0.001000
0.001023
0.001055
0.001084
0.001105
0.001110
0.001105
0.001104
0.001114
0.001135
0.001147
0.001146
0.001126
0.001098
0.001064
0.001037
0.001018
0.001008
0.000999
0.000984
0.000964
0.000946
0.000945
0.000957
0.000972
0.000973
0.000967
0.000960
0.000974
0.001006
0.001058
0.001105
0.001135
0.001132
0.001111
0.001077
0.001050
0.001031
0.001040
0.001072
0.001124
0.001174
0.001206
0.001213
0.001201
0.001182
0.001163
0.001146
0.001136
0.001127
0.001127
0.001134
0.001162
0.001201
0.001244
0.001273
0.001291
0.001294
0.001282
0.001244
0.001192
0.001143
0.001121
0.001128
0.001152
0.001170
0.001170
0.001149
0.001118
0.001084
0.001059
0.001045
0.001045
0.001043
0.001037
0.001024
0.001023
0.001036
0.001060
0.001077
0.001082
0.001071
0.001054
0.001039
0.001037
0.001048
0.001065
0.001075
0.001074
0.001069
0.001068
0.001074
0.001082
0.001085
0.001076
0.001054
0.001022
0.000990
0.000963
0.000947
0.000941
0.000942
0.000944
0.000946
0.000944
0.000940
0.000930
0.000922
0.000921
0.000937
0.000963
0.000993
0.001013
0.001018
0.001014
0.001015
0.001032
0.001055
0.001068
0.001062
0.001043
0.001025
0.001006
0.000990
0.000969
0.000951
0.000936
0.000936
0.000953
0.000991
0.001035
0.001075
0.001091
0.001080
0.001042
0.000989
0.000938
0.000900
0.000881
0.000884
0.000905
0.000939
0.000967
0.000981
0.000971
0.000948
0.000924
0.000914
0.000917
0.000925
0.000929
0.000931
0.000931
0.000928
0.000920
0.000916
0.000933
0.000975
0.001033
0.001086
0.001122
0.001132
0.001122
0.001099
0.001086
0.001091
0.001117
0.001139
0.001153
0.001151
0.001140
0.001119
0.001096
0.001071
0.001052
0.001038
0.001035
0.001043
0.001066
0.001093
0.001114
0.001115
0.001096
0.001063
0.001036
0.001029
0.001049
0.001085
0.001115
0.001110
0.001051
0.000938
0.000787
0.000624
0.000473
0.000345
0.000244
0.000169
0.000114
0.000076
0.000050
0.000033
0.000021
0.000013
0.000008
0.000005
0.000003
0.000002
0.000001
0.000001
0.000000
0.000000
0.000000
0.000000
0.000000
0.000000
0.000000
0.000000
0.000000
0.000000
0.000000
0.000000
0.000000
0.000000
0.000000
0.000000
0.000000
0.000000
0.000000
0.000000
0.000000
0.000000
0.000000
0.000000
0.000000
0.000000
0.000000
0.000000
0.000000
0.000000
0.000000
0.000000
0.000000
0.000000
0.000000
0.000000
0.000000
0.000000
0.000000
0.000000
0.000000
0.000000
0.000000
0.000000
0.000000
0.000000
0.000000
0.000000
0.000000
0.000000
0.000000
0.000000
0.000000
0.000000
0.000000
0.000000
0.000000
0.000000
0.000000
0.000000
0.000000
0.000000
0.000000
0.000000
0.000000
0.000000
0.000000
0.000000
0.000000
0.000000
0.000000
0.000000
0.000000
0.000000
0.000000
0.000000
0.000000
0.000000
0.000000
0.000000
0.000000
0.000000
0.000000
0.000000
0.000000
0.000000
0.000000
0.000000
0.000000
0.000000
0.000000
0.000000
0.000000
0.000000
0.000000
0.000000
0.000000
0.000000
0.000000
0.000000
0.000000
0.000000
0.000000
0.000000
0.000000
0.000000
0.000000
0.000000
0.000000
0.000000
0.000000
0.000000
0.000000
0.000000
0.000000
0.000000
0.000000
0.000000
0.000000
0.000000
0.000000
0.000000
0.000000
0.000000
0.000000
0.000000
0.000000
0.000000
