-18.971480
28.317499
1.038835
1.038681
1.038768
16.862940
16.527421
16.271670
15.699510
15.167462
14.727261
14.250554
13.803245
13.344620
12.950969
12.619900
12.463845
12.471569
12.639852
12.906030
13.285263
13.803817
14.451493
15.150516
15.757595
16.148558
16.283307
16.217782
16.124415
16.145599
16.467309
17.086978
17.974444
18.931341
19.912950
20.750118
21.357331
21.543054
20.908616
1.039070
1.038786
1.038693
1.038896
1.039501
19.108249
20.921811
20.942958
20.660853
20.287926
19.753044
19.150137
18.550599
17.985111
17.386108
16.748630
16.100426
15.521793
15.050108
14.702951
14.454627
14.269298
14.107139
13.953262
13.810480
13.694129
13.610816
13.554607
13.512057
13.467232
13.414724
13.356154
13.297762
13.248327
13.209304
13.184577
13.170180
13.166818
13.169743
13.173789
13.174441
13.171105
13.175858
13.196972
13.239020
13.286677
13.328506
13.352968
13.366392
13.370782
13.376365
13.384865
13.398809
13.409893
13.408927
13.387444
13.340248
13.267151
13.173369
13.078995
13.013212
12.992654
13.010614
13.046651
13.079667
13.101420
13.102567
13.079312
13.034809
12.984083
12.936840
12.897223
12.862724
12.837458
12.817060
12.800711
12.782412
12.773023
12.777392
12.799963
12.828880
12.853658
12.865077
12.859426
12.840284
12.813907
12.788346
12.767255
12.749875
12.736521
12.724808
12.718142
12.720410
12.740806
12.779235
12.825053
12.861090
12.878311
12.880952
12.880738
12.890628
12.913514
12.948914
12.979298
13.001463
13.007904
13.014984
13.021803
13.037169
13.055153
13.077997
13.095192
13.102368
13.096691
13.091063
13.091124
13.101098
13.112457
13.125784
13.144063
13.176311
13.223673
13.279525
13.329137
13.364415
13.384030
13.396929
13.407769
13.418583
13.430245
13.443500
13.460936
13.478622
13.498289
13.520291
13.548797
13.583109
13.623074
13.672002
13.731183
13.801811
13.876195
13.948585
14.015566
14.082240
14.153417
14.230947
14.308299
14.383333
14.445870
14.492767
14.510825
14.505929
14.483335
14.459924
14.441243
14.433099
14.434642
14.445000
14.459657
14.478935
14.504795
14.536957
14.567239
14.584090
14.588815
14.587846
14.593952
14.603290
14.614291
14.619205
14.621553
14.621320
14.623975
14.632764
14.649034
14.672189
14.699714
14.733775
14.767407
14.786395
14.780887
14.756303
14.734259
14.722310
14.721673
14.722525
14.726167
14.730984
14.735669
14.734173
14.724786
14.710761
14.700804
14.703709
14.721964
14.751100
14.777329
14.799598
14.823910
14.865350
14.925529
14.992750
15.059021
15.118709
15.177015
15.228539
15.265480
15.281391
15.277807
15.263924
15.244707
15.216348
15.170320
15.104710
15.031777
14.965398
14.907167
14.840652
14.749754
14.632956
14.509649
14.403416
14.323529
14.259335
14.182681
14.074290
13.922416
13.744947
13.563806
13.405978
13.277093
13.170513
13.061509
12.927802
12.759894
12.576066
12.405630
12.273372
12.178120
12.111964
12.062477
12.030728
12.013157
12.006226
11.993058
11.960364
11.901524
11.835376
11.777833
11.751846
11.754980
11.782527
11.820251
11.858110
11.895157
11.935204
11.987246
12.049088
12.107162
12.152266
12.191026
12.236238
12.305459
12.394284
12.491548
12.577071
12.628351
12.632090
12.588206
12.523539
12.464574
12.430813
12.414779
12.415361
12.433206
12.495219
12.612902
12.792462
13.003675
13.200470
13.348048
13.436480
13.501919
13.569817
13.660181
13.760666
13.853765
13.927784
13.976856
14.013348
14.045325
14.081430
14.115633
14.139312
14.147116
14.145802
14.130807
14.107784
14.089918
14.083185
14.082822
14.100790
14.130850
14.190227
14.271837
14.357510
14.419226
14.449204
14.465734
14.494282
14.547270
14.614821
14.678025
14.721962
14.742850
14.753223
14.764158
14.777363
14.786350
14.784372
14.780551
14.781486
14.788664
14.787188
14.774286
14.757973
14.752950
14.765803
14.786255
14.811462
14.835101
14.868229
14.910245
14.964656
15.032326
15.062096
15.077814
15.067699
15.045377
15.041469
15.072314
15.142559
15.222024
15.295977
15.351385
15.408185
15.467590
15.538599
15.607717
15.669068
15.706832
15.720218
15.718224
15.723524
15.756078
15.817903
15.884913
15.920035
15.909149
15.870688
15.838700
15.827423
15.820214
15.805831
15.782754
15.779591
15.812339
15.891240
15.991692
16.079987
16.119314
16.110613
16.081184
16.072353
16.097913
16.144855
16.182565
16.191426
16.175704
16.154766
16.149915
16.168321
16.204905
16.245211
16.278560
16.294738
16.300257
16.289673
16.273449
16.238884
16.188695
16.111996
16.011757
15.903794
15.814200
15.782582
15.820214
15.918312
16.036189
16.135640
16.188633
16.199945
16.194693
16.208884
16.248855
16.300701
16.329433
16.324519
16.284041
16.229910
16.166113
16.098394
16.020163
15.957041
15.939790
15.994417
16.088799
16.164313
16.176576
16.132871
16.084921
16.058147
16.056733
16.046942
16.014791
15.957525
15.899403
15.869716
15.889498
15.952368
16.025119
16.065897
16.053303
15.986390
15.876304
15.741637
15.610545
15.521002
15.482951
15.490947
15.511471
15.557536
15.611490
15.685401
15.722384
15.741113
15.696891
15.637732
15.545265
15.441022
15.292799
15.112906
14.925452
14.775254
14.695919
14.668395
14.653664
14.602250
14.546511
14.533918
14.620538
14.758119
14.890122
14.933727
14.891897
14.781697
14.680063
14.627805
14.662352
14.755589
14.892809
15.020114
15.124468
15.177696
15.192704
15.191733
15.227787
15.315358
15.449799
15.568479
15.632861
15.635213
15.606731
15.571931
15.530696
15.489524
15.462097
15.489578
15.558561
15.642740
15.689492
15.687579
15.625877
15.536726
15.466117
15.468715
15.541730
15.655136
15.753692
15.801464
15.754169
15.638616
15.487510
15.368609
15.276486
15.250995
15.299612
15.422156
15.565644
15.683736
15.768306
15.825846
15.867367
15.891227
15.890091
15.858706
15.791446
15.710504
15.641588
15.613654
15.637148
15.689978
15.760695
15.836612
15.950868
16.088440
16.248695
16.373013
16.461784
16.505405
16.550492
16.601515
16.636168
16.612995
16.517907
16.398825
16.301286
16.257777
16.257479
16.283513
16.317707
16.366357
16.425418
16.502416
16.557851
16.584197
16.559262
16.471385
16.303031
16.073190
15.840031
15.668547
15.584863
15.552733
15.541265
15.530087
15.545466
15.575648
15.631545
15.692904
15.768599
15.822386
15.840207
15.830596
15.824995
15.836267
15.826054
15.785367
15.728991
15.725344
15.811592
16.000497
16.237447
16.451990
16.568522
16.584481
16.533234
16.460856
16.394595
16.340703
16.323761
16.337703
16.391071
16.483763
16.603791
16.728334
16.812585
16.820288
16.750932
16.646204
16.597887
16.637953
16.755208
16.880774
16.966960
16.993232
16.987364
16.982257
17.000684
17.050078
17.121840
17.199169
17.252396
17.273111
17.276365
17.297037
17.360731
17.474231
17.625082
17.791174
17.943947
18.066838
18.165088
18.260536
18.370796
18.490128
18.604973
18.699511
18.772312
18.824548
18.864753
18.903411
18.950760
19.008690
19.071837
19.133341
19.192173
19.253078
19.317597
19.384748
19.441884
19.486909
19.511604
19.521615
19.510696
19.484650
19.437024
19.355123
19.212251
18.980883
18.678528
18.318342
17.959252
17.588616
17.197939
16.727185
16.135097
15.412112
14.573727
13.591555
12.501509
11.384663
1.038810
1.038666
1.038573
1.038517
1.038475
1.038441
1.038409
1.038387
1.038382
1.038392
1.038403
1.038399
1.038391
1.038396
1.038419
1.038445
1.038454
1.038440
1.038406
1.038366
1.038325
1.038280
1.038219
1.038149
1.038085
1.038053
1.038052
1.038079
1.038117
1.038154
1.038182
1.038197
1.038210
1.038221
1.038231
1.038224
1.038193
1.038136
1.038074
1.038024
1.037998
1.037988
1.037986
1.037992
1.037997
1.038002
1.037992
1.037981
1.037968
1.037964
1.037961
1.037976
1.038003
1.038042
1.038066
1.038078
1.038073
1.038067
1.038056
1.038043
1.038027
1.038009
1.037990
1.037972
1.037955
1.037943
1.037934
1.037934
1.037938
1.037943
1.037939
1.037934
1.037934
1.037941
1.037939
1.037912
1.037861
1.037807
1.037767
1.037750
1.037750
1.037759
1.037768
1.037764
1.037750
1.037726
1.037705
1.037685
1.037664
1.037638
1.037609
1.037580
1.037561
1.037556
1.037573
1.037610
1.037656
1.037700
1.037727
1.037742
1.037743
1.037737
1.037720
1.037695
1.037666
1.037641
1.037631
1.037644
1.037687
1.037740
1.037789
1.037814
1.037821
1.037818
1.037815
1.037810
1.037800
1.037782
1.037753
1.037712
1.037660
1.037609
1.037565
1.037540
1.037532
1.037545
1.037567
1.037592
1.037606
1.037611
1.037610
1.037611
1.037620
1.037640
1.037670
1.037705
1.037738
1.037758
1.037750
1.037716
1.037666
1.037619
1.037585
1.037562
1.037542
1.037524
1.037498
1.037459
1.037395
1.037328
1.037276
1.037253
1.037243
1.037226
1.037204
1.037183
1.037174
1.037164
1.037148
1.037129
1.037127
1.037150
1.037201
1.037276
1.037370
1.037471
1.037556
1.037604
1.037607
1.037576
1.037531
1.037491
1.037471
1.037468
1.037468
1.037449
1.037407
1.037347
1.037297
1.037282
1.037318
1.037389
1.037464
1.037513
1.037521
1.037496
1.037454
1.037422
1.037408
1.037417
1.037434
1.037448
1.037455
1.037454
1.037453
1.037448
1.037444
1.037445
1.037463
1.037492
1.037512
1.037510
1.037485
1.037460
1.037442
1.037437
1.037430
1.037418
1.037395
1.037374
1.037364
1.037382
1.037418
1.037466
1.037509
1.037541
1.037556
1.037554
1.037539
1.037508
1.037472
1.037438
1.037420
1.037418
1.037421
1.037420
1.037418
1.037422
1.037435
1.037440
1.037426
1.037394
1.037358
1.037333
1.037325
1.037325
1.037323
1.037306
1.037275
1.037232
1.037197
1.037173
1.037162
1.037158
1.037163
1.037184
1.037220
1.037264
1.037309
1.037345
1.037372
1.037381
1.037385
1.037386
1.037404
1.037438
1.037489
1.037539
1.037577
1.037603
1.037624
1.037645
1.037657
1.037666
1.037677
1.037712
1.037759
1.037814
1.037858
1.037891
1.037915
1.037938
1.037963
1.037988
1.038010
1.038021
1.038012
1.037987
1.037950
1.037922
1.037908
1.037908
1.037898
1.037864
1.037808
1.037748
1.037699
1.037660
1.037626
1.037596
1.037568
1.037544
1.037520
1.037501
1.037492
1.037497
1.037505
1.037509
1.037503
1.037500
1.037510
1.037537
1.037575
1.037610
1.037633
1.037638
1.037629
1.037605
1.037576
1.037550
1.037537
1.037533
1.037520
1.037492
1.037452
1.037425
1.037404
1.037386
1.037351
1.037315
1.037290
1.037292
1.037311
1.037333
1.037340
1.037331
1.037313
1.037300
1.037301
1.037314
1.037332
1.037347
1.037364
1.037390
1.037426
1.037465
1.037493
1.037507
1.037501
1.037486
1.037467
1.037457
1.037454
1.037454
1.037451
1.037448
1.037449
1.037456
1.037468
1.037483
1.037502
1.037527
1.037554
1.037577
1.037586
1.037577
1.037553
1.037520
1.037489
1.037467
1.037455
1.037450
1.037450
1.037456
1.037473
1.037499
1.037534
1.037569
1.037593
1.037597
1.037584
1.037563
1.037540
1.037520
1.037506
1.037496
1.037494
1.037493
1.037500
1.037505
1.037508
1.037495
1.037468
1.037429
1.037394
1.037372
1.037363
1.037351
1.037323
1.037278
1.037228
1.037189
1.037172
1.037178
1.037199
1.037226
1.037252
1.037272
1.037279
1.037264
1.037229
1.037176
1.037121
1.037071
1.037038
1.037017
1.036999
1.036969
1.036920
1.036854
1.036774
1.036687
1.036597
1.036514
1.036446
1.036398
1.036374
1.036376
1.036400
1.036441
1.036487
1.036542
1.036607
1.036695
1.036804
1.036933
1.037064
1.037186
1.037292
1.037382
1.037458
1.037526
1.037587
1.037641
1.037678
1.037689
1.037670
1.037635
1.037600
1.037574
1.037548
1.037515
1.037468
1.037422
1.037385
1.037370
1.037372
1.037389
1.037412
1.037434
1.037450
1.037459
1.037461
1.037461
1.037463
1.037467
1.037475
1.037485
1.037491
1.037490
1.037492
1.037501
1.037524
1.037552
1.037579
1.037589
1.037586
1.037573
1.037564
1.037554
1.037540
1.037511
1.037478
1.037444
1.037425
1.037421
1.037434
1.037458
1.037488
1.037521
1.037554
1.037582
1.037597
1.037596
1.037576
1.037544
1.037499
1.037452
1.037413
1.037393
1.037389
1.037398
1.037415
1.037445
1.037485
1.037528
1.037557
1.037563
1.037548
1.037519
1.037485
1.037446
1.037409
1.037374
1.037344
1.037316
1.037284
1.037242
1.037188
1.037125
1.037061
1.037004
1.036959
1.036928
1.036905
1.036890
1.036873
1.036856
1.036839
1.036833
1.036837
1.036857
1.036885
1.036916
1.036948
1.036977
1.037010
1.037043
1.037081
1.037122
1.037168
1.037211
1.037247
1.037268
1.037279
1.037290
1.037305
1.037323
1.037337
1.037340
1.037335
1.037328
1.037323
1.037315
1.037305
1.037288
1.037273
1.037259
1.037251
1.037238
1.037220
1.037193
1.037156
1.037108
1.037051
1.036994
1.036946
1.036918
1.036908
1.036913
1.036917
1.036916
1.036905
1.036887
1.036860
1.036830
1.036800
1.036780
1.036767
1.036757
1.036747
1.036736
1.036727
1.036717
1.036708
1.036704
1.036707
1.036711
1.036714
1.036717
1.036727
1.036744
1.036768
1.036793
1.036813
1.036822
1.036819
1.036809
1.036799
1.036793
1.036789
1.036784
1.036776
1.036771
1.036772
1.036777
1.036781
1.036781
1.036780
1.036774
1.036768
1.036759
1.036756
1.036757
1.036763
1.036766
1.036767
1.036766
1.036763
1.036759
1.036752
1.036743
1.036733
1.036726
1.036720
1.036714
1.036703
1.036690
1.036676
1.036664
1.036654
1.036647
1.036640
1.036634
1.036626
1.036621
1.036618
1.036616
1.036605
1.036590
1.036576
1.036576
1.036590
1.036613
1.036625
1.036622
1.036603
1.036579
1.036555
1.036535
1.036516
1.036501
1.036489
1.036483
1.036484
1.036494
1.036510
1.036526
1.036530
1.036520
1.036500
1.036487
1.036491
1.036515
1.036548
1.036579
1.036601
1.036614
1.036623
1.036633
1.036646
1.036659
1.036664
1.036660
1.036649
1.036640
1.036638
1.036648
1.036670
1.036700
1.036725
1.036738
1.036737
1.036727
1.036714
1.036704
1.036693
1.036674
1.036643
1.036610
1.036586
1.036579
1.036590
1.036610
1.036632
1.036649
1.036662
1.036671
1.036676
1.036674
1.036661
1.036636
1.036610
1.036589
1.036581
1.036587
1.036606
1.036632
1.036660
1.036679
1.036679
1.036660
1.036631
1.036605
1.036591
1.036586
1.036585
1.036581
1.036573
1.036557
1.036538
1.036517
1.036502
1.036495
1.036494
1.036502
1.036518
1.036540
1.036564
1.036585
1.036600
1.036605
1.036600
1.036594
1.036595
1.036602
1.036605
1.036598
1.036584
1.036574
1.036574
1.036587
1.036603
1.036622
1.036641
1.036664
1.036691
1.036719
1.036737
1.036739
1.036724
1.036705
1.036694
1.036700
1.036718
1.036739
1.036751
1.036750
1.036741
1.036734
1.036742
1.036766
1.036803
1.036845
1.036893
1.036948
1.037007
1.037066
1.037120
1.037168
1.037215
1.037267
1.037325
1.037382
1.037436
1.037484
1.037528
1.037568
1.037597
1.037605
1.037592
1.037564
1.037529
1.037490
1.037441
1.037375
1.037290
1.037190
1.037085
1.036983
1.036889
1.036808
1.036740
1.036685
1.036635
1.036592
1.036551
1.036515
1.036482
1.036459
1.036448
1.036448
1.036450
1.036450
1.036450
1.036456
1.036466
1.036482
1.036496
1.036504
1.036501
1.036492
1.036478
1.036465
1.036449
1.036432
1.036414
1.036400
1.036391
1.036385
1.036383
1.036383
1.036383
1.036377
1.036367
1.036356
1.036352
1.036358
1.036373
1.036389
1.036401
1.036406
1.036402
1.036386
1.036364
1.036341
1.036326
1.036323
1.036331
1.036340
1.036346
1.036347
1.036347
1.036348
1.036349
1.036349
1.036344
1.036335
1.036327
1.036322
1.036325
1.036331
1.036339
1.036345
1.036348
1.036345
1.036338
1.036331
1.036326
1.036324
1.036323
1.036318
1.036307
1.036293
1.036282
1.036272
1.036268
1.036267
1.036274
1.036286
1.036302
1.036314
1.036317
1.036313
1.036308
1.036307
1.036308
1.036309
1.036308
1.036308
1.036309
1.036312
1.036314
1.036319
1.036328
1.036339
1.036353
1.036360
1.036365
1.036363
1.036360
1.036357
1.036359
1.036367
1.036379
1.036393
1.036408
1.036430
1.036459
1.036495
1.036530
1.036555
1.036574
1.036589
1.036609
1.036633
1.036656
1.036676
1.036692
1.036701
1.036700
1.036692
1.036685
1.036691
1.036703
1.036718
1.036724
1.036722
1.036706
1.036685
1.036661
1.036641
1.036620
1.036594
1.036558
1.036519
1.036485
1.036464
1.036455
1.036453
1.036447
1.036432
1.036404
1.036370
1.036333
1.036299
1.036269
1.036247
1.036232
1.036224
1.036220
1.036220
1.036222
1.036226
1.036231
1.036238
1.036245
1.036248
1.036244
1.036233
1.036219
1.036207
1.036205
1.036210
1.036222
1.036231
1.036235
1.036234
1.036231
1.036227
1.036223
1.036219
1.036216
1.036212
1.036205
1.036195
1.036185
1.036177
1.036172
1.036170
1.036171
1.036177
1.036188
1.036200
1.036209
1.036211
1.036211
1.036214
1.036220
1.036227
1.036229
1.036223
1.036212
1.036197
1.036185
1.036176
1.036171
1.036170
1.036175
1.036181
1.036187
1.036191
1.036194
1.036195
1.036192
1.036184
1.036173
1.036160
1.036150
1.036146
1.036147
1.036151
1.036153
1.036152
1.036151
1.036156
1.036170
1.036190
1.036210
1.036223
1.036228
1.036227
1.036220
1.036212
1.036203
1.036193
1.036181
1.036168
1.036158
1.036154
1.036157
1.036167
1.036182
1.036196
1.036206
1.036210
1.036214
1.036216
1.036218
1.036216
1.036212
1.036209
1.036209
1.036212
1.036216
1.036221
1.036227
1.036239
1.036250
1.036260
1.036263
1.036263
1.036264
1.036270
1.036280
1.036289
1.036293
1.036289
1.036275
1.036259
1.036245
1.036237
1.036233
1.036231
1.036231
1.036233
1.036236
1.036235
1.036229
1.036217
1.036205
1.036193
1.036187
1.036187
1.036197
1.036214
1.036232
1.036244
1.036246
1.036242
1.036242
1.036248
1.036261
1.036273
1.036283
1.036287
1.036289
1.036287
1.036281
1.036271
1.036259
1.036248
1.036243
1.036242
1.036247
1.036259
1.036273
1.036285
1.036290
1.036286
1.036277
1.036270
1.036268
1.036268
1.036268
1.036264
1.036257
1.036244
1.036228
1.036209
1.036193
1.036180
1.036176
1.036178
1.036184
1.036186
1.036184
1.036180
1.036178
1.036177
1.036177
1.036180
1.036192
1.036211
1.036232
1.036246
1.036249
1.036247
1.036244
1.036245
1.036248
1.036250
1.036250
1.036249
1.036248
1.036247
1.036247
1.036246
1.036245
1.036244
1.036247
1.036251
1.036254
1.036256
1.036255
1.036252
1.036248
1.036242
1.036233
1.036222
1.036209
1.036198
1.036189
1.036185
1.036185
1.036186
1.036185
1.036177
1.036165
1.036152
1.036147
1.036148
1.036154
1.036160
1.036168
1.036176
1.036185
1.036190
1.036196
1.036203
1.036213
1.036224
1.036231
1.036234
1.036228
1.036214
1.036195
1.036177
1.036164
1.036161
1.036168
1.036184
1.036202
1.036217
1.036223
1.036220
1.036207
1.036189
1.036172
1.036159
1.036153
1.036150
1.036146
1.036144
1.036148
1.036159
1.036174
1.036187
1.036196
1.036200
1.036202
1.036201
1.036196
1.036188
1.036181
1.036174
1.036170
1.036164
1.036160
1.036158
1.036162
1.036166
1.036170
1.036170
1.036170
1.036170
1.036170
1.036169
1.036165
1.036162
1.036167
1.036180
1.036193
1.036202
1.036203
1.036200
1.036193
1.036184
1.036174
1.036168
1.036167
1.036169
1.036168
1.036162
1.036152
1.036140
1.036128
1.036124
1.036128
1.036141
1.036153
1.036160
1.036160
1.036160
1.036164
1.036175
1.036189
1.036200
1.036204
1.036201
1.036192
1.036179
1.036165
1.036152
1.036142
1.036132
1.036126
1.036121
1.036117
1.036113
1.036109
1.036105
1.036102
1.036101
1.036104
1.036112
1.036123
1.036136
1.036152
1.036169
1.036186
1.036197
1.036201
1.036198
1.036192
1.036184
1.036175
1.036164
1.036153
1.036141
1.036132
1.036125
1.036118
1.036112
1.036107
1.036104
1.036103
1.036101
1.036100
1.036100
1.036102
1.036108
1.036115
1.036121
1.036120
1.036116
1.036109
1.036102
1.036096
1.036089
1.036083
1.036079
1.036084
1.036101
1.036126
1.036151
1.036167
1.036172
1.036171
1.036167
1.036162
1.036157
1.036156
1.036160
1.036168
1.036176
1.036178
1.036174
1.036167
1.036158
1.036150
1.036143
1.036137
1.036132
1.036127
1.036124
1.036124
1.036129
1.036137
1.036147
1.036156
1.036163
1.036165
1.036163
1.036157
1.036149
1.036139
1.036132
1.036125
1.036124
1.036124
1.036126
1.036128
1.036133
1.036140
1.036152
1.036162
1.036168
1.036168
1.036167
1.036165
1.036166
1.036164
1.036160
1.036152
1.036143
1.036132
1.036122
1.036113
1.036108
1.036109
1.036116
1.036128
1.036139
1.036147
1.036149
1.036147
1.036143
1.036140
1.036139
1.036142
1.036148
1.036155
1.036158
1.036157
1.036152
1.036149
1.036150
1.036155
1.036158
1.036156
1.036148
1.036141
1.036134
1.036129
1.036125
1.036123
1.036122
1.036123
1.036121
1.036120
1.036120
1.036125
1.036132
1.036140
1.036149
1.036157
1.036163
1.036164
1.036161
1.036160
1.036165
1.036176
1.036189
1.036198
1.036205
1.036208
1.036207
1.036202
1.036194
1.036185
1.036175
1.036165
1.036153
1.036143
1.036135
1.036130
1.036127
1.036127
1.036127
1.036129
1.036131
1.036134
1.036137
1.036144
1.036153
1.036165
1.036174
1.036179
1.036179
1.036176
1.036175
1.036175
1.036172
1.036166
1.036157
1.036149
1.036146
1.036148
1.036150
1.036152
1.036150
1.036145
1.036139
1.036133
1.036126
1.036120
1.036116
1.036111
1.036108
1.036103
1.036100
1.036098
1.036098
1.036099
1.036101
1.036102
1.036103
1.036103
1.036107
1.036114
1.036121
1.036126
1.036128
1.036128
1.036128
1.036126
1.036121
1.036114
1.036107
1.036103
1.036102
1.036100
1.036096
1.036088
1.036082
1.036082
1.036089
1.036104
1.036121
1.036136
1.036146
1.036153
1.036153
1.036149
1.036139
1.036128
1.036118
1.036110
1.036102
1.036095
1.036087
1.036080
1.036073
1.036068
1.036068
1.036070
1.036073
1.036073
1.036073
1.036074
1.036079
1.036086
1.036094
1.036100
1.036108
1.036113
1.036116
1.036114
1.036109
1.036106
1.036106
1.036110
1.036116
1.036121
1.036126
1.036130
1.036130
1.036125
1.036117
1.036107
1.036100
1.036099
1.036105
1.036114
1.036123
1.036130
1.036137
1.036143
1.036149
1.036156
1.036164
1.036174
1.036182
1.036182
1.036174
1.036160
1.036147
1.036134
1.036123
1.036113
1.036107
1.036106
1.036110
1.036115
1.036119
1.036123
1.036127
1.036128
1.036128
1.036124
1.036121
1.036121
1.036125
1.036129
1.036130
1.036125
1.036120
1.036116
1.036112
1.036106
1.036099
1.036093
1.036090
1.036091
1.036095
1.036102
1.036109
1.036113
1.036112
1.036108
1.036103
1.036099
1.036099
1.036104
1.036112
1.036121
1.036127
1.036131
1.036131
1.036129
1.036123
1.036119
1.036117
1.036116
1.036116
1.036115
1.036114
1.036114
1.036115
1.036115
1.036114
1.036111
1.036107
1.036106
1.036108
1.036117
1.036130
1.036145
1.036154
1.036155
1.036146
1.036133
1.036119
1.036107
1.036098
1.036094
1.036094
1.036098
1.036109
1.036120
1.036129
1.036128
1.036119
1.036105
1.036091
1.036083
1.036081
1.036084
1.036091
1.036097
1.036102
1.036104
1.036105
1.036107
1.036111
1.036113
1.036110
1.036101
1.036089
1.036076
1.036066
1.036062
1.036066
1.036075
1.036084
1.036087
1.036084
1.036079
1.036076
1.036077
1.036082
1.036088
1.036094
1.036098
1.036100
1.036099
1.036095
1.036088
1.036080
1.036072
1.036064
1.036060
1.036060
1.036066
1.036074
1.036082
1.036087
1.036090
1.036092
1.036090
1.036083
1.036074
1.036063
1.036052
1.036042
1.036035
1.036031
1.036033
1.036040
1.036051
1.036060
1.036067
1.036073
1.036080
1.036089
1.036095
1.036098
1.036096
1.036092
1.036087
1.036083
1.036082
1.036086
1.036092
1.036098
1.036104
1.036106
1.036108
1.036109
1.036109
1.036108
1.036106
1.036103
1.036100
1.036096
1.036094
1.036093
1.036093
1.036093
1.036090
1.036083
1.036074
1.036063
1.036051
1.036039
1.036029
1.036024
1.036024
1.036029
1.036035
1.036040
1.036043
1.036043
1.036043
1.036045
1.036050
1.036056
1.036060
1.036062
1.036064
1.036067
1.036071
1.036074
1.036075
1.036074
1.036070
1.036065
1.036060
1.036060
1.036062
1.036066
1.036070
1.036074
1.036077
1.036079
1.036078
1.036077
1.036076
1.036079
1.036083
1.036090
1.036094
1.036095
1.036091
1.036084
1.036076
1.036069
1.036063
1.036060
1.036059
1.036060
1.036064
1.036067
1.036069
1.036068
1.036064
1.036060
1.036056
1.036053
1.036050
1.036048
1.036049
1.036053
1.036058
1.036061
1.036063
1.036060
1.036057
1.036055
1.036056
1.036058
1.036061
1.036061
1.036058
1.036051
1.036042
1.036035
1.036030
1.036029
1.036031
1.036034
1.036038
1.036041
1.036044
1.036048
1.036052
1.036056
1.036059
1.036057
1.036053
1.036046
1.036039
1.036034
1.036034
1.036040
1.036049
1.036056
1.036058
1.036056
1.036051
1.036049
1.036050
1.036058
1.036068
1.036078
1.036082
1.036081
1.036075
1.036066
1.036058
1.036051
1.036046
1.036042
1.036040
1.036040
1.036041
1.036044
1.036049
1.036055
1.036062
1.036067
1.036071
1.036071
1.036069
1.036063
1.036057
1.036051
1.036049
1.036049
1.036054
1.036058
1.036063
1.036063
1.036062
1.036059
1.036057
1.036058
1.036060
1.036062
1.036063
1.036063
1.036062
1.036062
1.036063
1.036064
1.036066
1.036070
1.036075
1.036079
1.036079
1.036074
1.036067
1.036059
1.036051
1.036043
1.036036
1.036031
1.036027
1.036025
1.036027
1.036035
1.036045
1.036052
1.036055
1.036056
1.036057
1.036060
1.036065
1.036071
1.036077
1.036080
1.036081
1.036080
1.036080
1.036081
1.036083
1.036085
1.036086
1.036085
1.036086
1.036089
1.036094
1.036100
1.036102
1.036102
1.036100
1.036097
1.036095
1.036093
1.036091
1.036088
1.036084
1.036081
1.036076
1.036071
1.036066
1.036065
1.036067
1.036072
1.036076
1.036080
1.036080
1.036077
1.036069
1.036060
1.036051
1.036044
1.036042
1.036043
1.036048
1.036056
1.036063
1.036067
1.036068
1.036067
1.036066
1.036065
1.036066
1.036068
1.036070
1.036072
1.036075
1.036079
1.036085
1.036093
1.036103
1.036114
1.036122
1.036126
1.036127
1.036124
1.036118
1.036109
1.036100
1.036092
1.036087
1.036085
1.036082
1.036079
1.036076
1.036075
1.036075
1.036074
1.036072
1.036069
1.036071
1.036080
1.036096
1.036112
1.036120
1.036120
1.036114
1.036107
1.036101
1.036093
1.036085
1.036078
1.036074
1.036074
1.036074
1.036072
1.036068
1.036065
1.036064
1.036066
1.036069
1.036072
1.036074
1.036075
1.036075
1.036074
1.036071
1.036068
1.036064
1.036059
1.036054
1.036050
1.036046
1.036042
1.036042
1.036043
1.036046
1.036049
1.036053
1.036054
1.036053
1.036047
1.036040
1.036033
1.036027
1.036025
1.036026
1.036029
1.036033
1.036036
1.036041
1.036050
1.036060
1.036069
1.036075
1.036077
1.036077
1.036076
1.036074
1.036070
1.036063
1.036055
1.036048
1.036045
1.036045
1.036048
1.036051
1.036053
1.036054
1.036055
1.036054
1.036051
1.036049
1.036046
1.036043
1.036039
1.036035
1.036031
1.036027
1.036024
1.036023
1.036031
1.036048
1.036072
1.036091
1.036101
1.036097
1.036086
1.036072
1.036059
1.036049
1.036043
1.036041
1.036042
1.036045
1.036047
1.036049
1.036050
1.036054
1.036060
1.036068
1.036074
1.036077
1.036075
1.036071
1.036066
1.036063
1.036065
1.036072
1.036083
1.036094
1.036100
1.036103
1.036101
1.036097
1.036092
1.036088
1.036084
1.036079
1.036072
1.036065
1.036059
1.036058
1.036062
1.036069
1.036076
1.036082
1.036084
1.036082
1.036079
1.036074
1.036066
1.036057
1.036048
1.036040
1.036035
1.036033
1.036034
1.036038
1.036045
1.036054
1.036064
1.036074
1.036081
1.036083
1.036081
1.036076
1.036070
1.036061
1.036052
1.036042
1.036032
1.036023
1.036017
1.036015
1.036019
1.036026
1.036036
1.036046
1.036056
1.036067
1.036076
1.036082
1.036083
1.036081
1.036077
1.036075
1.036074
1.036076
1.036081
1.036087
1.036091
1.036095
1.036097
1.036100
1.036101
1.036101
1.036098
1.036094
1.036089
1.036084
1.036080
1.036079
1.036081
1.036083
1.036084
1.036082
1.036075
1.036065
1.036053
1.036043
1.036037
1.036037
1.036039
1.036043
1.036049
1.036055
1.036060
1.036066
1.036074
1.036084
1.036093
1.036099
1.036101
1.036101
1.036098
1.036093
1.036088
1.036085
1.036085
1.036091
1.036100
1.036113
1.036123
1.036130
1.036132
1.036131
1.036125
1.036118
1.036110
1.036104
1.036100
1.036097
1.036093
1.036092
1.036094
1.036099
1.036103
1.036104
1.036103
1.036100
1.036097
1.036092
1.036090
1.036088
1.036086
1.036081
1.036074
1.036065
1.036058
1.036051
1.036047
1.036046
1.036050
1.036056
1.036063
1.036070
1.036078
1.036083
1.036085
1.036082
1.036075
1.036067
1.036060
1.036053
1.036049
1.036048
1.036054
1.036064
1.036075
1.036082
1.036086
1.036086
1.036083
1.036077
1.036072
1.036069
1.036068
1.036066
1.036063
1.036060
1.036058
1.036057
1.036056
1.036054
1.036052
1.036052
1.036056
1.036062
1.036071
1.036079
1.036085
1.036088
1.036090
1.036090
1.036091
1.036089
1.036085
1.036079
1.036071
1.036065
1.036061
1.036061
1.036062
1.036064
1.036066
1.036068
1.036071
1.036074
1.036075
1.036073
1.036068
1.036060
1.036051
1.036044
1.036040
1.036040
1.036041
1.036042
1.036044
1.036047
1.036054
1.036065
1.036077
1.036085
1.036088
1.036087
1.036082
1.036078
1.036073
1.036070
1.036069
1.036070
1.036071
1.036072
1.036073
1.036076
1.036081
1.036089
1.036096
1.036100
1.036098
1.036091
1.036079
1.036067
1.036055
1.036048
1.036045
1.036044
1.036044
1.036044
1.036043
1.036040
1.036037
1.036033
1.036031
1.036030
1.036030
1.036029
1.036030
1.036033
1.036039
1.036045
1.036052
1.036061
1.036071
1.036082
1.036091
1.036095
1.036096
1.036092
1.036084
1.036072
1.036061
1.036052
1.036048
1.036046
1.036046
1.036044
1.036041
1.036037
1.036037
1.036038
1.036043
1.036049
1.036057
1.036068
1.036084
1.036109
1.036139
1.036172
1.036203
1.036233
1.036261
1.036286
1.036302
1.036305
1.036299
1.036291
1.036285
1.036283
1.036280
1.036280
1.036279
1.036279
1.036278
1.036279
1.036280
1.036282
1.036283
1.036281
1.036274
1.036264
1.036253
1.036250
1.036255
1.036268
1.036281
1.036290
1.036293
1.036292
1.036291
1.036292
1.036295
1.036299
1.036300
1.036298
1.036293
1.036287
1.036286
1.036289
1.036294
1.036299
1.036300
1.036296
1.036290
1.036281
1.036270
1.036258
1.036247
1.036238
1.036233
1.036234
1.036242
1.036258
1.036279
1.036298
1.036309
1.036312
1.036310
1.036308
1.036309
1.036311
1.036312
1.036310
1.036303
1.036290
1.036273
1.036256
1.036241
1.036230
1.036225
1.036224
1.036226
1.036230
1.036236
1.036245
1.036256
1.036265
1.036271
1.036271
1.036269
1.036265
1.036263
1.036263
1.036265
1.036271
1.036280
1.036291
1.036300
1.036307
1.036307
1.036303
1.036296
1.036291
1.036289
1.036287
1.036286
1.036285
1.036286
1.036292
1.036303
1.036317
1.036335
1.036352
1.036364
1.036366
1.036357
1.036341
1.036323
1.036309
1.036301
1.036300
1.036301
1.036303
1.036301
1.036300
1.036301
1.036304
1.036305
1.036304
1.036300
1.036296
1.036289
1.036280
1.036268
1.036258
1.036251
1.036251
1.036256
1.036261
1.036262
1.036261
1.036259
1.036263
1.036272
1.036284
1.036294
1.036301
1.036305
1.036310
1.036315
1.036322
1.036329
1.036333
1.036332
1.036324
1.036312
1.036303
1.036299
1.036301
1.036306
1.036308
1.036304
1.036298
1.036293
1.036296
1.036302
1.036309
1.036311
1.036312
1.036313
1.036316
1.036318
1.036319
1.036323
1.036333
1.036344
1.036353
1.036356
1.036352
1.036340
1.036321
1.036300
1.036286
1.036281
1.036286
1.036295
1.036303
1.036310
1.036315
1.036320
1.036323
1.036321
1.036316
1.036311
1.036305
1.036298
1.036289
1.036280
1.036276
1.036274
1.036276
1.036282
1.036294
1.036311
1.036329
1.036343
1.036353
1.036355
1.036352
1.036345
1.036337
1.036330
1.036325
1.036323
1.036322
1.036322
1.036321
1.036321
1.036321
1.036320
1.036316
1.036307
1.036295
1.036281
1.036270
1.036264
1.036266
1.036272
1.036278
1.036279
1.036276
1.036274
1.036275
1.036281
1.036288
1.036298
1.036312
1.036332
1.036355
1.036374
1.036383
1.036379
1.036364
1.036346
1.036333
1.036328
1.036329
1.036330
1.036328
1.036321
1.036313
1.036305
1.036296
1.036288
1.036279
1.036271
1.036264
1.036260
1.036259
1.036260
1.036261
1.036262
1.036261
1.036260
1.036260
1.036261
1.036263
1.036265
1.036265
1.036266
1.036268
1.036274
1.036283
1.036297
1.036313
1.036331
1.036347
1.036358
1.036360
1.036352
1.036337
1.036319
1.036301
1.036286
1.036278
1.036280
1.036291
1.036309
1.036327
1.036340
1.036346
1.036344
1.036337
1.036330
1.036327
1.036327
1.036331
1.036338
1.036341
1.036339
1.036330
1.036320
1.036313
1.036315
1.036321
1.036327
1.036323
1.036308
1.036285
1.036263
1.036248
1.036243
1.036245
1.036254
1.036266
1.036279
1.036291
1.036301
1.036304
1.036302
1.036297
1.036292
1.036288
1.036287
1.036286
1.036284
1.036284
1.036286
1.036290
1.036293
1.036294
1.036294
1.036293
1.036290
1.036285
1.036281
1.036279
1.036279
1.036279
1.036279
1.036279
1.036279
1.036278
1.036278
1.036277
1.036279
1.036284
1.036292
1.036302
1.036309
1.036315
1.036316
1.036315
1.036311
1.036305
1.036298
1.036295
1.036295
1.036297
1.036301
1.036308
1.036319
1.036337
1.036358
1.036378
1.036393
1.036402
1.036404
1.036404
1.036400
1.036389
1.036371
1.036349
1.036328
1.036312
1.036302
1.036295
1.036293
1.036293
1.036297
1.036302
1.036309
1.036316
1.036322
1.036325
1.036326
1.036325
1.036323
1.036323
1.036324
1.036328
1.036332
1.036334
1.036336
1.036338
1.036344
1.036350
1.036353
1.036351
1.036345
1.036337
1.036329
1.036322
1.036316
1.036310
1.036301
1.036289
1.036277
1.036268
1.036265
1.036269
1.036276
1.036280
1.036280
1.036274
1.036264
1.036255
1.036252
1.036259
1.036277
1.036300
1.036320
1.036334
1.036343
1.036350
1.036361
1.036371
1.036378
1.036379
1.036376
1.036370
1.036359
1.036340
1.036318
1.036297
1.036283
1.036278
1.036282
1.036291
1.036298
1.036301
1.036295
1.036282
1.036267
1.036254
1.036248
1.036249
1.036256
1.036266
1.036277
1.036284
1.036283
1.036275
1.036264
1.036254
1.036247
1.036244
1.036245
1.036252
1.036264
1.036278
1.036287
1.036292
1.036291
1.036286
1.036277
1.036267
1.036259
1.036257
1.036262
1.036274
1.036287
1.036300
1.036309
1.036317
1.036319
1.036317
1.036312
1.036307
1.036301
1.036293
1.036281
1.036268
1.036261
1.036260
1.036265
1.036275
1.036286
1.036298
1.036310
1.036323
1.036333
1.036336
1.036332
1.036320
1.036305
1.036289
1.036278
1.036274
1.036279
1.036291
1.036305
1.036317
1.036324
1.036326
1.036322
1.036316
1.036308
1.036301
1.036294
1.036289
1.036285
1.036282
1.036280
1.036278
1.036277
1.036277
1.036277
1.036274
1.036272
1.036273
1.036283
1.036301
1.036325
1.036346
1.036355
1.036349
1.036333
1.036315
1.036303
1.036294
1.036285
1.036272
1.036263
1.036258
1.036259
1.036260
1.036261
1.036263
1.036261
1.036258
1.036254
1.036257
1.036267
1.036280
1.036292
1.036302
1.036313
1.036328
1.036344
1.036355
1.036360
1.036357
1.036348
1.036336
1.036323
1.036315
1.036314
1.036322
1.036334
1.036348
1.036357
1.036360
1.036357
1.036349
1.036338
1.036323
1.036308
1.036293
1.036285
1.036281
1.036281
1.036279
1.036279
1.036280
1.036280
1.036277
1.036269
1.036261
1.036256
1.036257
1.036263
1.036270
1.036275
1.036276
1.036273
1.036266
1.036259
1.036258
1.036264
1.036278
1.036293
1.036304
1.036308
1.036306
1.036304
1.036306
1.036315
1.036332
1.036351
1.036367
1.036372
1.036364
1.036350
1.036335
1.036326
1.036325
1.036328
1.036330
1.036327
1.036319
1.036309
1.036299
1.036292
1.036284
1.036275
1.036270
1.036272
1.036284
1.036303
1.036322
1.036333
1.036336
1.036337
1.036340
1.036345
1.036349
1.036348
1.036344
1.036336
1.036327
1.036316
1.036306
1.036299
1.036298
1.036301
1.036306
1.036306
1.036302
1.036296
1.036290
1.036287
1.036287
1.036289
1.036294
1.036300
1.036305
1.036304
1.036297
1.036285
1.036277
1.036275
1.036280
1.036287
1.036293
1.036294
1.036294
1.036297
1.036305
1.036314
1.036319
1.036317
1.036312
1.036306
1.036303
1.036301
1.036301
1.036301
1.036301
1.036301
1.036305
1.036311
1.036318
1.036321
1.036323
1.036322
1.036321
1.036318
1.036315
1.036314
1.036314
1.036315
1.036313
1.036314
1.036316
1.036319
1.036319
1.036317
1.036314
1.036314
1.036317
1.036320
1.036321
1.036320
1.036320
1.036320
1.036320
1.036320
1.036321
1.036325
1.036333
1.036343
1.036352
1.036353
1.036349
1.036338
1.036327
1.036318
1.036313
1.036315
1.036321
1.036327
1.036328
1.036323
1.036313
1.036300
1.036290
1.036282
1.036278
1.036277
1.036279
1.036282
1.036284
1.036286
1.036287
1.036288
1.036290
1.036293
1.036296
1.036299
1.036300
1.036296
1.036289
1.036281
1.036278
1.036279
1.036287
1.036298
1.036308
1.036315
1.036319
1.036320
1.036323
1.036327
1.036332
1.036334
1.036331
1.036324
1.036312
1.036301
1.036289
1.036279
1.036270
1.036269
1.036273
1.036281
1.036287
1.036293
1.036297
1.036302
1.036305
1.036306
1.036301
1.036292
1.036282
1.036275
1.036273
1.036274
1.036280
1.036288
1.036297
1.036306
1.036312
1.036313
1.036310
1.036309
1.036311
1.036317
1.036321
1.036321
1.036315
1.036306
1.036295
1.036286
1.036280
1.036278
1.036275
1.036271
1.036266
1.036260
1.036260
1.036264
1.036269
1.036270
1.036269
1.036267
1.036272
1.036282
1.036298
1.036313
1.036322
1.036321
1.036314
1.036303
1.036294
1.036289
1.036292
1.036302
1.036318
1.036334
1.036344
1.036345
1.036341
1.036334
1.036328
1.036323
1.036320
1.036318
1.036317
1.036320
1.036329
1.036341
1.036355
1.036364
1.036370
1.036371
1.036367
1.036356
1.036340
1.036324
1.036317
1.036318
1.036324
1.036328
1.036328
1.036322
1.036313
1.036303
1.036297
1.036293
1.036292
1.036292
1.036289
1.036286
1.036286
1.036290
1.036298
1.036303
1.036305
1.036300
1.036294
1.036289
1.036288
1.036293
1.036298
1.036302
1.036301
1.036299
1.036298
1.036299
1.036302
1.036303
1.036300
1.036294
1.036284
1.036275
1.036267
1.036263
1.036261
1.036262
1.036263
1.036264
1.036263
1.036261
1.036258
1.036255
1.036254
1.036258
1.036266
1.036275
1.036281
1.036282
1.036281
1.036282
1.036287
1.036295
1.036299
1.036298
1.036292
1.036286
1.036280
1.036274
1.036267
1.036261
1.036256
1.036256
1.036261
1.036272
1.036285
1.036296
1.036301
1.036298
1.036286
1.036271
1.036256
1.036245
1.036239
1.036241
1.036248
1.036259
1.036269
1.036274
1.036271
1.036264
1.036256
1.036253
1.036254
1.036257
1.036259
1.036259
1.036260
1.036259
1.036257
1.036256
1.036262
1.036275
1.036293
1.036310
1.036321
1.036324
1.036320
1.036313
1.036308
1.036309
1.036315
1.036320
1.036324
1.036322
1.036319
1.036313
1.036306
1.036298
1.036292
1.036287
1.036286
1.036289
1.036296
1.036305
1.036313
1.036314
1.036308
1.036298
1.036290
1.036287
1.036293
1.036304
1.036313
1.036312
1.036294
1.036260
1.036215
1.036166
1.036120
1.036082
1.036051
1.036029
1.036012
1.036001
1.035993
1.035988
1.035984
1.035982
1.035981
1.035980
1.035979
1.035979
1.035978
1.035978
1.035978
1.035978
1.035978
1.035978
1.035978
1.035978
1.035978
1.035978
1.035978
1.035978
1.035978
1.035978
1.035978
1.035978
1.035978
1.035978
1.035978
1.035978
1.035978
1.035978
1.035978
1.035978
1.035978
1.035978
1.035978
1.035978
1.035978
1.035978
1.035978
1.035978
1.035978
1.035978
1.035978
1.035978
1.035978
1.035978
1.035978
1.035978
1.035978
1.035978
1.035978
1.035978
1.035978
1.035978
1.035978
1.035978
1.035978
1.035978
1.035978
1.035978
1.035978
1.035978
1.035978
1.035978
1.035978
1.035978
1.035978
1.035978
1.035978
1.035978
1.035978
1.035978
1.035978
1.035978
1.035978
1.035978
1.035978
1.035978
1.035978
1.035978
1.035978
1.035978
1.035978
1.035978
1.035978
1.035978
1.035978
1.035978
1.035978
1.035978
1.035978
1.035978
1.035978
1.035978
1.035978
1.035978
1.035978
1.035978
1.035978
1.035978
1.035978
1.035978
1.035978
1.035978
1.035978
1.035978
1.035978
1.035978
1.035978
1.035978
1.035978
1.035978
1.035978
1.035978
1.035978
1.035978
1.035978
1.035978
1.035978
1.035978
1.035978
1.035978
1.035978
1.035978
1.035978
1.035978
1.035978
1.035978
1.035978
1.035978
1.035978
1.035978
1.035978
1.035978
1.035978
1.035978
1.035978
1.035978
