1.102367
1.103553
1.103569
1.103562
1.103563
1.103561
1.103562
1.103562
1.103563
1.103562
1.103560
1.103558
1.103557
1.103557
1.103556
1.103556
1.103555
1.103556
1.103556
1.103557
1.103558
1.103559
1.103560
1.103562
1.103563
1.103563
1.103563
1.103563
1.103564
1.103566
1.103568
1.103570
1.103572
1.103573
1.103575
1.103577
1.103579
1.103582
1.103584
1.103587
1.103590
1.103594
1.103599
1.103605
1.103610
1.103613
1.103612
1.103605
1.103316
1.102640
1.101909
1.101132
1.100300
1.099407
1.098427
1.097360
18.011227
18.928394
19.280100
19.428396
18.934697
18.885453
18.590990
18.400855
18.359028
18.361782
18.308618
18.707285
19.332383
20.074091
20.591332
20.918946
20.833483
20.492752
19.878999
19.376175
18.807861
18.547185
18.679463
19.266027
20.017290
20.785299
21.168566
21.654970
22.014718
22.480222
23.019956
23.315122
23.278497
21.455379
21.997748
21.294615
21.139182
21.232469
21.366420
21.465533
21.482172
21.385839
21.143780
21.210587
21.143190
21.035385
20.711075
20.463066
20.184527
19.610323
20.504383
20.937127
21.465430
21.651731
21.694436
21.719630
21.402318
20.783129
20.948557
20.947006
22.068314
23.109496
24.003167
24.508657
24.358541
24.056154
23.959634
23.675211
23.640914
23.730663
23.544755
23.780347
23.587979
23.279107
23.038489
22.856876
22.998912
23.311995
23.800493
24.267354
24.726334
25.293112
25.039229
26.171684
26.625555
26.916496
26.727375
25.578733
25.919718
25.124044
24.691667
23.998588
23.426102
22.940367
23.042696
23.323147
23.493520
24.441818
24.147134
24.883406
24.617497
24.217096
23.889831
23.792796
23.853673
23.842484
23.600425
23.112476
22.777188
22.577215
22.544014
22.340508
23.092063
23.619564
22.676550
24.561905
24.926010
25.419840
25.528352
25.778519
25.902743
26.198655
26.443494
27.189303
27.768125
27.858435
27.822176
26.897502
27.212534
26.832715
27.127649
27.344725
26.949781
27.272854
27.122056
27.363831
27.318457
26.072939
28.068228
28.699665
28.733206
28.687576
28.546550
28.900947
29.397439
29.682781
29.881597
29.895928
29.750307
29.194894
29.820776
29.561629
29.513736
28.284700
29.290451
28.989233
28.758050
28.728576
29.083284
29.464557
28.102581
30.197879
30.488031
29.574196
29.885760
29.587267
29.180280
29.002629
29.020621
29.781024
29.921098
30.322352
29.933199
30.550034
30.202445
30.736565
30.908997
30.557270
29.195801
30.653233
28.807078
28.103236
27.736934
25.841913
23.582602
23.815758
23.051389
22.119234
22.247607
22.371865
22.583587
22.442811
22.198497
22.769024
23.123157
23.985188
25.070772
26.505565
27.123041
28.395665
28.073244
27.531566
27.409400
24.955618
24.792079
25.044579
25.316660
25.645155
25.647060
25.168415
24.750333
24.415645
24.412329
24.744976
26.539509
27.098348
27.296740
27.258218
27.121759
23.860933
25.999206
15.928902
23.537924
22.643623
21.937563
21.367158
20.531453
13.817482
19.689446
19.155987
19.114363
19.430885
19.807662
19.945385
20.057921
19.490815
20.429058
20.963452
20.832977
19.597403
20.080395
18.775696
1.097544
1.097653
1.097769
22.019268
23.672836
22.099282
25.577131
25.985436
27.137923
27.591461
26.844716
1.098734
1.098772
1.098815
1.098872
1.098925
1.098977
1.099029
1.099111
1.099226
1.099365
1.099490
1.099572
1.099615
1.099643
1.099690
1.099761
1.099840
1.099907
1.099962
1.100033
1.100136
1.100275
1.100421
1.100553
1.100653
1.100713
1.100729
1.100706
1.100674
1.100659
1.100690
1.100759
1.100858
1.100967
1.101071
1.101165
1.101248
1.101338
1.101438
1.101551
1.101664
1.101779
1.101896
1.102013
1.102120
1.102205
1.102269
1.102311
1.102334
1.102347
1.102358
1.102381
1.102424
1.102483
1.102541
1.102561
1.102539
1.102463
1.102362
1.102243
1.102144
1.102081
1.102072
1.102107
1.102169
1.102253
1.102342
1.102428
1.102493
1.102539
1.102574
1.102612
1.102654
1.102693
1.102730
1.102769
1.102811
1.102854
1.102884
1.102899
1.102893
1.102884
1.102881
1.102903
1.102936
1.102981
1.103026
1.103081
1.103139
1.103209
1.103280
1.103348
1.103391
1.103400
1.103367
1.103308
1.103240
1.103185
1.103148
1.103137
1.103149
1.103191
1.103252
1.103325
1.103399
1.103475
1.103544
1.103597
1.103619
1.103624
1.103620
1.103618
1.103618
1.103619
1.103622
1.103626
1.103631
1.103635
1.103638
1.103638
1.103638
1.103638
1.103637
1.103635
1.103631
1.103628
1.103626
1.103627
1.103630
1.103634
1.103636
1.103637
1.103635
1.103633
1.103632
1.103632
1.103633
1.103634
1.103637
1.103638
1.103637
1.103633
1.103629
1.103626
1.103626
1.103629
1.103633
1.103638
1.103642
1.103644
1.103645
1.103644
1.103643
1.103641
1.103640
1.103640
1.103641
1.103644
1.103646
1.103646
1.103644
1.103641
1.103637
1.103633
1.103630
1.103628
1.103627
1.103630
1.103633
1.103636
1.103636
1.103635
1.103633
1.103631
1.103630
1.103628
1.103627
1.103625
1.103625
1.103624
1.103624
1.103624
1.103623
1.103622
1.103621
1.103621
1.103621
1.103622
1.103622
1.103624
1.103627
1.103630
1.103631
1.103630
1.103627
1.103624
1.103622
1.103621
1.103621
1.103622
1.103624
1.103625
1.103625
1.103623
1.103620
1.103616
1.103614
1.103613
1.103614
1.103616
1.103617
1.103618
1.103617
1.103615
1.103611
1.103608
1.103604
1.103601
1.103598
1.103596
1.103595
1.103595
1.103596
1.103598
1.103600
1.103601
1.103600
1.103597
1.103594
1.103592
1.103591
1.103591
1.103591
1.103592
1.103592
1.103592
1.103592
1.103593
1.103594
1.103596
1.103598
1.103600
1.103601
1.103600
1.103599
1.103596
1.103594
1.103592
1.103591
1.103591
1.103592
1.103594
1.103596
1.103597
1.103597
1.103597
1.103596
1.103596
1.103595
1.103595
1.103595
1.103595
1.103596
1.103596
1.103596
1.103594
1.103592
1.103592
1.103592
1.103591
1.103590
1.103588
1.103586
1.103584
1.103582
1.103581
1.103582
1.103584
1.103586
1.103587
1.103587
1.103587
1.103586
1.103585
1.103586
1.103587
1.103588
1.103589
1.103590
1.103591
1.103591
1.103591
1.103590
1.103590
1.103590
1.103589
1.103588
1.103588
1.103588
1.103589
1.103590
1.103591
1.103592
1.103593
1.103594
1.103594
1.103595
1.103597
1.103599
1.103600
1.103600
1.103601
1.103601
1.103602
1.103604
1.103605
1.103607
1.103607
1.103608
1.103607
1.103606
1.103605
1.103604
1.103604
1.103604
1.103605
1.103604
1.103604
1.103604
1.103606
1.103608
1.103611
1.103614
1.103616
1.103617
1.103617
1.103618
1.103621
1.103625
1.103629
1.103634
1.103638
1.103643
1.103650
1.103659
1.103668
1.103676
1.103682
1.103686
1.103688
1.103688
1.103688
1.103686
1.103683
1.103680
1.103676
1.103671
1.103665
1.103658
1.103649
1.103639
1.103629
1.103620
1.103611
1.103603
1.103595
1.103588
1.103582
1.103577
1.103573
1.103571
1.103568
1.103566
1.103565
1.103564
1.103563
1.103563
1.103564
1.103564
1.103564
1.103564
1.103563
1.103563
1.103563
1.103562
1.103562
1.103561
1.103561
1.103561
1.103560
1.103559
1.103559
1.103558
1.103559
1.103559
1.103560
1.103560
1.103560
1.103559
1.103558
1.103557
1.103556
1.103555
1.103555
1.103555
1.103555
1.103555
1.103556
1.103556
1.103557
1.103558
1.103559
1.103560
1.103560
1.103561
1.103561
1.103561
1.103561
1.103562
1.103563
1.103564
1.103565
1.103565
1.103565
1.103564
1.103564
1.103563
1.103563
1.103563
1.103563
1.103564
1.103565
1.103566
1.103566
1.103565
1.103564
1.103563
1.103561
1.103559
1.103558
1.103558
1.103558
1.103558
1.103559
1.103559
1.103560
1.103560
1.103560
1.103560
1.103560
1.103559
1.103558
1.103557
1.103556
1.103555
1.103556
1.103557
1.103558
1.103559
1.103559
1.103560
1.103559
1.103559
1.103559
1.103559
1.103559
1.103559
1.103560
1.103561
1.103562
1.103563
1.103564
1.103565
1.103566
1.103566
1.103567
1.103567
1.103567
1.103566
1.103566
1.103565
1.103564
1.103563
1.103562
1.103561
1.103561
1.103560
1.103560
1.103560
1.103562
1.103563
1.103564
1.103564
1.103563
1.103561
1.103560
1.103558
1.103557
1.103556
1.103555
1.103555
1.103555
1.103556
1.103557
1.103559
1.103560
1.103561
1.103562
1.103563
1.103563
1.103563
1.103563
1.103563
1.103562
1.103562
1.103562
1.103562
1.103562
1.103562
1.103562
1.103562
1.103563
1.103563
1.103563
1.103563
1.103562
1.103561
1.103561
1.103560
1.103560
1.103560
1.103560
1.103560
1.103560
1.103560
1.103559
1.103559
1.103560
1.103560
1.103561
1.103562
1.103563
1.103563
1.103563
1.103563
1.103562
1.103561
1.103561
1.103560
1.103560
1.103560
1.103560
1.103560
1.103559
1.103558
1.103557
1.103557
1.103558
1.103558
1.103558
1.103559
1.103559
1.103559
1.103560
1.103560
1.103561
1.103562
1.103563
1.103564
1.103564
1.103563
1.103562
1.103561
1.103560
1.103559
1.103559
1.103558
1.103558
1.103558
1.103559
1.103559
1.103560
1.103560
1.103560
1.103561
1.103562
1.103562
1.103562
1.103562
1.103562
1.103562
1.103561
1.103561
1.103561
1.103560
1.103560
1.103560
1.103560
1.103560
1.103560
1.103560
1.103560
1.103561
1.103562
1.103563
1.103564
1.103564
1.103564
1.103563
1.103562
1.103561
1.103560
1.103559
1.103559
1.103560
1.103560
1.103560
1.103560
1.103559
1.103558
1.103557
1.103556
1.103556
1.103556
1.103557
1.103557
1.103557
1.103558
1.103558
1.103559
1.103560
1.103561
1.103561
1.103561
1.103560
1.103559
1.103559
1.103558
1.103558
1.103558
1.103558
1.103559
1.103560
1.103560
1.103560
1.103561
1.103561
1.103562
1.103562
1.103561
1.103561
1.103561
1.103561
1.103561
1.103560
1.103559
1.103559
1.103558
1.103559
1.103559
1.103560
1.103561
1.103561
1.103561
1.103562
1.103562
1.103562
1.103561
1.103561
1.103562
1.103562
1.103562
1.103562
1.103561
1.103560
1.103560
1.103560
1.103560
1.103560
1.103560
1.103561
1.103561
1.103561
1.103562
1.103562
1.103561
1.103561
1.103560
1.103559
1.103558
1.103558
1.103559
1.103559
1.103559
1.103559
1.103559
1.103559
1.103559
1.103559
1.103559
1.103559
1.103559
1.103559
1.103560
1.103560
1.103560
1.103561
1.103561
1.103561
1.103561
1.103561
1.103561
1.103560
1.103559
1.103559
1.103559
1.103560
1.103560
1.103560
1.103560
1.103560
1.103559
1.103559
1.103558
1.103557
1.103557
1.103557
1.103558
1.103559
1.103560
1.103562
1.103562
1.103563
1.103563
1.103564
1.103564
1.103563
1.103562
1.103561
1.103560
1.103559
1.103559
1.103558
1.103559
1.103559
1.103560
1.103561
1.103561
1.103562
1.103562
1.103562
1.103561
1.103560
1.103559
1.103558
1.103558
1.103558
1.103558
1.103559
1.103559
1.103560
1.103560
1.103561
1.103561
1.103561
1.103561
1.103561
1.103562
1.103562
1.103562
1.103562
1.103561
1.103561
1.103561
1.103561
1.103560
1.103560
1.103559
1.103559
1.103559
1.103559
1.103560
1.103561
1.103561
1.103562
1.103562
1.103561
1.103561
1.103561
1.103560
1.103560
1.103559
1.103559
1.103559
1.103559
1.103560
1.103560
1.103560
1.103561
1.103562
1.103562
1.103562
1.103562
1.103562
1.103561
1.103561
1.103561
1.103561
1.103561
1.103561
1.103561
1.103561
1.103561
1.103560
1.103560
1.103561
1.103561
1.103561
1.103562
1.103562
1.103563
1.103565
1.103565
1.103565
1.103564
1.103562
1.103561
1.103559
1.103557
1.103556
1.103555
1.103555
1.103556
1.103556
1.103557
1.103557
1.103558
1.103559
1.103560
1.103560
1.103561
1.103562
1.103563
1.103563
1.103563
1.103563
1.103562
1.103562
1.103562
1.103561
1.103561
1.103561
1.103562
1.103562
1.103562
1.103563
1.103563
1.103562
1.103562
1.103562
1.103562
1.103561
1.103561
1.103561
1.103562
1.103562
1.103562
1.103562
1.103562
1.103562
1.103563
1.103564
1.103565
1.103566
1.103566
1.103566
1.103566
1.103565
1.103564
1.103563
1.103563
1.103562
1.103562
1.103562
1.103562
1.103562
1.103562
1.103562
1.103562
1.103562
1.103562
1.103562
1.103563
1.103563
1.103562
1.103561
1.103561
1.103560
1.103560
1.103560
1.103560
1.103561
1.103561
1.103561
1.103561
1.103562
1.103562
1.103562
1.103562
1.103562
1.103561
1.103560
1.103559
1.103559
1.103559
1.103560
1.103560
1.103560
1.103560
1.103561
1.103561
1.103561
1.103561
1.103561
1.103560
1.103560
1.103559
1.103559
1.103559
1.103560
1.103560
1.103560
1.103561
1.103561
1.103562
1.103562
1.103562
1.103561
1.103561
1.103560
1.103560
1.103559
1.103559
1.103558
1.103558
1.103558
1.103559
1.103559
1.103559
1.103560
1.103560
1.103560
1.103560
1.103560
1.103561
1.103561
1.103561
1.103561
1.103560
1.103560
1.103561
1.103561
1.103561
1.103561
1.103561
1.103561
1.103561
1.103561
1.103560
1.103560
1.103560
1.103560
1.103560
1.103560
1.103560
1.103560
1.103560
1.103561
1.103561
1.103560
1.103560
1.103559
1.103559
1.103558
1.103557
1.103557
1.103558
1.103558
1.103559
1.103560
1.103560
1.103561
1.103561
1.103561
1.103561
1.103561
1.103561
1.103561
1.103561
1.103561
1.103561
1.103561
1.103561
1.103561
1.103560
1.103561
1.103561
1.103561
1.103561
1.103562
1.103562
1.103562
1.103561
1.103561
1.103560
1.103560
1.103560
1.103560
1.103560
1.103560
1.103560
1.103560
1.103559
1.103559
1.103560
1.103560
1.103560
1.103561
1.103561
1.103561
1.103561
1.103561
1.103561
1.103561
1.103561
1.103561
1.103561
1.103561
1.103562
1.103562
1.103562
1.103563
1.103563
1.103563
1.103563
1.103563
1.103563
1.103562
1.103562
1.103561
1.103561
1.103560
1.103560
1.103561
1.103561
1.103561
1.103562
1.103562
1.103562
1.103562
1.103562
1.103562
1.103562
1.103562
1.103561
1.103561
1.103562
1.103562
1.103563
1.103563
1.103563
1.103563
1.103563
1.103562
1.103562
1.103561
1.103561
1.103561
1.103561
1.103561
1.103561
1.103561
1.103562
1.103562
1.103561
1.103561
1.103561
1.103561
1.103562
1.103562
1.103562
1.103562
1.103562
1.103562
1.103562
1.103562
1.103562
1.103562
1.103562
1.103562
1.103561
1.103561
1.103561
1.103561
1.103561
1.103560
1.103560
1.103560
1.103560
1.103561
1.103561
1.103561
1.103561
1.103561
1.103561
1.103561
1.103561
1.103560
1.103560
1.103560
1.103560
1.103560
1.103560
1.103560
1.103560
1.103560
1.103560
1.103560
1.103561
1.103561
1.103561
1.103561
1.103561
1.103561
1.103561
1.103561
1.103562
1.103562
1.103562
1.103562
1.103562
1.103562
1.103562
1.103563
1.103562
1.103562
1.103562
1.103562
1.103562
1.103563
1.103563
1.103563
1.103563
1.103562
1.103562
1.103562
1.103562
1.103563
1.103562
1.103562
1.103561
1.103561
1.103560
1.103560
1.103560
1.103560
1.103561
1.103561
1.103561
1.103561
1.103561
1.103561
1.103561
1.103561
1.103561
1.103561
1.103561
1.103561
1.103561
1.103562
1.103562
1.103562
1.103561
1.103561
1.103561
1.103561
1.103561
1.103561
1.103561
1.103561
1.103561
1.103561
1.103561
1.103561
1.103561
1.103562
1.103562
1.103562
1.103562
1.103562
1.103562
1.103562
1.103562
1.103561
1.103561
1.103561
1.103561
1.103561
1.103561
1.103561
1.103562
1.103562
1.103562
1.103562
1.103562
1.103563
1.103563
1.103562
1.103562
1.103562
1.103561
1.103561
1.103561
1.103560
1.103561
1.103561
1.103561
1.103561
1.103561
1.103561
1.103561
1.103561
1.103561
1.103561
1.103561
1.103561
1.103561
1.103561
1.103561
1.103561
1.103561
1.103561
1.103560
1.103560
1.103560
1.103560
1.103560
1.103560
1.103560
1.103560
1.103560
1.103560
1.103560
1.103560
1.103560
1.103560
1.103560
1.103561
1.103561
1.103562
1.103562
1.103562
1.103562
1.103562
1.103562
1.103562
1.103562
1.103561
1.103561
1.103561
1.103561
1.103561
1.103561
1.103562
1.103562
1.103562
1.103562
1.103562
1.103561
1.103561
1.103561
1.103561
1.103561
1.103561
1.103561
1.103561
1.103560
1.103560
1.103560
1.103561
1.103561
1.103562
1.103562
1.103562
1.103562
1.103561
1.103561
1.103561
1.103561
1.103561
1.103561
1.103560
1.103560
1.103560
1.103560
1.103561
1.103561
1.103561
1.103562
1.103562
1.103562
1.103562
1.103562
1.103562
1.103562
1.103562
1.103561
1.103561
1.103561
1.103561
1.103561
1.103561
1.103561
1.103561
1.103561
1.103561
1.103560
1.103560
1.103560
1.103560
1.103560
1.103560
1.103560
1.103560
1.103561
1.103561
1.103561
1.103561
1.103561
1.103561
1.103561
1.103561
1.103561
1.103561
1.103561
1.103561
1.103561
1.103561
1.103560
1.103560
1.103560
1.103560
1.103560
1.103560
1.103560
1.103560
1.103560
1.103560
1.103560
1.103560
1.103560
1.103560
1.103560
1.103560
1.103560
1.103559
1.103559
1.103559
1.103559
1.103560
1.103560
1.103560
1.103560
1.103560
1.103560
1.103560
1.103560
1.103560
1.103560
1.103560
1.103561
1.103561
1.103561
1.103561
1.103561
1.103561
1.103561
1.103561
1.103561
1.103561
1.103561
1.103562
1.103562
1.103562
1.103562
1.103562
1.103562
1.103562
1.103562
1.103562
1.103562
1.103562
1.103562
1.103562
1.103562
1.103562
1.103561
1.103561
1.103561
1.103561
1.103561
1.103561
1.103561
1.103561
1.103561
1.103561
1.103562
1.103562
1.103562
1.103562
1.103561
1.103561
1.103561
1.103561
1.103561
1.103561
1.103561
1.103561
1.103561
1.103561
1.103561
1.103561
1.103561
1.103561
1.103561
1.103561
1.103560
1.103560
1.103560
1.103560
1.103560
1.103561
1.103560
1.103560
1.103560
1.103560
1.103560
1.103560
1.103560
1.103560
1.103560
1.103560
1.103560
1.103561
1.103561
1.103561
1.103561
1.103561
1.103561
1.103561
1.103561
1.103561
1.103561
1.103561
1.103562
1.103562
1.103562
1.103562
1.103562
1.103562
1.103562
1.103562
1.103562
1.103561
1.103562
1.103562
1.103562
1.103561
1.103561
1.103561
1.103561
1.103561
1.103561
1.103561
1.103561
1.103561
1.103562
1.103562
1.103562
1.103562
1.103562
1.103562
1.103562
1.103561
1.103561
1.103561
1.103561
1.103561
1.103561
1.103561
1.103561
1.103561
1.103561
1.103561
1.103561
1.103561
1.103560
1.103560
1.103560
1.103561
1.103561
1.103561
1.103561
1.103561
1.103561
1.103561
1.103561
1.103561
1.103561
1.103561
1.103561
1.103561
1.103561
1.103561
1.103561
1.103561
1.103561
1.103561
1.103561
1.103561
1.103561
1.103561
1.103561
1.103562
1.103562
1.103562
1.103562
1.103561
1.103561
1.103561
1.103560
1.103560
1.103560
1.103560
1.103560
1.103560
1.103560
1.103560
1.103561
1.103561
1.103561
1.103561
1.103561
1.103560
1.103560
1.103560
1.103560
1.103560
1.103561
1.103561
1.103561
1.103562
1.103562
1.103562
1.103562
1.103562
1.103561
1.103561
1.103561
1.103561
1.103561
1.103561
1.103561
1.103561
1.103560
1.103560
1.103560
1.103560
1.103561
1.103561
1.103561
1.103561
1.103561
1.103561
1.103561
1.103561
1.103561
1.103561
1.103560
1.103560
1.103560
1.103560
1.103560
1.103560
1.103560
1.103560
1.103560
1.103560
1.103561
1.103560
1.103560
1.103560
1.103560
1.103560
1.103560
1.103560
1.103560
1.103560
1.103560
1.103559
1.103559
1.103559
1.103560
1.103560
1.103560
1.103560
1.103560
1.103560
1.103561
1.103561
1.103561
1.103561
1.103561
1.103561
1.103561
1.103561
1.103561
1.103561
1.103561
1.103561
1.103561
1.103561
1.103561
1.103561
1.103560
1.103560
1.103560
1.103560
1.103560
1.103561
1.103561
1.103561
1.103561
1.103560
1.103560
1.103560
1.103560
1.103560
1.103560
1.103560
1.103560
1.103560
1.103561
1.103561
1.103561
1.103560
1.103560
1.103560
1.103559
1.103559
1.103559
1.103559
1.103560
1.103560
1.103560
1.103561
1.103561
1.103561
1.103561
1.103560
1.103560
1.103560
1.103560
1.103560
1.103560
1.103560
1.103560
1.103560
1.103560
1.103560
1.103560
1.103560
1.103560
1.103560
1.103560
1.103560
1.103560
1.103560
1.103560
1.103560
1.103560
1.103561
1.103561
1.103561
1.103560
1.103560
1.103560
1.103560
1.103560
1.103560
1.103561
1.103561
1.103561
1.103561
1.103561
1.103561
1.103561
1.103561
1.103561
1.103561
1.103561
1.103560
1.103560
1.103560
1.103560
1.103559
1.103559
1.103559
1.103559
1.103558
1.103558
1.103558
1.103558
1.103558
1.103559
1.103559
1.103560
1.103561
1.103561
1.103561
1.103561
1.103562
1.103562
1.103562
1.103562
1.103561
1.103561
1.103561
1.103561
1.103561
1.103561
1.103561
1.103561
1.103561
1.103561
1.103561
1.103561
1.103561
1.103561
1.103560
1.103560
1.103561
1.103561
1.103561
1.103561
1.103561
1.103561
1.103561
1.103562
1.103562
1.103562
1.103562
1.103561
1.103561
1.103561
1.103561
1.103561
1.103561
1.103561
1.103561
1.103561
1.103561
1.103562
1.103562
1.103561
1.103561
1.103561
1.103562
1.103562
1.103562
1.103562
1.103562
1.103562
1.103562
1.103562
1.103561
1.103561
1.103561
1.103561
1.103562
1.103562
1.103562
1.103562
1.103562
1.103562
1.103561
1.103561
1.103561
1.103561
1.103561
1.103561
1.103561
1.103561
1.103561
1.103561
1.103561
1.103561
1.103561
1.103561
1.103561
1.103560
1.103560
1.103561
1.103561
1.103561
1.103561
1.103560
1.103560
1.103560
1.103560
1.103561
1.103561
1.103560
1.103560
1.103560
1.103560
1.103560
1.103560
1.103560
1.103560
1.103560
1.103560
1.103561
1.103561
1.103561
1.103561
1.103561
1.103561
1.103561
1.103561
1.103562
1.103562
1.103562
1.103562
1.103562
1.103562
1.103562
1.103562
1.103562
1.103561
1.103561
1.103561
1.103561
1.103561
1.103561
1.103562
1.103562
1.103562
1.103562
1.103562
1.103562
1.103562
1.103561
1.103561
1.103561
1.103561
1.103561
1.103561
1.103561
1.103560
1.103560
1.103560
1.103560
1.103560
1.103560
1.103560
1.103560
1.103560
1.103560
1.103560
1.103560
1.103560
1.103560
1.103560
1.103560
1.103560
1.103560
1.103560
1.103560
1.103560
1.103561
1.103561
1.103561
1.103561
1.103561
1.103561
1.103561
1.103561
1.103561
1.103561
1.103561
1.103561
1.103561
1.103561
1.103561
1.103561
1.103561
1.103561
1.103561
1.103561
1.103561
1.103561
1.103561
1.103561
1.103561
1.103561
1.103561
1.103562
1.103562
1.103562
1.103562
1.103562
1.103562
1.103562
1.103562
1.103562
1.103562
1.103562
1.103562
1.103561
1.103561
1.103561
1.103560
1.103560
1.103560
1.103560
1.103560
1.103560
1.103560
1.103561
1.103561
1.103561
1.103561
1.103561
1.103561
1.103561
1.103561
1.103561
1.103561
1.103561
1.103560
1.103560
1.103561
1.103561
1.103561
1.103561
1.103561
1.103561
1.103561
1.103561
1.103561
1.103561
1.103561
1.103561
1.103561
1.103561
1.103561
1.103561
1.103561
1.103561
1.103561
1.103561
1.103561
1.103561
1.103561
1.103561
1.103561
1.103561
1.103561
1.103561
1.103561
1.103561
1.103561
1.103561
1.103561
1.103561
1.103561
1.103561
1.103561
1.103561
1.103561
1.103561
1.103561
1.103561
1.103561
1.103561
1.103561
1.103561
1.103561
1.103561
1.103561
1.103561
1.103561
1.103561
1.103561
1.103560
1.103560
1.103560
1.103560
1.103560
1.103560
1.103561
1.103561
1.103560
1.103561
1.103561
1.103561
1.103561
1.103561
1.103561
1.103561
1.103561
1.103561
1.103561
1.103561
1.103561
1.103561
1.103561
1.103561
1.103561
1.103561
1.103561
1.103561
1.103561
1.103561
1.103561
1.103561
1.103561
1.103561
1.103561
1.103561
1.103561
1.103561
1.103561
1.103561
1.103561
1.103561
1.103561
1.103561
1.103561
1.103561
1.103561
1.103561
1.103561
1.103561
1.103561
1.103561
1.103561
1.103561
1.103561
1.103561
1.103561
1.103562
1.103562
1.103562
1.103562
1.103562
1.103561
1.103561
1.103561
1.103561
1.103561
1.103561
1.103561
1.103560
1.103560
1.103560
1.103560
1.103560
1.103560
1.103560
1.103560
1.103560
1.103560
1.103560
1.103561
1.103561
1.103561
1.103561
1.103561
1.103561
1.103561
1.103561
1.103561
1.103561
1.103561
1.103561
1.103561
1.103561
1.103561
1.103561
1.103561
1.103562
1.103562
1.103562
1.103561
1.103561
1.103561
1.103561
1.103560
1.103560
1.103560
1.103560
1.103560
1.103560
1.103560
1.103561
1.103561
1.103561
1.103561
1.103561
1.103561
1.103561
1.103561
1.103561
1.103561
1.103560
1.103560
1.103560
1.103560
1.103560
1.103561
1.103561
1.103561
1.103560
1.103560
1.103560
1.103560
1.103560
1.103561
1.103561
1.103560
1.103560
1.103560
1.103560
1.103559
1.103559
1.103560
1.103560
1.103560
1.103560
1.103560
1.103560
1.103560
1.103560
1.103560
1.103560
1.103560
1.103560
1.103560
1.103561
1.103561
1.103561
1.103561
1.103561
1.103561
1.103561
1.103561
1.103561
1.103561
1.103561
1.103560
1.103560
1.103560
1.103560
1.103560
1.103560
1.103560
1.103560
1.103561
1.103561
1.103561
1.103561
1.103561
1.103561
1.103561
1.103561
1.103561
1.103561
1.103561
1.103561
1.103561
1.103561
1.103561
1.103561
1.103561
1.103561
1.103561
1.103561
1.103561
1.103561
1.103561
1.103561
1.103561
1.103561
1.103561
1.103561
1.103561
1.103561
1.103561
1.103561
1.103561
1.103561
1.103561
1.103561
1.103561
1.103561
1.103561
1.103561
1.103561
1.103560
1.103560
1.103560
1.103561
1.103561
1.103561
1.103561
1.103562
1.103562
1.103562
1.103561
1.103562
1.103562
1.103562
1.103562
1.103562
1.103562
1.103562
1.103561
1.103561
1.103561
1.103561
1.103561
1.103561
1.103561
1.103561
1.103561
1.103560
1.103560
1.103560
1.103560
1.103560
1.103561
1.103561
1.103560
1.103560
1.103560
1.103560
1.103559
1.103559
1.103560
1.103560
1.103560
1.103560
1.103560
1.103561
1.103561
1.103561
1.103561
1.103561
1.103561
1.103561
1.103561
1.103561
1.103561
1.103561
1.103561
1.103561
1.103561
1.103561
1.103561
1.103560
1.103559
1.103559
1.103559
1.103559
1.103560
1.103560
1.103560
1.103560
1.103560
1.103560
1.103560
1.103560
1.103560
1.103561
1.103561
1.103561
1.103561
1.103561
1.103561
1.103561
1.103561
1.103561
1.103561
1.103561
1.103561
1.103561
1.103560
1.103560
1.103560
1.103560
1.103560
1.103560
1.103561
1.103561
1.103560
1.103560
1.103560
1.103560
1.103560
1.103560
1.103561
1.103561
1.103561
1.103561
1.103561
1.103561
1.103561
1.103561
1.103561
1.103561
1.103561
1.103561
1.103561
1.103561
1.103561
1.103562
1.103562
1.103562
1.103562
1.103562
1.103561
1.103561
1.103561
1.103561
1.103561
1.103561
1.103561
1.103561
1.103561
1.103561
1.103561
1.103561
1.103561
1.103561
1.103561
1.103561
1.103561
1.103561
1.103561
1.103561
1.103560
1.103560
1.103560
1.103560
1.103560
1.103560
1.103560
1.103560
1.103561
1.103561
1.103561
1.103561
1.103561
1.103560
1.103560
1.103560
1.103560
1.103560
1.103561
1.103561
1.103561
1.103561
1.103561
1.103561
1.103561
1.103561
1.103561
1.103561
1.103561
1.103561
1.103560
1.103560
1.103560
1.103560
1.103560
1.103560
1.103561
1.103561
1.103561
1.103561
1.103561
1.103561
1.103561
1.103561
1.103561
1.103561
1.103561
1.103561
1.103561
1.103562
1.103562
1.103562
1.103562
1.103562
1.103562
1.103562
1.103562
1.103562
1.103562
1.103562
1.103561
1.103561
1.103562
1.103562
1.103562
1.103563
1.103562
1.103562
1.103562
1.103562
1.103561
1.103561
1.103561
1.103560
1.103560
1.103560
1.103560
1.103560
1.103560
1.103561
1.103561
1.103561
1.103561
1.103561
1.103561
1.103561
1.103561
1.103561
1.103561
1.103561
1.103561
1.103561
1.103561
1.103561
1.103561
1.103561
1.103561
1.103561
1.103561
1.103561
1.103561
1.103561
1.103561
1.103561
1.103561
1.103561
1.103561
1.103560
1.103560
1.103560
1.103560
1.103560
1.103561
1.103560
1.103560
1.103560
1.103560
1.103560
1.103560
1.103560
1.103560
1.103560
1.103560
1.103561
1.103561
1.103561
1.103561
1.103561
1.103561
1.103561
1.103561
1.103561
1.103561
1.103561
1.103561
1.103561
1.103561
1.103561
1.103561
1.103561
1.103561
1.103561
1.103560
1.103560
1.103560
1.103560
1.103560
1.103560
1.103560
1.103559
1.103559
1.103559
1.103559
1.103559
1.103559
1.103559
1.103560
1.103560
1.103561
1.103561
1.103562
1.103562
1.103562
1.103562
1.103561
1.103561
1.103560
1.103560
1.103560
1.103560
1.103560
1.103560
1.103560
1.103560
1.103560
1.103560
1.103560
1.103560
1.103560
1.103560
1.103560
1.103560
1.103560
1.103560
1.103560
1.103560
1.103560
1.103560
1.103560
1.103561
1.103561
1.103561
1.103562
1.103562
1.103562
1.103562
1.103562
1.103562
1.103562
1.103562
1.103562
1.103562
1.103562
1.103562
1.103562
1.103562
1.103562
1.103562
1.103562
1.103562
1.103562
1.103562
1.103561
1.103561
1.103561
1.103561
1.103561
1.103561
1.103561
1.103561
1.103560
1.103560
1.103561
1.103561
1.103561
1.103561
1.103561
1.103561
1.103561
1.103561
1.103561
1.103561
1.103561
1.103561
1.103560
1.103560
1.103560
1.103560
1.103560
1.103560
1.103560
1.103561
1.103561
1.103561
1.103560
1.103560
1.103560
1.103561
1.103561
1.103561
1.103561
1.103561
1.103561
1.103561
1.103561
1.103561
1.103561
1.103561
1.103561
1.103561
1.103561
1.103561
1.103561
1.103561
1.103561
1.103561
1.103561
1.103561
1.103561
1.103561
1.103561
1.103560
1.103560
1.103560
1.103560
1.103559
1.103559
1.103559
1.103560
1.103560
1.103560
1.103561
1.103561
1.103561
1.103561
1.103561
1.103561
1.103561
1.103561
1.103560
1.103560
1.103560
1.103560
1.103561
1.103561
1.103561
1.103561
1.103561
1.103561
1.103561
1.103561
1.103561
1.103561
1.103561
1.103561
1.103561
1.103561
1.103561
1.103560
1.103560
1.103560
1.103560
1.103559
1.103559
1.103560
1.103560
1.103561
1.103561
1.103561
1.103562
1.103562
1.103562
1.103561
1.103561
1.103561
1.103561
1.103561
1.103561
1.103560
1.103560
1.103560
1.103561
1.103561
1.103561
1.103561
1.103562
1.103561
1.103561
1.103561
1.103561
1.103561
1.103561
1.103561
1.103561
1.103561
1.103561
1.103561
1.103561
1.103561
1.103561
1.103561
1.103561
1.103561
1.103560
1.103560
1.103560
1.103560
1.103561
1.103561
1.103562
1.103562
1.103562
1.103562
1.103561
1.103561
1.103561
1.103561
1.103561
1.103561
1.103561
1.103561
1.103561
1.103561
1.103561
1.103561
1.103561
1.103561
1.103561
1.103560
1.103560
1.103560
1.103561
1.103561
1.103561
1.103561
1.103561
1.103561
1.103561
1.103561
1.103561
1.103561
1.103561
1.103561
1.103561
1.103561
1.103561
1.103561
1.103561
1.103561
1.103561
1.103560
1.103560
1.103560
1.103561
1.103561
1.103561
1.103562
1.103562
1.103562
1.103562
1.103561
1.103561
1.103561
1.103561
1.103561
1.103561
1.103561
1.103561
1.103561
1.103561
1.103561
1.103561
1.103561
1.103561
1.103561
1.103561
1.103561
1.103561
1.103561
1.103561
1.103561
1.103561
1.103561
1.103561
1.103561
1.103561
1.103561
1.103561
1.103561
1.103561
1.103561
1.103561
1.103561
1.103561
1.103561
1.103561
1.103561
1.103561
1.103561
1.103561
1.103561
1.103561
1.103561
1.103561
1.103561
1.103560
1.103560
1.103560
1.103560
1.103560
1.103560
1.103560
1.103560
1.103561
1.103561
1.103560
1.103560
1.103560
1.103560
1.103559
1.103559
1.103559
1.103559
1.103559
1.103559
1.103560
1.103560
1.103560
1.103560
1.103561
1.103561
1.103561
1.103561
1.103561
1.103561
1.103561
1.103561
1.103561
1.103562
1.103562
1.103562
1.103561
1.103561
1.103561
1.103561
1.103561
1.103561
1.103561
1.103562
1.103562
1.103562
1.103562
1.103562
1.103562
1.103562
1.103561
1.103561
1.103561
1.103561
1.103561
1.103561
1.103561
1.103561
1.103561
1.103561
1.103561
1.103561
1.103561
1.103560
1.103560
1.103560
1.103559
1.103559
1.103560
1.103560
1.103560
1.103560
1.103561
1.103560
1.103560
1.103560
1.103560
1.103560
1.103560
1.103561
1.103561
1.103561
1.103561
1.103561
1.103561
1.103561
1.103561
1.103560
1.103560
1.103560
1.103560
1.103560
1.103560
1.103560
1.103561
1.103561
1.103560
1.103560
1.103560
1.103560
1.103560
1.103560
1.103560
1.103560
1.103560
1.103560
1.103561
1.103561
1.103561
1.103561
1.103561
1.103561
1.103561
1.103561
1.103560
1.103560
1.103560
1.103560
1.103559
1.103559
1.103559
1.103559
1.103559
1.103559
1.103560
1.103560
1.103560
1.103560
1.103560
1.103560
1.103560
1.103560
1.103560
1.103560
1.103560
1.103560
1.103561
1.103561
1.103561
1.103561
1.103561
1.103561
1.103561
1.103561
1.103561
1.103561
1.103561
1.103561
1.103560
1.103560
1.103560
1.103560
1.103560
1.103560
1.103560
1.103560
1.103560
1.103560
1.103560
1.103560
1.103561
1.103561
1.103561
1.103561
1.103561
1.103561
1.103561
1.103562
1.103562
1.103562
1.103561
1.103561
1.103561
1.103561
1.103561
1.103561
1.103561
1.103561
1.103561
1.103561
1.103561
1.103561
1.103560
1.103560
1.103560
1.103560
1.103560
1.103560
1.103560
1.103560
1.103560
1.103561
1.103561
1.103561
1.103561
1.103561
1.103561
1.103561
1.103561
1.103561
1.103561
1.103561
1.103561
1.103561
1.103561
1.103561
1.103561
1.103561
1.103561
1.103561
1.103561
1.103561
1.103561
1.103561
1.103561
1.103560
1.103560
1.103560
1.103560
1.103560
1.103561
1.103561
1.103561
1.103561
1.103562
1.103562
1.103562
1.103562
1.103562
1.103562
1.103562
1.103562
1.103562
1.103562
1.103561
1.103561
1.103561
1.103561
1.103561
1.103561
1.103561
1.103561
1.103561
1.103561
1.103561
1.103561
1.103560
1.103560
1.103560
1.103560
1.103560
1.103561
1.103561
1.103561
1.103562
1.103562
1.103562
1.103562
1.103562
1.103562
1.103562
1.103561
1.103561
1.103561
1.103561
1.103561
1.103561
1.103561
1.103561
1.103561
1.103561
1.103561
1.103561
1.103561
1.103561
1.103561
1.103561
1.103561
1.103561
1.103561
1.103561
1.103560
1.103560
1.103560
1.103560
1.103560
1.103560
1.103560
1.103560
1.103560
1.103560
1.103560
1.103560
1.103560
1.103560
1.103561
1.103561
1.103561
1.103561
1.103561
1.103561
1.103561
1.103561
1.103561
1.103561
1.103561
1.103561
1.103561
1.103561
1.103561
1.103561
1.103562
1.103562
1.103562
1.103563
1.103563
1.103563
1.103562
1.103562
1.103561
1.103561
1.103561
1.103561
1.103561
1.103561
1.103561
1.103561
1.103561
1.103561
1.103561
1.103561
1.103561
1.103561
1.103562
1.103562
1.103562
1.103562
1.103562
1.103562
1.103562
1.103561
1.103561
1.103561
1.103561
1.103561
1.103561
1.103561
1.103561
1.103561
1.103561
1.103561
1.103561
1.103561
1.103561
1.103561
1.103561
1.103561
1.103561
1.103561
1.103560
1.103560
1.103560
1.103560
1.103560
1.103560
1.103560
1.103560
1.103560
1.103560
1.103560
1.103560
1.103560
1.103560
1.103560
1.103560
1.103560
1.103560
1.103560
1.103560
1.103560
1.103560
1.103560
1.103561
1.103561
1.103561
1.103561
1.103561
1.103561
1.103561
1.103561
1.103561
1.103562
1.103562
1.103562
1.103562
1.103562
1.103561
1.103561
1.103561
1.103561
1.103561
1.103561
1.103561
1.103561
1.103561
1.103561
1.103561
1.103561
1.103561
1.103561
1.103561
1.103560
1.103560
1.103560
1.103560
1.103560
1.103560
1.103561
1.103561
1.103561
1.103562
1.103562
1.103562
1.103562
1.103562
1.103561
1.103561
1.103561
1.103561
1.103561
1.103562
1.103562
1.103562
1.103562
1.103561
1.103561
1.103561
1.103561
1.103560
1.103560
1.103560
1.103560
1.103560
1.103560
1.103560
1.103560
1.103560
1.103561
1.103561
1.103561
1.103562
1.103562
1.103562
1.103562
1.103561
1.103561
1.103561
1.103560
1.103560
1.103560
1.103560
1.103560
1.103561
1.103561
1.103561
1.103561
1.103561
1.103561
1.103561
1.103561
1.103561
1.103561
1.103561
1.103561
1.103561
1.103561
1.103561
1.103561
1.103561
1.103561
1.103561
1.103561
1.103561
1.103561
1.103561
1.103561
1.103561
1.103561
1.103561
1.103562
1.103562
1.103561
1.103561
1.103561
1.103560
1.103560
1.103560
1.103560
1.103561
1.103561
1.103561
1.103561
1.103561
1.103561
1.103561
1.103561
1.103561
1.103561
1.103561
1.103561
1.103561
1.103561
1.103561
1.103560
1.103560
1.103560
1.103560
1.103560
1.103560
1.103560
1.103560
1.103560
1.103560
1.103560
1.103560
1.103560
1.103560
1.103561
1.103561
1.103561
1.103561
1.103562
1.103562
1.103562
1.103562
1.103562
1.103561
1.103561
1.103561
1.103561
1.103561
1.103561
1.103561
1.103561
1.103561
1.103561
1.103561
1.103561
1.103561
1.103561
1.103561
1.103561
1.103561
1.103561
1.103561
1.103561
1.103561
1.103561
1.103561
1.103561
1.103561
1.103561
1.103561
1.103560
1.103560
1.103560
1.103560
1.103560
1.103560
1.103560
1.103560
1.103560
1.103560
1.103561
1.103561
1.103561
1.103561
1.103561
1.103561
1.103561
1.103561
1.103561
1.103561
1.103561
1.103561
1.103561
1.103561
1.103561
1.103561
1.103561
1.103561
1.103561
1.103561
1.103561
1.103561
1.103561
1.103561
1.103561
1.103561
1.103562
1.103562
1.103562
1.103562
1.103562
1.103562
1.103561
1.103561
1.103561
1.103561
1.103561
1.103561
1.103561
1.103561
1.103562
1.103562
1.103561
1.103561
1.103560
1.103560
1.103559
1.103559
1.103559
1.103559
1.103560
1.103560
1.103561
1.103561
1.103561
1.103561
1.103561
1.103561
1.103561
1.103561
1.103561
1.103560
1.103560
1.103560
1.103560
1.103560
1.103560
1.103560
1.103560
1.103560
1.103560
1.103560
1.103560
1.103560
1.103560
1.103560
1.103561
1.103561
1.103561
1.103561
1.103561
1.103561
1.103561
1.103561
1.103561
1.103561
1.103561
1.103561
1.103561
1.103561
1.103561
1.103561
1.103561
1.103561
1.103561
1.103561
1.103561
1.103561
1.103561
1.103561
1.103561
1.103561
1.103561
1.103561
1.103561
1.103561
1.103561
1.103561
1.103560
1.103560
1.103560
1.103561
1.103561
1.103561
1.103561
1.103560
1.103560
1.103560
1.103560
1.103560
1.103560
1.103560
1.103560
1.103559
1.103559
1.103559
1.103559
1.103559
1.103560
1.103560
1.103560
1.103560
1.103561
1.103561
1.103561
1.103561
1.103561
1.103561
1.103561
1.103561
1.103561
1.103561
1.103560
1.103560
1.103560
1.103560
1.103560
1.103560
1.103560
1.103561
1.103561
1.103561
1.103562
1.103562
1.103562
1.103562
1.103562
1.103562
1.103562
1.103562
1.103562
1.103562
1.103562
1.103561
1.103561
1.103561
1.103561
1.103561
1.103561
1.103561
1.103561
1.103561
1.103561
1.103560
1.103560
1.103559
1.103559
1.103559
1.103559
1.103560
1.103560
1.103560
1.103560
1.103560
1.103560
1.103560
1.103560
1.103560
1.103559
1.103559
1.103559
1.103559
1.103559
1.103560
1.103560
1.103560
1.103560
1.103561
1.103561
1.103561
1.103561
1.103561
1.103561
1.103561
1.103561
1.103561
1.103560
1.103560
1.103560
1.103560
1.103560
1.103560
1.103561
1.103561
1.103561
1.103561
1.103561
1.103561
1.103561
1.103561
1.103561
1.103562
1.103562
1.103562
1.103562
1.103561
1.103561
1.103561
1.103562
1.103562
1.103562
1.103561
1.103561
1.103561
1.103561
1.103561
1.103561
1.103561
1.103561
1.103561
1.103561
1.103561
1.103560
1.103560
1.103560
1.103560
1.103560
1.103560
1.103560
1.103560
1.103560
1.103560
1.103560
1.103560
1.103561
1.103561
1.103561
1.103561
1.103561
1.103561
1.103561
1.103561
1.103561
1.103561
1.103561
1.103561
1.103561
1.103561
1.103561
1.103561
1.103561
1.103561
1.103561
1.103561
1.103561
1.103561
1.103561
1.103561
1.103561
1.103561
1.103561
1.103561
1.103561
1.103561
1.103561
1.103561
1.103561
1.103561
1.103561
1.103561
1.103561
1.103561
1.103561
1.103561
1.103561
1.103561
1.103561
1.103561
1.103561
1.103561
1.103561
1.103561
1.103561
1.103561
1.103561
1.103561
1.103561
1.103561
1.103561
1.103561
1.103561
1.103561
1.103561
1.103561
1.103561
1.103561
1.103561
1.103561
1.103561
1.103561
1.103561
1.103561
1.103561
1.103561
1.103561
1.103561
1.103561
1.103561
1.103561
1.103561
1.103561
1.103561
1.103561
1.103561
1.103561
1.103561
1.103561
1.103561
1.103561
1.103561
1.103561
1.103561
1.103561
1.103561
1.103561
1.103561
1.103561
1.103561
1.103561
1.103561
1.103561
1.103561
1.103561
1.103561
1.103561
1.103561
1.103561
1.103561
1.103561
1.103561
1.103561
1.103561
1.103561
1.103561
1.103561
1.103561
1.103561
1.103561
1.103561
1.103561
1.103561
1.103561
1.103561
1.103561
1.103561
1.103561
1.103561
1.103561
1.103561
1.103561
1.103561
1.103561
1.103561
1.103561
1.103561
1.103561
1.103561
1.103561
1.103561
1.103561
1.103561
1.103561
1.103561
1.103561
1.103561
1.103561
1.103561
