0.043225
0.003412
0.014869
0.007612
0.008145
0.006171
0.005489
0.004679
0.004345
0.004178
0.004105
0.003969
0.003830
0.003802
0.003923
0.004125
0.004251
0.004236
0.004047
0.003734
0.003350
0.002956
0.002620
0.002389
0.002320
0.002429
0.002696
0.003051
0.003420
0.003770
0.004149
0.004578
0.005083
0.005592
0.006116
0.006623
0.007187
0.007842
0.008638
0.009569
0.010600
0.011764
0.013124
0.014873
0.017218
0.020412
0.024538
0.029532
0.035217
0.041458
0.048208
0.055395
0.063065
0.071292
0.080329
0.090186
0.570120
0.694071
0.793052
0.885470
0.924137
1.006560
1.064601
1.133906
1.220323
1.312762
1.394026
1.536382
1.716366
1.921199
2.081492
2.191122
2.193671
2.127055
1.998892
1.895278
1.783722
1.729372
1.744725
1.844258
1.983119
2.136678
2.212495
2.309221
2.372136
2.454582
2.553784
2.592927
2.552883
2.107707
2.213898
2.057447
2.024629
2.045931
2.078882
2.107481
2.124946
2.122443
2.093290
2.132407
2.145297
2.148451
2.105770
2.080113
2.047382
1.954608
2.162615
2.286961
2.447378
2.533052
2.584134
2.625316
2.571763
2.439263
2.498209
2.509980
2.817088
3.132040
3.431230
3.620961
3.583558
3.500549
3.491197
3.415542
3.418739
3.457510
3.398786
3.483408
3.420149
3.318436
3.242304
3.186766
3.234743
3.336279
3.496046
3.649097
3.805466
4.009920
3.891480
4.337543
4.519174
4.636637
4.539611
4.040113
4.172265
3.844680
3.676911
3.430448
3.238215
3.078903
3.096133
3.162592
3.195970
3.494325
3.375406
3.613578
3.501704
3.347554
3.221250
3.167296
3.162079
3.134645
3.044404
2.891047
2.787822
2.724303
2.704292
2.636070
2.826862
2.960293
2.671158
3.194257
3.276238
3.398688
3.398752
3.454864
3.476582
3.560352
3.629277
3.892988
4.105916
4.122078
4.087723
3.703678
3.797659
3.630616
3.708005
3.754514
3.577203
3.665568
3.584265
3.645711
3.604290
3.157158
3.826959
4.045320
4.026846
3.981036
3.891346
3.985771
4.132937
4.190198
4.210053
4.160069
4.038432
3.768026
3.953663
3.809171
3.754839
3.300018
3.626574
3.493843
3.377442
3.317414
3.380460
3.449918
2.958213
3.590765
3.639726
3.285946
3.360389
3.226665
3.067566
2.978108
2.946416
3.136610
3.146651
3.248823
3.101559
3.273414
3.130489
3.275774
3.297874
3.151872
2.723908
3.124514
2.579874
2.398499
2.305821
1.902008
1.507087
1.528099
1.402501
1.266007
1.270790
1.273945
1.286235
1.255587
1.214805
1.277086
1.312121
1.414469
1.553897
1.767677
1.851810
2.076130
1.989288
1.861599
1.820111
1.409519
1.372654
1.396922
1.427833
1.470768
1.466190
1.392378
1.328466
1.276130
1.263617
1.292490
1.527656
1.597979
1.612202
1.587657
1.554966
1.112415
1.373142
0.495901
1.066574
0.971204
0.900636
0.844933
0.772509
0.389468
0.702059
0.660880
0.651885
0.664423
0.679483
0.679077
0.678126
0.633853
0.690189
0.721712
0.704095
0.613971
0.635385
0.549553
0.088587
0.087600
0.086576
0.727235
0.848698
0.715891
1.003911
1.035777
1.149721
1.186821
1.089347
0.077891
0.077474
0.077021
0.076459
0.075951
0.075468
0.074998
0.074269
0.073251
0.072022
0.070914
0.070164
0.069761
0.069480
0.069039
0.068381
0.067664
0.067047
0.066538
0.065885
0.064944
0.063695
0.062394
0.061213
0.060328
0.059795
0.059650
0.059823
0.060041
0.060079
0.059716
0.059022
0.058084
0.057084
0.056145
0.055306
0.054564
0.053756
0.052862
0.051834
0.050803
0.049749
0.048681
0.047624
0.046661
0.045899
0.045334
0.044956
0.044722
0.044564
0.044419
0.044190
0.043799
0.043307
0.042828
0.042684
0.042907
0.043577
0.044445
0.045441
0.046252
0.046741
0.046782
0.046458
0.045907
0.045174
0.044386
0.043605
0.042999
0.042564
0.042215
0.041855
0.041463
0.041102
0.040778
0.040442
0.040081
0.039699
0.039408
0.039243
0.039272
0.039352
0.039393
0.039246
0.038982
0.038598
0.038185
0.037694
0.037163
0.036547
0.035920
0.035335
0.034955
0.034871
0.035141
0.035636
0.036207
0.036652
0.036942
0.037016
0.036889
0.036509
0.035965
0.035334
0.034707
0.034050
0.033444
0.032955
0.032712
0.032568
0.032437
0.032166
0.031847
0.031493
0.031147
0.030763
0.030380
0.030121
0.030080
0.030207
0.030369
0.030473
0.030618
0.030837
0.031153
0.031415
0.031555
0.031513
0.031294
0.030958
0.030571
0.030281
0.030094
0.030016
0.029917
0.029815
0.029605
0.029326
0.028927
0.028585
0.028349
0.028287
0.028235
0.028042
0.027552
0.026789
0.025886
0.025030
0.024401
0.024108
0.024161
0.024395
0.024605
0.024684
0.024610
0.024397
0.023960
0.023360
0.022681
0.022144
0.021703
0.021360
0.021038
0.020899
0.020921
0.020957
0.020723
0.020097
0.019226
0.018284
0.017406
0.016540
0.015668
0.014800
0.014032
0.013513
0.013354
0.013582
0.014018
0.014454
0.014744
0.014925
0.015048
0.015145
0.015177
0.015129
0.015012
0.014843
0.014634
0.014316
0.013944
0.013611
0.013568
0.013855
0.014422
0.014955
0.015204
0.014874
0.013993
0.012731
0.011552
0.010805
0.010686
0.011045
0.011548
0.011860
0.011805
0.011414
0.010851
0.010337
0.010066
0.010134
0.010479
0.010978
0.011442
0.011774
0.011881
0.011753
0.011443
0.011055
0.010723
0.010458
0.010300
0.010255
0.010358
0.010528
0.010658
0.010676
0.010581
0.010427
0.010222
0.010063
0.009915
0.009823
0.009677
0.009527
0.009343
0.009186
0.009049
0.008909
0.008782
0.008649
0.008629
0.008703
0.008947
0.009264
0.009634
0.009899
0.010033
0.009997
0.009873
0.009616
0.009277
0.008812
0.008318
0.007781
0.007347
0.007052
0.006950
0.006886
0.006790
0.006668
0.006691
0.006960
0.007448
0.007954
0.008279
0.008307
0.008132
0.007918
0.007819
0.007816
0.007799
0.007643
0.007312
0.006852
0.006381
0.006008
0.005846
0.005914
0.006216
0.006593
0.006931
0.007093
0.007145
0.007084
0.006950
0.006666
0.006315
0.005991
0.005839
0.005868
0.006019
0.006238
0.006479
0.006766
0.007045
0.007290
0.007439
0.007474
0.007396
0.007176
0.006863
0.006482
0.006151
0.005913
0.005800
0.005768
0.005759
0.005749
0.005738
0.005777
0.005882
0.006051
0.006242
0.006434
0.006604
0.006822
0.007122
0.007597
0.008170
0.008712
0.009039
0.009103
0.008981
0.008785
0.008542
0.008244
0.007880
0.007557
0.007382
0.007442
0.007703
0.008081
0.008502
0.008961
0.009499
0.010146
0.010912
0.011762
0.012702
0.013703
0.014777
0.015830
0.016833
0.017816
0.018968
0.020425
0.022101
0.023739
0.024997
0.025702
0.025715
0.025057
0.023766
0.021994
0.019883
0.017583
0.015226
0.012946
0.010860
0.009038
0.007494
0.006220
0.005187
0.004370
0.003693
0.003116
0.002589
0.002135
0.001735
0.001408
0.001121
0.000890
0.000719
0.000662
0.000743
0.000961
0.001244
0.001503
0.001630
0.001603
0.001453
0.001277
0.001119
0.000984
0.000846
0.000711
0.000664
0.000769
0.001050
0.001355
0.001570
0.001588
0.001485
0.001313
0.001196
0.001187
0.001317
0.001524
0.001721
0.001879
0.002005
0.002111
0.002165
0.002128
0.002015
0.001852
0.001669
0.001471
0.001268
0.001089
0.000935
0.000839
0.000803
0.000861
0.000951
0.001030
0.001047
0.001027
0.000977
0.000902
0.000799
0.000689
0.000598
0.000535
0.000484
0.000439
0.000418
0.000470
0.000599
0.000767
0.000888
0.000939
0.000968
0.001047
0.001198
0.001337
0.001408
0.001369
0.001276
0.001134
0.000981
0.000814
0.000679
0.000591
0.000581
0.000625
0.000710
0.000808
0.001002
0.001331
0.001790
0.002172
0.002343
0.002227
0.001961
0.001636
0.001361
0.001127
0.000969
0.000875
0.000859
0.000852
0.000824
0.000737
0.000632
0.000525
0.000449
0.000403
0.000405
0.000443
0.000515
0.000600
0.000675
0.000723
0.000723
0.000695
0.000647
0.000617
0.000594
0.000582
0.000558
0.000527
0.000488
0.000458
0.000466
0.000519
0.000624
0.000761
0.000924
0.001089
0.001232
0.001353
0.001462
0.001582
0.001673
0.001722
0.001706
0.001671
0.001623
0.001560
0.001459
0.001312
0.001141
0.000956
0.000787
0.000657
0.000623
0.000709
0.000893
0.001081
0.001184
0.001160
0.001042
0.000886
0.000739
0.000632
0.000589
0.000617
0.000692
0.000760
0.000781
0.000765
0.000753
0.000779
0.000818
0.000841
0.000816
0.000756
0.000668
0.000572
0.000484
0.000425
0.000403
0.000411
0.000431
0.000448
0.000454
0.000460
0.000471
0.000475
0.000460
0.000421
0.000404
0.000436
0.000521
0.000607
0.000646
0.000636
0.000637
0.000723
0.000922
0.001172
0.001371
0.001449
0.001410
0.001303
0.001153
0.000987
0.000820
0.000693
0.000608
0.000560
0.000525
0.000508
0.000513
0.000541
0.000593
0.000665
0.000774
0.000880
0.000948
0.000941
0.000887
0.000831
0.000782
0.000728
0.000638
0.000528
0.000410
0.000321
0.000281
0.000315
0.000396
0.000484
0.000523
0.000508
0.000461
0.000442
0.000494
0.000606
0.000754
0.000885
0.001000
0.001051
0.001056
0.000995
0.000934
0.000854
0.000779
0.000681
0.000610
0.000581
0.000636
0.000736
0.000848
0.000909
0.000932
0.000925
0.000914
0.000872
0.000796
0.000687
0.000586
0.000506
0.000467
0.000494
0.000601
0.000777
0.000939
0.001038
0.001036
0.000972
0.000886
0.000825
0.000813
0.000818
0.000822
0.000791
0.000743
0.000663
0.000577
0.000502
0.000489
0.000547
0.000647
0.000731
0.000768
0.000784
0.000793
0.000819
0.000831
0.000827
0.000785
0.000731
0.000673
0.000649
0.000655
0.000691
0.000715
0.000708
0.000664
0.000639
0.000695
0.000855
0.001060
0.001216
0.001280
0.001268
0.001246
0.001218
0.001195
0.001137
0.001049
0.000909
0.000750
0.000582
0.000444
0.000349
0.000321
0.000353
0.000443
0.000555
0.000664
0.000716
0.000722
0.000695
0.000700
0.000725
0.000767
0.000772
0.000741
0.000671
0.000608
0.000604
0.000701
0.000875
0.001055
0.001154
0.001141
0.001048
0.000936
0.000855
0.000801
0.000769
0.000744
0.000754
0.000788
0.000852
0.000886
0.000882
0.000810
0.000714
0.000602
0.000507
0.000421
0.000356
0.000308
0.000299
0.000323
0.000390
0.000459
0.000515
0.000524
0.000513
0.000515
0.000565
0.000652
0.000727
0.000773
0.000806
0.000889
0.001037
0.001222
0.001394
0.001508
0.001558
0.001522
0.001420
0.001257
0.001082
0.000929
0.000832
0.000814
0.000846
0.000916
0.000969
0.001001
0.000979
0.000926
0.000867
0.000845
0.000872
0.000934
0.001005
0.001056
0.001068
0.001034
0.000987
0.000961
0.001007
0.001107
0.001219
0.001260
0.001202
0.001047
0.000853
0.000676
0.000555
0.000503
0.000497
0.000518
0.000548
0.000582
0.000607
0.000606
0.000590
0.000565
0.000572
0.000617
0.000719
0.000822
0.000904
0.000904
0.000865
0.000800
0.000785
0.000775
0.000765
0.000704
0.000646
0.000627
0.000683
0.000783
0.000856
0.000856
0.000780
0.000690
0.000635
0.000634
0.000648
0.000636
0.000576
0.000483
0.000381
0.000294
0.000233
0.000209
0.000208
0.000226
0.000247
0.000279
0.000298
0.000309
0.000305
0.000313
0.000325
0.000336
0.000337
0.000344
0.000372
0.000417
0.000465
0.000498
0.000523
0.000532
0.000537
0.000540
0.000570
0.000618
0.000673
0.000694
0.000703
0.000710
0.000756
0.000829
0.000958
0.001123
0.001310
0.001437
0.001480
0.001443
0.001375
0.001291
0.001185
0.001071
0.000973
0.000928
0.000905
0.000890
0.000836
0.000758
0.000664
0.000613
0.000633
0.000733
0.000832
0.000871
0.000807
0.000694
0.000566
0.000473
0.000403
0.000359
0.000326
0.000314
0.000304
0.000299
0.000292
0.000305
0.000348
0.000417
0.000484
0.000516
0.000502
0.000448
0.000382
0.000330
0.000308
0.000329
0.000391
0.000489
0.000593
0.000687
0.000756
0.000796
0.000789
0.000730
0.000626
0.000503
0.000387
0.000297
0.000241
0.000216
0.000209
0.000212
0.000232
0.000274
0.000330
0.000381
0.000428
0.000489
0.000597
0.000733
0.000866
0.000937
0.000929
0.000843
0.000715
0.000588
0.000501
0.000480
0.000519
0.000594
0.000655
0.000675
0.000648
0.000619
0.000627
0.000685
0.000754
0.000785
0.000752
0.000669
0.000564
0.000465
0.000385
0.000331
0.000298
0.000279
0.000281
0.000320
0.000410
0.000515
0.000589
0.000589
0.000530
0.000435
0.000342
0.000266
0.000218
0.000191
0.000179
0.000177
0.000184
0.000204
0.000244
0.000300
0.000362
0.000428
0.000503
0.000598
0.000691
0.000750
0.000744
0.000699
0.000653
0.000637
0.000635
0.000623
0.000584
0.000551
0.000551
0.000601
0.000652
0.000678
0.000648
0.000605
0.000561
0.000558
0.000586
0.000651
0.000706
0.000724
0.000686
0.000626
0.000583
0.000591
0.000645
0.000722
0.000787
0.000815
0.000790
0.000714
0.000609
0.000493
0.000384
0.000304
0.000276
0.000329
0.000448
0.000607
0.000751
0.000857
0.000904
0.000898
0.000851
0.000780
0.000711
0.000639
0.000573
0.000502
0.000446
0.000409
0.000395
0.000389
0.000374
0.000342
0.000299
0.000259
0.000231
0.000225
0.000246
0.000296
0.000354
0.000392
0.000394
0.000365
0.000322
0.000289
0.000289
0.000335
0.000417
0.000491
0.000524
0.000498
0.000440
0.000378
0.000352
0.000382
0.000453
0.000525
0.000550
0.000523
0.000459
0.000394
0.000336
0.000299
0.000277
0.000273
0.000267
0.000267
0.000270
0.000305
0.000361
0.000436
0.000501
0.000553
0.000576
0.000568
0.000539
0.000509
0.000493
0.000488
0.000486
0.000483
0.000479
0.000470
0.000442
0.000394
0.000330
0.000265
0.000212
0.000181
0.000168
0.000167
0.000166
0.000160
0.000149
0.000132
0.000115
0.000109
0.000130
0.000199
0.000304
0.000420
0.000500
0.000528
0.000502
0.000448
0.000389
0.000352
0.000346
0.000372
0.000401
0.000423
0.000427
0.000435
0.000456
0.000510
0.000587
0.000675
0.000742
0.000776
0.000773
0.000744
0.000702
0.000652
0.000593
0.000521
0.000444
0.000372
0.000324
0.000302
0.000303
0.000313
0.000315
0.000305
0.000280
0.000257
0.000232
0.000207
0.000181
0.000169
0.000181
0.000210
0.000237
0.000241
0.000231
0.000223
0.000246
0.000301
0.000380
0.000439
0.000467
0.000453
0.000430
0.000402
0.000390
0.000389
0.000395
0.000400
0.000385
0.000360
0.000329
0.000322
0.000357
0.000448
0.000585
0.000736
0.000868
0.000953
0.000989
0.000965
0.000896
0.000787
0.000677
0.000575
0.000495
0.000429
0.000381
0.000338
0.000299
0.000254
0.000211
0.000177
0.000180
0.000226
0.000317
0.000412
0.000487
0.000512
0.000509
0.000484
0.000469
0.000449
0.000435
0.000417
0.000418
0.000418
0.000410
0.000371
0.000314
0.000260
0.000239
0.000264
0.000315
0.000361
0.000373
0.000358
0.000327
0.000293
0.000261
0.000238
0.000237
0.000274
0.000344
0.000429
0.000485
0.000497
0.000472
0.000458
0.000482
0.000550
0.000629
0.000684
0.000694
0.000657
0.000587
0.000521
0.000491
0.000523
0.000580
0.000625
0.000618
0.000569
0.000491
0.000412
0.000346
0.000298
0.000261
0.000224
0.000183
0.000143
0.000107
0.000081
0.000075
0.000097
0.000153
0.000223
0.000287
0.000330
0.000362
0.000389
0.000417
0.000428
0.000416
0.000373
0.000327
0.000291
0.000292
0.000313
0.000340
0.000350
0.000347
0.000334
0.000323
0.000312
0.000298
0.000271
0.000235
0.000198
0.000169
0.000149
0.000141
0.000146
0.000165
0.000185
0.000196
0.000187
0.000174
0.000168
0.000186
0.000219
0.000256
0.000291
0.000326
0.000370
0.000400
0.000407
0.000379
0.000339
0.000291
0.000252
0.000222
0.000227
0.000267
0.000337
0.000402
0.000445
0.000450
0.000434
0.000401
0.000366
0.000336
0.000328
0.000350
0.000385
0.000413
0.000410
0.000385
0.000345
0.000308
0.000270
0.000231
0.000198
0.000184
0.000203
0.000241
0.000288
0.000325
0.000363
0.000400
0.000440
0.000470
0.000478
0.000456
0.000414
0.000370
0.000338
0.000315
0.000297
0.000271
0.000244
0.000218
0.000212
0.000231
0.000287
0.000376
0.000488
0.000592
0.000652
0.000649
0.000593
0.000514
0.000444
0.000404
0.000390
0.000386
0.000371
0.000338
0.000291
0.000244
0.000210
0.000210
0.000239
0.000295
0.000340
0.000361
0.000339
0.000297
0.000253
0.000234
0.000243
0.000270
0.000294
0.000302
0.000290
0.000265
0.000234
0.000206
0.000182
0.000160
0.000142
0.000126
0.000114
0.000102
0.000092
0.000084
0.000084
0.000084
0.000082
0.000076
0.000079
0.000100
0.000145
0.000198
0.000238
0.000253
0.000244
0.000226
0.000212
0.000212
0.000215
0.000212
0.000192
0.000169
0.000161
0.000200
0.000294
0.000419
0.000519
0.000564
0.000554
0.000524
0.000479
0.000428
0.000363
0.000309
0.000279
0.000283
0.000305
0.000329
0.000343
0.000336
0.000317
0.000295
0.000292
0.000302
0.000321
0.000333
0.000347
0.000351
0.000344
0.000313
0.000269
0.000220
0.000179
0.000154
0.000146
0.000155
0.000165
0.000170
0.000157
0.000135
0.000110
0.000095
0.000097
0.000118
0.000142
0.000160
0.000162
0.000155
0.000141
0.000123
0.000111
0.000114
0.000145
0.000191
0.000245
0.000287
0.000325
0.000359
0.000397
0.000435
0.000467
0.000479
0.000464
0.000426
0.000376
0.000328
0.000294
0.000283
0.000305
0.000348
0.000395
0.000421
0.000416
0.000385
0.000343
0.000314
0.000298
0.000299
0.000317
0.000359
0.000422
0.000488
0.000538
0.000557
0.000544
0.000515
0.000494
0.000506
0.000537
0.000577
0.000596
0.000596
0.000560
0.000511
0.000459
0.000431
0.000411
0.000393
0.000353
0.000308
0.000258
0.000219
0.000183
0.000152
0.000127
0.000122
0.000157
0.000230
0.000326
0.000399
0.000436
0.000424
0.000394
0.000355
0.000328
0.000305
0.000285
0.000264
0.000255
0.000251
0.000247
0.000228
0.000199
0.000164
0.000135
0.000117
0.000113
0.000123
0.000146
0.000179
0.000208
0.000228
0.000242
0.000259
0.000290
0.000317
0.000333
0.000325
0.000307
0.000279
0.000249
0.000217
0.000189
0.000171
0.000166
0.000174
0.000194
0.000234
0.000289
0.000350
0.000393
0.000407
0.000387
0.000348
0.000302
0.000265
0.000247
0.000249
0.000258
0.000258
0.000246
0.000226
0.000207
0.000187
0.000166
0.000142
0.000121
0.000111
0.000119
0.000133
0.000149
0.000159
0.000176
0.000205
0.000249
0.000298
0.000337
0.000361
0.000371
0.000378
0.000386
0.000396
0.000401
0.000404
0.000411
0.000432
0.000460
0.000478
0.000465
0.000424
0.000377
0.000342
0.000316
0.000288
0.000248
0.000215
0.000202
0.000228
0.000267
0.000306
0.000328
0.000349
0.000367
0.000378
0.000367
0.000340
0.000307
0.000283
0.000271
0.000265
0.000252
0.000227
0.000197
0.000173
0.000161
0.000161
0.000165
0.000180
0.000215
0.000272
0.000339
0.000388
0.000398
0.000369
0.000318
0.000260
0.000208
0.000169
0.000146
0.000139
0.000146
0.000170
0.000212
0.000262
0.000301
0.000316
0.000312
0.000314
0.000328
0.000350
0.000363
0.000367
0.000366
0.000377
0.000402
0.000439
0.000466
0.000473
0.000444
0.000398
0.000354
0.000344
0.000357
0.000375
0.000367
0.000332
0.000279
0.000228
0.000190
0.000166
0.000156
0.000155
0.000157
0.000155
0.000144
0.000126
0.000108
0.000093
0.000082
0.000072
0.000065
0.000059
0.000059
0.000063
0.000073
0.000093
0.000135
0.000202
0.000289
0.000376
0.000438
0.000457
0.000434
0.000384
0.000338
0.000326
0.000366
0.000434
0.000493
0.000504
0.000470
0.000408
0.000345
0.000288
0.000240
0.000202
0.000182
0.000188
0.000221
0.000275
0.000340
0.000400
0.000437
0.000445
0.000436
0.000429
0.000429
0.000428
0.000415
0.000391
0.000360
0.000330
0.000304
0.000284
0.000277
0.000285
0.000308
0.000327
0.000333
0.000326
0.000322
0.000335
0.000363
0.000400
0.000436
0.000466
0.000481
0.000475
0.000445
0.000403
0.000359
0.000320
0.000284
0.000249
0.000216
0.000194
0.000190
0.000212
0.000254
0.000310
0.000364
0.000402
0.000412
0.000396
0.000363
0.000321
0.000279
0.000241
0.000218
0.000206
0.000200
0.000188
0.000178
0.000175
0.000194
0.000224
0.000255
0.000276
0.000293
0.000317
0.000352
0.000404
0.000469
0.000540
0.000596
0.000621
0.000609
0.000565
0.000504
0.000437
0.000376
0.000322
0.000274
0.000229
0.000189
0.000159
0.000135
0.000123
0.000123
0.000150
0.000190
0.000231
0.000248
0.000239
0.000210
0.000176
0.000145
0.000121
0.000104
0.000094
0.000095
0.000105
0.000117
0.000123
0.000122
0.000122
0.000121
0.000122
0.000124
0.000127
0.000134
0.000145
0.000162
0.000178
0.000196
0.000204
0.000201
0.000182
0.000158
0.000134
0.000124
0.000123
0.000131
0.000142
0.000157
0.000173
0.000189
0.000200
0.000207
0.000213
0.000219
0.000223
0.000225
0.000231
0.000239
0.000246
0.000240
0.000222
0.000192
0.000164
0.000146
0.000148
0.000166
0.000192
0.000206
0.000205
0.000183
0.000153
0.000120
0.000090
0.000066
0.000047
0.000034
0.000028
0.000032
0.000049
0.000069
0.000089
0.000097
0.000100
0.000099
0.000102
0.000109
0.000115
0.000115
0.000105
0.000094
0.000093
0.000110
0.000143
0.000182
0.000208
0.000214
0.000203
0.000197
0.000207
0.000243
0.000284
0.000313
0.000310
0.000286
0.000256
0.000241
0.000244
0.000256
0.000268
0.000267
0.000252
0.000222
0.000186
0.000149
0.000119
0.000100
0.000099
0.000116
0.000146
0.000171
0.000180
0.000168
0.000145
0.000119
0.000097
0.000079
0.000067
0.000060
0.000057
0.000058
0.000059
0.000063
0.000071
0.000083
0.000095
0.000105
0.000106
0.000100
0.000091
0.000089
0.000103
0.000134
0.000172
0.000208
0.000236
0.000256
0.000275
0.000293
0.000310
0.000314
0.000305
0.000289
0.000274
0.000263
0.000249
0.000226
0.000192
0.000156
0.000125
0.000107
0.000103
0.000117
0.000141
0.000167
0.000181
0.000184
0.000181
0.000183
0.000193
0.000209
0.000228
0.000240
0.000245
0.000237
0.000220
0.000197
0.000177
0.000167
0.000167
0.000172
0.000172
0.000169
0.000172
0.000194
0.000245
0.000312
0.000388
0.000454
0.000509
0.000540
0.000553
0.000552
0.000541
0.000514
0.000468
0.000407
0.000345
0.000291
0.000245
0.000209
0.000182
0.000166
0.000154
0.000141
0.000126
0.000119
0.000128
0.000162
0.000200
0.000232
0.000239
0.000234
0.000219
0.000202
0.000181
0.000156
0.000133
0.000111
0.000097
0.000090
0.000095
0.000116
0.000157
0.000215
0.000270
0.000311
0.000331
0.000349
0.000360
0.000368
0.000356
0.000332
0.000296
0.000262
0.000242
0.000240
0.000261
0.000287
0.000305
0.000295
0.000270
0.000244
0.000240
0.000267
0.000335
0.000427
0.000524
0.000579
0.000582
0.000532
0.000464
0.000396
0.000342
0.000301
0.000271
0.000250
0.000238
0.000242
0.000265
0.000308
0.000348
0.000367
0.000350
0.000308
0.000250
0.000194
0.000145
0.000112
0.000096
0.000093
0.000094
0.000091
0.000091
0.000110
0.000157
0.000225
0.000290
0.000341
0.000379
0.000410
0.000431
0.000434
0.000423
0.000399
0.000367
0.000321
0.000267
0.000214
0.000174
0.000151
0.000143
0.000144
0.000153
0.000173
0.000207
0.000239
0.000260
0.000259
0.000246
0.000226
0.000208
0.000198
0.000201
0.000217
0.000243
0.000264
0.000273
0.000263
0.000242
0.000219
0.000206
0.000206
0.000210
0.000206
0.000187
0.000162
0.000137
0.000120
0.000108
0.000100
0.000090
0.000079
0.000074
0.000085
0.000116
0.000159
0.000192
0.000205
0.000192
0.000166
0.000134
0.000110
0.000096
0.000102
0.000126
0.000170
0.000215
0.000255
0.000273
0.000274
0.000254
0.000223
0.000182
0.000143
0.000112
0.000095
0.000094
0.000116
0.000166
0.000245
0.000339
0.000410
0.000437
0.000416
0.000378
0.000351
0.000358
0.000396
0.000441
0.000462
0.000447
0.000404
0.000354
0.000308
0.000273
0.000261
0.000274
0.000308
0.000336
0.000345
0.000332
0.000321
0.000319
0.000331
0.000340
0.000344
0.000334
0.000320
0.000298
0.000275
0.000252
0.000240
0.000242
0.000260
0.000280
0.000296
0.000297
0.000289
0.000269
0.000243
0.000211
0.000180
0.000160
0.000154
0.000159
0.000165
0.000167
0.000170
0.000178
0.000198
0.000228
0.000262
0.000283
0.000283
0.000266
0.000238
0.000208
0.000189
0.000198
0.000244
0.000310
0.000365
0.000383
0.000362
0.000319
0.000268
0.000221
0.000185
0.000175
0.000191
0.000230
0.000272
0.000296
0.000293
0.000263
0.000221
0.000180
0.000146
0.000119
0.000106
0.000115
0.000150
0.000195
0.000241
0.000277
0.000311
0.000335
0.000340
0.000323
0.000308
0.000323
0.000376
0.000436
0.000469
0.000457
0.000416
0.000372
0.000343
0.000334
0.000336
0.000340
0.000345
0.000361
0.000391
0.000427
0.000447
0.000440
0.000404
0.000359
0.000320
0.000302
0.000299
0.000299
0.000288
0.000263
0.000225
0.000184
0.000151
0.000139
0.000156
0.000197
0.000237
0.000255
0.000241
0.000211
0.000177
0.000148
0.000125
0.000109
0.000102
0.000104
0.000111
0.000118
0.000126
0.000139
0.000153
0.000164
0.000169
0.000174
0.000181
0.000200
0.000228
0.000268
0.000299
0.000318
0.000319
0.000317
0.000302
0.000279
0.000244
0.000213
0.000191
0.000188
0.000199
0.000220
0.000243
0.000257
0.000261
0.000256
0.000254
0.000254
0.000258
0.000259
0.000258
0.000252
0.000242
0.000226
0.000203
0.000174
0.000145
0.000132
0.000152
0.000211
0.000299
0.000394
0.000473
0.000523
0.000538
0.000528
0.000509
0.000508
0.000535
0.000582
0.000625
0.000640
0.000618
0.000560
0.000485
0.000407
0.000348
0.000313
0.000300
0.000289
0.000270
0.000237
0.000201
0.000172
0.000153
0.000143
0.000137
0.000135
0.000138
0.000155
0.000191
0.000249
0.000314
0.000387
0.000459
0.000527
0.000566
0.000564
0.000518
0.000451
0.000384
0.000343
0.000344
0.000388
0.000452
0.000499
0.000507
0.000474
0.000415
0.000344
0.000274
0.000214
0.000169
0.000150
0.000153
0.000175
0.000208
0.000243
0.000277
0.000303
0.000317
0.000322
0.000327
0.000346
0.000367
0.000383
0.000377
0.000357
0.000333
0.000325
0.000349
0.000408
0.000480
0.000531
0.000542
0.000512
0.000464
0.000413
0.000371
0.000333
0.000301
0.000270
0.000242
0.000214
0.000185
0.000156
0.000130
0.000112
0.000102
0.000104
0.000120
0.000148
0.000182
0.000212
0.000230
0.000231
0.000224
0.000208
0.000189
0.000173
0.000174
0.000199
0.000236
0.000264
0.000270
0.000253
0.000224
0.000189
0.000156
0.000127
0.000108
0.000108
0.000139
0.000206
0.000290
0.000376
0.000449
0.000511
0.000548
0.000559
0.000527
0.000469
0.000388
0.000307
0.000231
0.000171
0.000130
0.000113
0.000121
0.000141
0.000162
0.000174
0.000189
0.000213
0.000244
0.000269
0.000274
0.000257
0.000223
0.000183
0.000148
0.000125
0.000117
0.000121
0.000139
0.000165
0.000195
0.000211
0.000209
0.000185
0.000156
0.000129
0.000121
0.000132
0.000165
0.000207
0.000254
0.000287
0.000300
0.000288
0.000262
0.000231
0.000202
0.000176
0.000152
0.000133
0.000118
0.000105
0.000096
0.000097
0.000112
0.000141
0.000178
0.000210
0.000235
0.000257
0.000279
0.000305
0.000327
0.000342
0.000337
0.000315
0.000274
0.000227
0.000179
0.000142
0.000124
0.000134
0.000165
0.000196
0.000213
0.000202
0.000176
0.000143
0.000114
0.000091
0.000079
0.000077
0.000081
0.000085
0.000088
0.000092
0.000098
0.000102
0.000103
0.000096
0.000087
0.000078
0.000073
0.000071
0.000069
0.000065
0.000057
0.000048
0.000040
0.000035
0.000034
0.000038
0.000044
0.000049
0.000057
0.000071
0.000097
0.000120
0.000134
0.000129
0.000115
0.000098
0.000089
0.000095
0.000120
0.000163
0.000211
0.000250
0.000262
0.000249
0.000215
0.000175
0.000145
0.000137
0.000161
0.000205
0.000251
0.000272
0.000264
0.000231
0.000189
0.000147
0.000117
0.000100
0.000100
0.000107
0.000118
0.000123
0.000127
0.000131
0.000141
0.000153
0.000165
0.000175
0.000181
0.000185
0.000190
0.000201
0.000232
0.000285
0.000352
0.000400
0.000412
0.000384
0.000344
0.000310
0.000295
0.000291
0.000290
0.000286
0.000275
0.000262
0.000246
0.000240
0.000246
0.000272
0.000302
0.000325
0.000324
0.000312
0.000306
0.000322
0.000350
0.000368
0.000356
0.000316
0.000263
0.000210
0.000175
0.000164
0.000187
0.000217
0.000238
0.000228
0.000204
0.000171
0.000142
0.000115
0.000091
0.000075
0.000073
0.000088
0.000114
0.000136
0.000144
0.000137
0.000124
0.000114
0.000109
0.000109
0.000114
0.000122
0.000134
0.000147
0.000163
0.000178
0.000197
0.000212
0.000225
0.000228
0.000217
0.000192
0.000165
0.000145
0.000137
0.000133
0.000135
0.000145
0.000173
0.000204
0.000229
0.000232
0.000226
0.000213
0.000202
0.000198
0.000204
0.000226
0.000254
0.000286
0.000320
0.000351
0.000381
0.000398
0.000409
0.000405
0.000386
0.000348
0.000299
0.000251
0.000216
0.000201
0.000205
0.000213
0.000215
0.000204
0.000193
0.000182
0.000178
0.000171
0.000164
0.000153
0.000139
0.000122
0.000103
0.000085
0.000072
0.000074
0.000094
0.000136
0.000176
0.000200
0.000195
0.000173
0.000141
0.000111
0.000089
0.000082
0.000094
0.000115
0.000134
0.000147
0.000165
0.000208
0.000270
0.000335
0.000369
0.000372
0.000348
0.000320
0.000287
0.000252
0.000212
0.000177
0.000154
0.000152
0.000162
0.000178
0.000187
0.000190
0.000181
0.000166
0.000143
0.000120
0.000097
0.000079
0.000064
0.000053
0.000046
0.000052
0.000072
0.000112
0.000151
0.000180
0.000194
0.000210
0.000239
0.000278
0.000320
0.000354
0.000392
0.000417
0.000425
0.000398
0.000351
0.000299
0.000262
0.000242
0.000233
0.000222
0.000204
0.000176
0.000146
0.000117
0.000098
0.000093
0.000107
0.000125
0.000143
0.000154
0.000179
0.000218
0.000265
0.000296
0.000300
0.000275
0.000233
0.000185
0.000140
0.000104
0.000080
0.000067
0.000065
0.000066
0.000069
0.000073
0.000082
0.000093
0.000107
0.000126
0.000160
0.000211
0.000277
0.000330
0.000363
0.000377
0.000403
0.000438
0.000473
0.000474
0.000443
0.000393
0.000346
0.000306
0.000277
0.000254
0.000244
0.000238
0.000237
0.000230
0.000223
0.000208
0.000187
0.000159
0.000134
0.000116
0.000110
0.000117
0.000130
0.000144
0.000155
0.000163
0.000167
0.000168
0.000170
0.000180
0.000192
0.000199
0.000190
0.000171
0.000147
0.000128
0.000114
0.000102
0.000091
0.000083
0.000079
0.000081
0.000086
0.000093
0.000098
0.000103
0.000109
0.000122
0.000141
0.000169
0.000202
0.000243
0.000288
0.000319
0.000324
0.000294
0.000247
0.000193
0.000148
0.000113
0.000092
0.000081
0.000082
0.000099
0.000137
0.000182
0.000216
0.000225
0.000214
0.000196
0.000176
0.000160
0.000145
0.000136
0.000125
0.000113
0.000099
0.000085
0.000071
0.000058
0.000047
0.000039
0.000037
0.000041
0.000052
0.000072
0.000095
0.000113
0.000118
0.000113
0.000101
0.000092
0.000090
0.000098
0.000117
0.000149
0.000196
0.000258
0.000317
0.000362
0.000371
0.000355
0.000314
0.000268
0.000223
0.000192
0.000178
0.000178
0.000195
0.000226
0.000279
0.000346
0.000424
0.000488
0.000526
0.000524
0.000491
0.000443
0.000397
0.000356
0.000314
0.000266
0.000223
0.000200
0.000213
0.000255
0.000309
0.000357
0.000389
0.000402
0.000401
0.000401
0.000411
0.000433
0.000458
0.000475
0.000471
0.000438
0.000378
0.000311
0.000252
0.000215
0.000193
0.000179
0.000162
0.000144
0.000123
0.000105
0.000088
0.000073
0.000062
0.000057
0.000059
0.000064
0.000067
0.000063
0.000061
0.000070
0.000097
0.000144
0.000201
0.000261
0.000317
0.000369
0.000409
0.000430
0.000433
0.000418
0.000392
0.000352
0.000313
0.000284
0.000279
0.000283
0.000284
0.000273
0.000268
0.000279
0.000307
0.000329
0.000334
0.000321
0.000310
0.000307
0.000322
0.000346
0.000384
0.000412
0.000419
0.000389
0.000340
0.000279
0.000228
0.000190
0.000173
0.000165
0.000164
0.000160
0.000160
0.000158
0.000157
0.000153
0.000148
0.000139
0.000126
0.000113
0.000105
0.000101
0.000100
0.000104
0.000113
0.000129
0.000140
0.000152
0.000170
0.000216
0.000286
0.000362
0.000408
0.000418
0.000401
0.000391
0.000400
0.000431
0.000467
0.000489
0.000482
0.000444
0.000387
0.000330
0.000290
0.000271
0.000262
0.000249
0.000224
0.000191
0.000158
0.000134
0.000119
0.000110
0.000106
0.000104
0.000111
0.000129
0.000163
0.000214
0.000279
0.000345
0.000391
0.000407
0.000383
0.000337
0.000278
0.000229
0.000198
0.000193
0.000197
0.000202
0.000200
0.000205
0.000224
0.000252
0.000277
0.000283
0.000275
0.000263
0.000256
0.000259
0.000260
0.000253
0.000229
0.000197
0.000160
0.000133
0.000114
0.000105
0.000101
0.000103
0.000115
0.000144
0.000184
0.000220
0.000240
0.000242
0.000234
0.000220
0.000202
0.000187
0.000184
0.000200
0.000227
0.000254
0.000264
0.000257
0.000232
0.000201
0.000179
0.000177
0.000190
0.000206
0.000211
0.000203
0.000186
0.000165
0.000145
0.000125
0.000111
0.000101
0.000100
0.000100
0.000101
0.000099
0.000103
0.000129
0.000188
0.000283
0.000380
0.000453
0.000472
0.000456
0.000418
0.000380
0.000346
0.000317
0.000294
0.000278
0.000266
0.000250
0.000226
0.000194
0.000163
0.000136
0.000120
0.000117
0.000129
0.000144
0.000155
0.000161
0.000170
0.000185
0.000200
0.000210
0.000215
0.000221
0.000235
0.000256
0.000279
0.000300
0.000313
0.000316
0.000306
0.000289
0.000271
0.000256
0.000244
0.000227
0.000204
0.000173
0.000142
0.000115
0.000096
0.000088
0.000091
0.000100
0.000115
0.000126
0.000139
0.000146
0.000154
0.000153
0.000146
0.000126
0.000104
0.000085
0.000083
0.000105
0.000148
0.000194
0.000234
0.000264
0.000287
0.000301
0.000304
0.000306
0.000317
0.000349
0.000392
0.000436
0.000460
0.000454
0.000420
0.000366
0.000311
0.000263
0.000224
0.000193
0.000166
0.000149
0.000137
0.000130
0.000122
0.000111
0.000096
0.000080
0.000066
0.000056
0.000054
0.000060
0.000078
0.000100
0.000129
0.000158
0.000190
0.000214
0.000224
0.000225
0.000227
0.000252
0.000298
0.000354
0.000391
0.000397
0.000368
0.000321
0.000274
0.000243
0.000224
0.000210
0.000189
0.000166
0.000149
0.000150
0.000165
0.000185
0.000193
0.000186
0.000171
0.000167
0.000185
0.000224
0.000267
0.000299
0.000308
0.000291
0.000263
0.000238
0.000233
0.000239
0.000244
0.000234
0.000213
0.000190
0.000181
0.000191
0.000230
0.000285
0.000366
0.000453
0.000546
0.000601
0.000617
0.000595
0.000572
0.000548
0.000516
0.000461
0.000392
0.000329
0.000293
0.000277
0.000276
0.000281
0.000301
0.000340
0.000394
0.000460
0.000506
0.000522
0.000486
0.000428
0.000355
0.000290
0.000227
0.000175
0.000134
0.000108
0.000100
0.000114
0.000145
0.000180
0.000211
0.000233
0.000253
0.000263
0.000260
0.000232
0.000195
0.000151
0.000114
0.000086
0.000075
0.000087
0.000121
0.000166
0.000201
0.000214
0.000203
0.000187
0.000185
0.000222
0.000281
0.000344
0.000375
0.000373
0.000338
0.000288
0.000237
0.000196
0.000177
0.000176
0.000187
0.000198
0.000205
0.000206
0.000207
0.000211
0.000215
0.000216
0.000208
0.000195
0.000186
0.000184
0.000195
0.000214
0.000242
0.000269
0.000292
0.000298
0.000285
0.000252
0.000217
0.000186
0.000174
0.000170
0.000172
0.000176
0.000193
0.000226
0.000263
0.000288
0.000287
0.000272
0.000259
0.000269
0.000304
0.000345
0.000373
0.000376
0.000366
0.000349
0.000334
0.000321
0.000312
0.000303
0.000287
0.000261
0.000231
0.000211
0.000200
0.000196
0.000187
0.000173
0.000154
0.000136
0.000123
0.000113
0.000106
0.000101
0.000102
0.000104
0.000107
0.000110
0.000117
0.000123
0.000125
0.000121
0.000119
0.000126
0.000139
0.000160
0.000186
0.000223
0.000251
0.000261
0.000239
0.000206
0.000171
0.000154
0.000150
0.000157
0.000160
0.000156
0.000145
0.000137
0.000140
0.000150
0.000163
0.000171
0.000174
0.000182
0.000205
0.000250
0.000291
0.000319
0.000316
0.000309
0.000306
0.000326
0.000354
0.000387
0.000406
0.000409
0.000393
0.000364
0.000337
0.000322
0.000333
0.000358
0.000389
0.000407
0.000413
0.000403
0.000387
0.000368
0.000347
0.000324
0.000294
0.000260
0.000222
0.000185
0.000151
0.000129
0.000120
0.000123
0.000132
0.000142
0.000151
0.000153
0.000154
0.000154
0.000167
0.000185
0.000205
0.000215
0.000217
0.000210
0.000199
0.000191
0.000184
0.000185
0.000191
0.000206
0.000219
0.000234
0.000247
0.000273
0.000291
0.000297
0.000279
0.000254
0.000228
0.000211
0.000206
0.000218
0.000243
0.000261
0.000264
0.000254
0.000254
0.000267
0.000289
0.000298
0.000284
0.000250
0.000206
0.000166
0.000137
0.000121
0.000111
0.000101
0.000087
0.000071
0.000055
0.000045
0.000041
0.000046
0.000059
0.000084
0.000119
0.000162
0.000198
0.000220
0.000221
0.000208
0.000190
0.000177
0.000173
0.000170
0.000163
0.000148
0.000141
0.000150
0.000180
0.000219
0.000268
0.000324
0.000384
0.000433
0.000459
0.000459
0.000442
0.000416
0.000382
0.000341
0.000294
0.000252
0.000216
0.000188
0.000161
0.000138
0.000119
0.000109
0.000108
0.000120
0.000139
0.000166
0.000198
0.000237
0.000275
0.000308
0.000326
0.000338
0.000356
0.000384
0.000413
0.000422
0.000405
0.000363
0.000314
0.000274
0.000257
0.000262
0.000282
0.000308
0.000326
0.000326
0.000300
0.000258
0.000207
0.000161
0.000125
0.000105
0.000105
0.000125
0.000153
0.000176
0.000180
0.000166
0.000140
0.000110
0.000083
0.000062
0.000051
0.000062
0.000102
0.000172
0.000248
0.000309
0.000340
0.000351
0.000341
0.000319
0.000278
0.000230
0.000182
0.000147
0.000132
0.000137
0.000148
0.000157
0.000158
0.000165
0.000195
0.000264
0.000361
0.000461
0.000520
0.000527
0.000487
0.000424
0.000353
0.000283
0.000223
0.000173
0.000138
0.000121
0.000125
0.000145
0.000171
0.000193
0.000213
0.000236
0.000260
0.000276
0.000278
0.000271
0.000263
0.000255
0.000243
0.000224
0.000204
0.000190
0.000192
0.000209
0.000235
0.000256
0.000269
0.000272
0.000274
0.000272
0.000264
0.000243
0.000211
0.000172
0.000136
0.000108
0.000094
0.000092
0.000109
0.000148
0.000212
0.000276
0.000324
0.000345
0.000362
0.000378
0.000401
0.000409
0.000404
0.000372
0.000325
0.000264
0.000211
0.000176
0.000178
0.000210
0.000258
0.000295
0.000318
0.000334
0.000358
0.000374
0.000375
0.000353
0.000328
0.000299
0.000282
0.000274
0.000290
0.000311
0.000322
0.000303
0.000263
0.000213
0.000165
0.000125
0.000100
0.000097
0.000119
0.000152
0.000182
0.000195
0.000194
0.000182
0.000165
0.000144
0.000120
0.000103
0.000096
0.000111
0.000143
0.000194
0.000240
0.000271
0.000272
0.000265
0.000264
0.000286
0.000317
0.000347
0.000362
0.000370
0.000367
0.000355
0.000331
0.000304
0.000272
0.000244
0.000217
0.000197
0.000179
0.000164
0.000147
0.000135
0.000132
0.000149
0.000181
0.000220
0.000250
0.000258
0.000243
0.000209
0.000168
0.000128
0.000094
0.000066
0.000046
0.000031
0.000021
0.000014
0.000009
0.000006
0.000004
0.000002
0.000001
0.000001
0.000001
0.000000
0.000000
0.000000
0.000000
0.000000
0.000000
0.000000
0.000000
0.000000
0.000000
0.000000
0.000000
0.000000
0.000000
0.000000
0.000000
0.000000
0.000000
0.000000
0.000000
0.000000
0.000000
0.000000
0.000000
0.000000
0.000000
0.000000
0.000000
0.000000
0.000000
0.000000
0.000000
0.000000
0.000000
0.000000
0.000000
0.000000
0.000000
0.000000
0.000000
0.000000
0.000000
0.000000
0.000000
0.000000
0.000000
0.000000
0.000000
0.000000
0.000000
0.000000
0.000000
0.000000
0.000000
0.000000
0.000000
0.000000
0.000000
0.000000
0.000000
0.000000
0.000000
0.000000
0.000000
0.000000
0.000000
0.000000
0.000000
0.000000
0.000000
0.000000
0.000000
0.000000
0.000000
0.000000
0.000000
0.000000
0.000000
0.000000
0.000000
0.000000
0.000000
0.000000
0.000000
0.000000
0.000000
0.000000
0.000000
0.000000
0.000000
0.000000
0.000000
0.000000
0.000000
0.000000
0.000000
0.000000
0.000000
0.000000
0.000000
0.000000
0.000000
0.000000
0.000000
0.000000
0.000000
0.000000
0.000000
0.000000
0.000000
0.000000
0.000000
0.000000
0.000000
0.000000
0.000000
0.000000
0.000000
0.000000
0.000000
0.000000
0.000000
0.000000
0.000000
0.000000
0.000000
0.000000
0.000000
0.000000
0.000000
0.000000
0.000000
